# x y vx vy theta radius
11.838529 20.206228 0.4278894 -0.14298109 5.9981579 0.5
20.626792 24.362958 0 0 1.764168 0.5
3.5675749 22.469221 0 0 3.951996 0.5
4.0252958 16.633587 0 0 4.259518 0.5
0.96621976 10.726565 0 0 1.882067 0.5
25.678135 17.50454 0 0 0.92276 0.5
23.40818 7.7324854 0 0 4.981497 0.5
16.928335 10.012275 0 0 0.663689 0.5
2.6949339 12.802308 0 0 4.599871 0.5
5.2120109 8.7196778 0 0 3.315122 0.5
23.149965 17.358212 0 0 5.224588 0.5
21.044449 2.5559698 0 0 4.739779 0.5
21.544109 7.0876848 0 0 0.624425 0.5
22.978264 20.878259 0 0 0.734434 0.5
24.382577 19.315507 0 0 4.989084 0.5
11.177043 26.646607 0 0 2.508867 0.5
20.005137 2.1318089 0 0 5.939565 0.5
2.5663288 18.79676 0 0 0.028815 0.5
6.8500139 2.6211871 0 0 3.449449 0.5
11.316581 0.83393277 0 0 0.592282 0.5
3.6728037 20.751438 0 0 6.045768 0.5
3.6569228 15.57322 0 0 0.890473 0.5
4.735391 12.539533 0 0 2.353219 0.5
24.010478 21.333985 0 0 1.672869 0.5
0.73835077 11.825827 0 0 4.21507 0.5
15.817247 1.8577133 0 0 0.4829 0.5
9.0805503 24.199725 0 0 6.274711 0.5
13.575228 1.7120132 0 0 1.301021 0.5
16.902875 0.87972485 0 0 3.538852 0.5
4.1959574 6.7191231 0 0 1.72413 0.5
20.194117 25.921276 0 0 0.779811 0.5
6.0442834 23.399055 0 0 1.209651 0.5
7.1196248 23.07003 0 0 5.377079 0.5
15.742462 26.103251 0 0 3.122843 0.5
5.1522778 16.85055 0 0 4.105439 0.5
3.9942816 11.136942 0 0 2.246795 0.5
2.8387097 6.5158084 0 0 3.468535 0.5
8.7883515 14.786638 0 0 5.532293 0.5
2.6262192 13.924848 0 0 0.531572 0.5
4.802006 18.739326 0 0 5.261584 0.5
24.409432 5.5036988 0 0 0.040113 0.5
6.9524098 14.320574 0 0 4.576591 0.5
8.06899 22.450723 0 0 0.209824 0.5
21.800168 18.492163 0 0 1.770879 0.5
25.532476 9.325872 0 0 4.791815 0.5
25.68176 7.3582885 0 0 2.522673 0.5
24.649247 20.408371 0 0 3.232151 0.5
4.7900743 20.641829 0 0 0.943125 0.5
10.127137 21.417138 0 0 1.031271 0.5
1.2850035 9.6492798 0 0 1.523797 0.5
18.442113 24.090725 0 0 1.787492 0.5
4.1407279 8.340116 0 0 3.056837 0.5
3.2506336 17.597092 0 0 3.332967 0.5
5.896803 15.811928 0 0 3.889918 0.5
14.480306 27.422489 0 0 1.775857 0.5
24.619496 9.9989309 0 0 4.33857 0.5
0.56150412 14.062076 0 0 2.652322 0.5
23.496565 9.987821 0 0 1.360759 0.5
13.549383 0.56889608 0 0 1.350476 0.5
3.3821748 7.4980589 0 0 3.139709 0.5
14.67467 0.57876557 0 0 3.877928 0.5
6.9702506 24.196842 0 0 4.111005 0.5
20.479796 23.195666 0 0 4.354529 0.5
2.2563794 7.4792926 0 0 1.958136 0.5
26.661775 9.5007708 0 0 1.935129 0.5
8.2066508 21.066752 0 0 0.983243 0.5
2.8991468 21.565467 0 0 4.524452 0.5
14.134014 2.72283 0 0 4.628506 0.5
6.2286709 10.825186 0 0 4.619789 0.5
3.6620696 12.20989 0 0 6.246698 0.5
5.5861451 4.9677823 0 0 2.597917 0.5
19.048649 2.736859 0 0 5.540445 0.5
1.6767969 13.318241 0 0 1.135786 0.5
4.1933384 19.682957 0 0 0.649744 0.5
2.9154881 16.452908 0 0 4.647872 0.5
8.8504504 1.5923465 0 0 3.116928 0.5
20.062372 7.348372 0 0 1.058365 0.5
4.3716417 17.702558 0 0 1.223223 0.5
5.9201934 3.2681264 0 0 6.185729 0.5
4.2433263 4.7596315 0 0 5.03693 0.5
7.141155 19.385603 0 0 0.158334 0.5
1.8317527 12.08071 0 0 0.09489 0.5
23.6134 18.394731 0 0 3.182579 0.5
5.5481542 9.8451609 0 0 5.999337 0.5
20.25595 20.586564 0 0 0.712677 0.5
21.117976 14.400597 0 0 1.70588 0.5
2.1384498 17.756569 0 0 5.092516 0.5
1.7886405 19.610615 0 0 0.506989 0.5
9.918222 1.2153316 0 0 4.452103 0.5
27.000532 10.596717 0 0 3.429354 0.5
6.3013132 22.298343 0 0 5.942963 0.5
6.7857628 12.243661 0 0 2.062723 0.5
19.501744 25.031577 0 0 2.598321 0.5
5.5262285 6.5841952 0 0 6.159219 0.5
20.692852 6.2740079 0 0 1.488917 0.5
1.019059 17.472368 0 0 1.927238 0.5
22.244893 8.8728422 0 0 3.98558 0.5
8.0737372 23.676569 0 0 3.515453 0.5
26.000659 11.540519 0 0 3.362574 0.5
11.176734 21.988996 0 0 2.617045 0.5
21.770296 4.2890879 0 0 4.416501 0.5
22.676239 6.8790162 0 0 2.357123 0.5
15.634091 27.317577 0 0 0.027213 0.5
25.746509 10.42933 0 0 3.270335 0.5
6.2111024 13.320999 0 0 5.133302 0.5
4.7276575 14.665814 0 0 4.163048 0.5
8.3801675 3.0439299 0 0 3.93618 0.5
7.2185147 8.0353893 0 0 5.951127 0.5
26.266198 19.453202 0 0 4.082451 0.5
17.860582 3.4646144 0 0 1.780305 0.5
26.168469 8.3717416 0 0 2.847882 0.5
19.883829 4.7554964 0 0 1.767937 0.5
0.61384427 15.183552 0 0 0.00135 0.5
7.2194007 20.518464 0 0 5.312468 0.5
19.074995 22.850633 0 0 0.320289 0.5
19.999921 22.039156 0 0 0.581132 0.5
18.745688 14.019429 0 0 3.087421 0.5
12.931759 2.7516469 0 0 3.560403 0.5
2.8068993 8.4622996 0 0 0.555117 0.5
1.3625787 18.567809 0 0 6.220608 0.5
10.032143 26.829025 0 0 5.652715 0.5
22.849916 3.8910791 0 0 0.827952 0.5
6.4240994 9.1167969 0 0 1.054048 0.5
6.1488747 18.853657 0 0 0.319962 0.5
9.0179524 21.843695 0 0 2.464344 0.5
19.171503 26.392757 0 0 3.780782 0.5
17.720212 13.199476 0 0 0.745414 0.5
25.188851 21.430167 0 0 3.348875 0.5
10.203647 22.570156 0 0 5.365761 0.5
3.7458506 13.329682 0 0 0.445642 0.5
3.6804633 18.641298 0 0 2.979068 0.5
19.714785 3.6416733 0 0 2.813895 0.5
2.3006178 20.612005 0 0 4.039246 0.5
18.218143 25.763078 0 0 4.602055 0.5
27.177802 11.769252 0 0 1.676583 0.5
8.2769786 18.651926 0 0 1.207935 0.5
20.989073 21.463768 0 0 6.164191 0.5
11.616352 8.0350628 0 0 1.491784 0.5
15.793114 0.68201466 0 0 6.269379 0.5
26.228286 12.798769 0 0 0.35856 0.5
3.6228581 14.448272 0 0 0.326238 0.5
18.457625 17.845317 0 0 1.608548 0.5
6.5990064 6.9308799 0 0 2.616667 0.5
21.564347 23.720024 0 0 0.410672 0.5
7.4793599 3.7650889 0 0 3.210668 0.5
17.900905 26.84508 0 0 0.309541 0.5
6.0817668 7.9600739 0 0 1.761874 0.5
16.738237 3.3373514 0 0 4.731547 0.5
22.487939 10.482687 0 0 0.313065 0.5
24.518791 22.335238 0 0 0.087229 0.5
10.141289 23.813688 0 0 5.713071 0.5
8.2975916 16.061679 0 0 0.34983 0.5
1.8156692 16.681276 0 0 2.015368 0.5
3.5541962 9.3035853 0 0 0.42176 0.5
11.742868 22.973752 0 0 5.580866 0.5
4.9955807 7.6121941 0 0 4.066321 0.5
15.507772 10.497315 0 0 5.863794 0.5
1.6689029 15.56804 0 0 5.355125 0.5
18.727038 4.1781857 0 0 5.404824 0.5
5.3986754 19.693451 0 0 1.361005 0.5
4.4172951 10.065798 0 0 5.19755 0.5
10.019192 25.690289 0 0 5.853071 0.5
2.6648858 15.047139 0 0 2.830697 0.5
24.513678 8.8505025 0 0 3.251414 0.5
3.0746542 19.7987 0 0 3.305262 0.5
5.119008 13.609329 0 0 3.841898 0.5
19.045599 1.5470505 0 0 4.917041 0.5
23.346046 19.775322 0 0 1.726803 0.5
26.675402 18.404414 0 0 2.534849 0.5
6.0046537 24.790276 0 0 1.985571 0.5
24.026621 6.7796571 0 0 5.636684 0.5
23.662741 4.6655742 0 0 0.642493 0.5
12.355135 1.7763557 0 0 5.796573 0.5
25.287356 18.605995 0 0 4.738871 0.5
6.3005225 16.859703 0 0 1.568073 0.5
16.928111 2.0232648 0 0 2.749741 0.5
1.622315 14.445049 0 0 1.171823 0.5
22.453651 22.988194 0 0 2.226958 0.5
7.2535604 21.671512 0 0 1.548545 0.5
8.946476 25.322118 0 0 3.653333 0.5
22.186785 19.586598 0 0 4.394256 0.5
17.987948 1.1671582 0 0 0.605652 0.5
24.875152 11.520154 0 0 3.106146 0.5
0.75996866 16.296533 0 0 3.095002 0.5
27.344528 15.225071 0 0 1.841384 0.5
13.409807 9.7167138 0 0 6.034028 0.5
12.133619 27.282473 0 0 1.857551 0.5
5.1232413 24.088292 0 0 1.702664 0.5
22.980304 23.988512 0 0 1.16125 0.5
4.3122052 23.310606 0 0 4.720586 0.5
7.1596842 18.25522 0 0 0.205718 0.5
5.1091554 11.004788 0 0 5.820667 0.5
4.369299 21.682473 0 0 3.894129 0.5
2.0847505 10.618535 0 0 3.074393 0.5
17.507566 8.8004474 0 0 0.467747 0.5
20.961972 5.0694111 0 0 5.60533 0.5
19.556148 23.902827 0 0 6.227367 0.5
18.01885 2.2895796 0 0 5.177094 0.5
26.971985 17.305929 0 0 0.203779 0.5
6.9400973 25.430753 0 0 6.095105 0.5
16.709994 26.879629 0 0 5.150288 0.5
0.60323458 12.940312 0 0 3.059892 0.5
9.0246191 23.078242 0 0 3.692189 0.5
5.8513421 14.543389 0 0 3.246869 0.5
23.79025 23.198318 0 0 2.032293 0.5
1.6928471 8.6023998 0 0 6.136396 0.5
13.372264 27.22346 0 0 4.563161 0.5
20.833526 17.834973 0 0 5.916686 0.5
7.3367402 13.245359 0 0 1.344992 0.5
22.113827 24.705101 0 0 3.633442 0.5
27.364036 12.883065 0 0 2.78777 0.5
23.389569 8.8657591 0 0 1.483056 0.5
22.202754 21.731038 0 0 0.879468 0.5
24.619473 7.7329584 0 0 4.923104 0.5
27.397512 14.028277 0 0 5.350229 0.5
6.0981869 20.572986 0 0 1.508644 0.5
4.7695489 15.788629 0 0 4.32761 0.5
21.771911 5.9493086 0 0 1.3724 0.5
10.823735 9.030288 0 0 2.64206 0.5
15.418411 2.9685169 0 0 2.466218 0.5
5.5507819 17.902094 0 0 0.69625 0.5
21.388316 22.520361 0 0 0.502972 0.5
5.4867493 21.524866 0 0 4.066135 0.5
12.429025 0.65356018 0 0 3.026607 0.5
21.97522 3.1836581 0 0 6.171553 0.5
10.04722 2.6772693 0 0 3.767955 0.5
25.084301 6.4027117 0 0 5.349705 0.5
4.767536 5.7523582 0 0 3.28374 0.5
22.526745 5.1185323 0 0 1.964272 0.5
9.0996078 7.7038602 0 0 1.170799 0.5
7.907848 24.848961 0 0 0.802835 0.5
6.4607934 4.2565407 0 0 5.063896 0.5
5.6988476 11.961526 0 0 2.243796 0.5
20.838524 3.6621375 0 0 5.270568 0.5
8.973009 26.45311 0 0 5.757172 0.5
6.353093 5.8166848 0 0 5.271397 0.5
21.822363 20.65218 0 0 3.151318 0.5
23.257873 22.202835 0 0 0.221595 0.5
3.1790494 10.361694 0 0 1.510648 0.5
10.840015 1.85947 0 0 5.29405 0.5
5.0511879 3.9798308 0 0 2.737677 0.5
16.972472 25.769013 0 0 4.134415 0.5
21.190927 25.348264 0 0 1.432456 0.5
14.697893 1.7512894 0 0 2.840655 0.5
7.8288626 2.0621057 0 0 2.899005 0.5
3.5048083 5.608366 0 0 4.137855 0.5
2.4019225 9.5336318 0 0 1.992807 0.5
5.2080719 22.624487 0 0 0.375558 0.5
23.351352 5.8827355 0 0 0.629977 0.5
6.9641024 15.447901 0 0 5.301885 0.5
19.652142 18.889154 0 0 1.197725 0.5
2.79967 11.484257 0 0 2.939026 0.5
8.1719097 19.858465 0 0 3.912909 0.5
25.77039 20.467344 0 0 3.115045 0.5
13.266158 11.371705 0 0 1.662001 0.5
7.9191646 25.980769 0 0 0.131507 0.5
