# x y vx vy theta radius
12.707417 14.930484 0.10750051 -0.45188218 4.4340388 0.5
20.595559 24.387928 0 0 1.764168 0.5
3.6427111 22.559367 0 0 3.951996 0.5
4.0122953 16.69144 0 0 4.259518 0.5
0.96857029 10.71817 0 0 1.882067 0.5
25.678135 17.50454 0 0 0.92276 0.5
23.40818 7.7324854 0 0 4.981497 0.5
16.364444 10.684045 0 0 0.663689 0.5
2.7297739 12.735999 0 0 4.599871 0.5
5.1324849 8.9055452 0 0 3.315122 0.5
23.149965 17.358212 0 0 5.224588 0.5
21.044449 2.5559698 0 0 4.739779 0.5
21.544109 7.0876848 0 0 0.624425 0.5
22.937801 20.907307 0 0 0.734434 0.5
24.382577 19.315507 0 0 4.989084 0.5
11.48767 26.126684 0 0 2.508867 0.5
20.005137 2.1318089 0 0 5.939565 0.5
2.5515261 18.835572 0 0 0.028815 0.5
6.8097333 2.6465772 0 0 3.449449 0.5
11.316581 0.83393277 0 0 0.592282 0.5
3.663629 20.784878 0 0 6.045768 0.5
3.6012142 15.645006 0 0 0.890473 0.5
4.8955923 12.477799 0 0 2.353219 0.5
23.994293 21.327316 0 0 1.672869 0.5
0.7402596 11.817862 0 0 4.21507 0.5
15.817247 1.8577133 0 0 0.4829 0.5
9.565281 24.422251 0 0 6.274711 0.5
13.575228 1.7120132 0 0 1.301021 0.5
16.902875 0.87972485 0 0 3.538852 0.5
4.0906506 6.7201276 0 0 1.72413 0.5
20.184967 25.925392 0 0 0.779811 0.5
6.1387138 23.50772 0 0 1.209651 0.5
7.2382164 23.186496 0 0 5.377079 0.5
15.742462 26.103251 0 0 3.122843 0.5
5.1405448 16.855658 0 0 4.105439 0.5
4.0209773 11.201339 0 0 2.246795 0.5
2.819488 6.5470513 0 0 3.468535 0.5
9.3493479 13.862434 0 0 5.532293 0.5
2.6793626 13.861523 0 0 0.531572 0.5
4.7869906 18.804817 0 0 5.261584 0.5
24.409432 5.5036988 0 0 0.040113 0.5
7.1067793 13.974352 0 0 4.576591 0.5
8.2759848 22.728675 0 0 0.209824 0.5
21.800168 18.492163 0 0 1.770879 0.5
25.532476 9.325872 0 0 4.791815 0.5
25.68176 7.3582885 0 0 2.522673 0.5
24.649247 20.408371 0 0 3.232151 0.5
4.7873635 20.796767 0 0 0.943125 0.5
10.935519 20.199984 -1.7512393e-06 1.4037162e-06 1.031271 0.5
1.2885158 9.6417125 0 0 1.523797 0.5
18.32395 23.921338 0 0 1.787492 0.5
4.0857749 8.3905654 0 0 3.056837 0.5
3.2559618 17.595327 0 0 3.332967 0.5
5.8362882 15.628332 0 0 3.889918 0.5
13.9407 27.418632 0 0 1.775857 0.5
24.619496 9.9989309 0 0 4.33857 0.5
0.56192421 14.055421 0 0 2.652322 0.5
23.496565 9.987821 0 0 1.360759 0.5
13.549383 0.56889608 0 0 1.350476 0.5
3.3294581 7.5476357 0 0 3.139709 0.5
14.67467 0.57876557 0 0 3.877928 0.5
7.1849878 24.383994 0 0 4.111005 0.5
20.514257 23.263868 0 0 4.354529 0.5
2.2064962 7.5600177 0 0 1.958136 0.5
26.661775 9.5007708 0 0 1.935129 0.5
8.302387 21.20129 0 0 0.983243 0.5
2.9645204 21.664561 0 0 4.524452 0.5
14.134014 2.72283 0 0 4.628506 0.5
6.1695513 10.924793 0 0 4.619789 0.5
3.7731814 12.298125 0 0 6.246698 0.5
5.5353018 5.0121528 0 0 2.597917 0.5
19.048649 2.736859 0 0 5.540445 0.5
1.6951979 13.201869 0 0 1.135786 0.5
4.1839891 19.765468 0 0 0.649744 0.5
2.9016815 16.525709 0 0 4.647872 0.5
8.8066109 1.6061949 0 0 3.116928 0.5
20.062372 7.348372 0 0 1.058365 0.5
4.3719857 17.760761 0 0 1.223223 0.5
5.8868949 3.2875002 0 0 6.185729 0.5
4.2186543 4.7895988 0 0 5.03693 0.5
6.9222018 19.67774 0 0 0.158334 0.5
1.849138 12.033757 0 0 0.09489 0.5
23.6134 18.394731 0 0 3.182579 0.5
5.5539206 9.9796865 0 0 5.999337 0.5
20.25595 20.586564 0 0 0.712677 0.5
21.117976 14.400597 0 0 1.70588 0.5
2.1498267 17.787159 0 0 5.092516 0.5
1.8292996 19.695266 0 0 0.506989 0.5
9.8666497 1.2226938 0 0 4.452103 0.5
27.000532 10.596717 0 0 3.429354 0.5
6.4117397 22.400996 0 0 5.942963 0.5
7.0730453 12.696339 0 0 2.062723 0.5
19.501744 25.031577 0 0 2.598321 0.5
5.466337 6.6521443 0 0 6.159219 0.5
20.692852 6.2740079 0 0 1.488917 0.5
1.0486537 17.561246 0 0 1.927238 0.5
22.244893 8.8728422 0 0 3.98558 0.5
8.2274236 23.874715 0 0 3.515453 0.5
26.000659 11.540519 0 0 3.362574 0.5
11.115316 23.655154 0 0 2.617045 0.5
21.770296 4.2890879 0 0 4.416501 0.5
22.676239 6.8790162 0 0 2.357123 0.5
15.102077 27.375639 0 0 0.027213 0.5
25.746509 10.42933 0 0 3.270335 0.5
6.1253066 13.326115 0 0 5.133302 0.5
4.7233123 14.681832 0 0 4.163048 0.5
8.3061254 3.0918083 0 0 3.93618 0.5
7.1865278 8.0338422 0 0 5.951127 0.5
26.266198 19.453202 0 0 4.082451 0.5
17.860582 3.4646144 0 0 1.780305 0.5
26.168469 8.3717416 0 0 2.847882 0.5
19.883829 4.7554964 0 0 1.767937 0.5
0.61320498 15.176953 0 0 0.00135 0.5
7.2225752 20.833881 0 0 5.312468 0.5
19.074995 22.850633 0 0 0.320289 0.5
19.999921 22.039156 0 0 0.581132 0.5
18.582027 13.90378 2.780173e-12 -4.9660069e-12 3.087421 0.5
12.931759 2.7516469 0 0 3.560403 0.5
2.8231979 8.5518285 0 0 0.555117 0.5
1.3873091 18.632019 0 0 6.220608 0.5
10.571382 26.990037 0 0 5.652715 0.5
22.849916 3.8910791 0 0 0.827952 0.5
6.37374 9.1653413 0 0 1.054048 0.5
6.0085821 18.924301 0 0 0.319962 0.5
9.1706326 22.002505 0 0 2.464344 0.5
19.158345 26.38135 0 0 3.780782 0.5
16.689875 13.237001 0 0 0.745414 0.5
25.188851 21.430167 0 0 3.348875 0.5
10.238281 22.759828 0 0 5.365761 0.5
3.8452481 13.419285 0 0 0.445642 0.5
3.6596928 18.649422 0 0 2.979068 0.5
19.714785 3.6416733 0 0 2.813895 0.5
2.3619058 20.717203 0 0 4.039246 0.5
18.047964 26.113042 0 0 4.602055 0.5
27.177802 11.769252 0 0 1.676583 0.5
8.1158362 18.951191 0 0 1.207935 0.5
20.989073 21.463768 0 0 6.164191 0.5
11.616352 8.0350628 0 0 1.491784 0.5
15.793114 0.68201466 0 0 6.269379 0.5
26.228286 12.798769 0 0 0.35856 0.5
3.6094049 14.521121 0 0 0.326238 0.5
18.457625 17.845317 0 0 1.608548 0.5
6.5481233 6.976472 0 0 2.616667 0.5
21.564347 23.720024 0 0 0.410672 0.5
7.4121635 3.7776868 0 0 3.210668 0.5
17.332411 27.008042 0 0 0.309541 0.5
5.9926987 8.0167105 0 0 1.761874 0.5
16.738237 3.3373514 0 0 4.731547 0.5
22.487939 10.482687 0 0 0.313065 0.5
24.518791 22.335238 0 0 0.087229 0.5
10.683659 24.726409 0 0 5.713071 0.5
8.2975916 16.061679 0 0 0.34983 0.5
1.7961667 16.720394 0 0 2.015368 0.5
3.567183 9.3975069 0 0 0.42176 0.5
11.843052 24.540019 0 0 5.580866 0.5
4.9137996 7.6307473 0 0 4.066321 0.5
15.993367 12.010449 0 0 5.863794 0.5
1.6509481 15.605509 0 0 5.355125 0.5
18.727038 4.1781857 0 0 5.404824 0.5
5.3064729 19.800124 0 0 1.361005 0.5
4.408393 10.144555 0 0 5.19755 0.5
10.36204 25.856664 0 0 5.853071 0.5
2.5851766 14.98045 0 0 2.830697 0.5
24.513678 8.8505025 0 0 3.251414 0.5
3.0592123 19.837406 0 0 3.305262 0.5
5.0280911 13.597318 0 0 3.841898 0.5
19.045599 1.5470505 0 0 4.917041 0.5
23.320536 19.847155 0 0 1.726803 0.5
26.675402 18.404414 0 0 2.534849 0.5
6.1301422 24.810521 0 0 1.985571 0.5
24.026621 6.7796571 0 0 5.636684 0.5
23.662741 4.6655742 0 0 0.642493 0.5
12.355135 1.7763557 0 0 5.796573 0.5
25.287356 18.605995 0 0 4.738871 0.5
6.2776473 16.856033 0 0 1.568073 0.5
16.928111 2.0232648 0 0 2.749741 0.5
1.6506279 14.346077 0 0 1.171823 0.5
22.424218 22.996052 0 0 2.226958 0.5
7.4442202 21.935039 0 0 1.548545 0.5
9.2715852 25.532499 0 0 3.653333 0.5
22.186785 19.586598 0 0 4.394256 0.5
17.987948 1.1671582 0 0 0.605652 0.5
24.875152 11.520154 0 0 3.106146 0.5
0.75865751 16.290508 0 0 3.095002 0.5
27.344528 15.225071 0 0 1.841384 0.5
13.409807 9.7167138 0 0 6.034028 0.5
11.672781 27.233878 0 0 1.857551 0.5
5.2132597 24.161131 0 0 1.702664 0.5
22.983204 23.98598 0 0 1.16125 0.5
4.392861 23.39489 0 0 4.720586 0.5
7.0638943 18.526329 0 0 0.205718 0.5
5.1293976 11.379231 0 0 5.820667 0.5
4.5496086 21.8938 0 0 3.894129 0.5
2.0890931 10.787529 0 0 3.074393 0.5
17.057587 9.4655819 0 0 0.467747 0.5
20.961972 5.0694111 0 0 5.60533 0.5
19.544812 23.897839 0 0 6.227367 0.5
18.01885 2.2895796 0 0 5.177094 0.5
26.971985 17.305929 0 0 0.203779 0.5
7.1872781 25.574846 0 0 6.095105 0.5
16.210393 27.130041 0 0 5.150288 0.5
0.60471937 12.932577 0 0 3.059892 0.5
9.2239783 23.352303 0 0 3.692189 0.5
5.8209642 14.423401 0 0 3.246869 0.5
23.789815 23.190585 0 0 2.032293 0.5
1.6961289 8.5949693 0 0 6.136396 0.5
12.799877 27.124812 0 0 4.563161 0.5
20.833526 17.834973 0 0 5.916686 0.5
8.1965859 12.71357 0 0 1.344992 0.5
22.116892 24.702591 0 0 3.633442 0.5
27.364036 12.883065 0 0 2.78777 0.5
23.389569 8.8657591 0 0 1.483056 0.5
22.198773 21.766914 0 0 0.879468 0.5
24.619473 7.7329584 0 0 4.923104 0.5
27.397512 14.028277 0 0 5.350229 0.5
6.1301198 20.56548 0 0 1.508644 0.5
4.7133874 15.809614 0 0 4.32761 0.5
21.771911 5.9493086 0 0 1.3724 0.5
10.823735 9.030288 0 0 2.64206 0.5
15.418411 2.9685169 0 0 2.466218 0.5
5.4897194 17.927595 0 0 0.69625 0.5
21.389323 22.558704 0 0 0.502972 0.5
5.643687 21.579102 0 0 4.066135 0.5
12.429025 0.65356018 0 0 3.026607 0.5
21.97522 3.1836581 0 0 6.171553 0.5
10.04722 2.6772693 0 0 3.767955 0.5
25.084301 6.4027117 0 0 5.349705 0.5
4.7253169 5.7916461 0 0 3.28374 0.5
22.526745 5.1185323 0 0 1.964272 0.5
9.0996078 7.7038602 0 0 1.170799 0.5
8.2044657 25.031443 0 0 0.802835 0.5
6.3956316 4.2886995 0 0 5.063896 0.5
5.9911222 12.18348 0 0 2.243796 0.5
20.838524 3.6621375 0 0 5.270568 0.5
9.4934335 26.642458 0 0 5.757172 0.5
6.3084001 5.8580583 0 0 5.271397 0.5
21.822363 20.65218 0 0 3.151318 0.5
23.232464 22.205054 0 0 0.221595 0.5
3.1708534 10.455947 0 0 1.510648 0.5
10.811643 1.8403722 0 0 5.29405 0.5
5.0207122 4.0024006 0 0 2.737677 0.5
16.913406 25.939026 0 0 4.134415 0.5
21.197457 25.347201 0 0 1.432456 0.5
14.697893 1.7512894 0 0 2.840655 0.5
7.7859729 2.084232 0 0 2.899005 0.5
3.480772 5.6366891 0 0 4.137855 0.5
2.4113319 9.6234498 0 0 1.992807 0.5
5.3048483 22.72532 0 0 0.375558 0.5
23.351352 5.8827355 0 0 0.629977 0.5
6.8643154 15.118432 0 0 5.301885 0.5
19.296704 19.00651 0 0 1.197725 0.5
2.8916205 11.578118 0 0 2.939026 0.5
8.0730024 20.085709 0 0 3.912909 0.5
25.77039 20.467344 0 0 3.115045 0.5
14.708486 12.389256 0 0 1.662001 0.5
8.3328337 26.159244 0 0 0.131507 0.5
