# x y vx vy theta radius
14.186176 17.742464 0.45700434 0.30413548 2.1568484 0.5
14.363801 25.473736 2.3613334e-09 -2.0631565e-07 1.764168 0.5
13.669429 26.422984 8.3510031e-07 -8.8712478e-07 3.951996 0.5
26.759947 18.170868 0 0 4.259518 0.5
17.799344 26.890383 -2.1531821e-07 6.9602467e-08 1.882067 0.5
5.8850715 23.424191 -4.1296969e-07 -6.9159222e-07 0.92276 0.5
7.7473399 4.5587403 0 0 4.981497 0.5
0.69482549 15.890094 -5.316969e-08 -1.0111669e-07 0.663689 0.5
9.7250676 3.5060866 0 0 4.599871 0.5
6.0885559 8.7968946 0 0 3.315122 0.5
16.550534 23.138286 4.0779553e-09 3.1984412e-09 5.224588 0.5
4.2813734 19.840355 0 0 4.739779 0.5
27.406279 14.83051 0 0 0.624425 0.5
17.642396 25.747796 1.0399655e-06 4.6088726e-07 0.734434 0.5
8.6491948 5.2337179 0 0 4.989084 0.5
27.431141 13.682216 0 0 2.508867 0.5
10.881427 2.0242832 0 0 5.939565 0.5
1.8630203 8.2300342 -1.6751715e-09 8.5895518e-08 0.028815 0.5
15.189613 5.998138 0 0 3.449449 0.5
21.369391 23.351984 0 0 0.592282 0.5
2.9951961 8.3530806 0 0 6.045768 0.5
1.927415 11.540317 0 0 0.890473 0.5
10.247588 1.0962735 0 0 2.353219 0.5
8.293693 8.9789394 0 0 1.672869 0.5
9.555074 26.682112 2.8160103e-07 1.4064907e-07 4.21507 0.5
13.037519 27.397228 5.6725077e-07 -1.0110804e-07 0.4829 0.5
3.5037364 7.3520567 0 0 6.274711 0.5
15.823528 0.68556753 0 0 1.301021 0.5
17.380458 1.9271959 0 0 3.538852 0.5
1.7587268 12.650976 0 0 1.72413 0.5
24.24759 21.588741 -1.1115295e-08 -4.3666953e-09 0.779811 0.5
24.058158 15.844503 0 0 1.209651 0.5
1.2150893 18.073859 -1.8511524e-07 -5.0946789e-08 5.377079 0.5
8.4742598 19.551792 -0.0001536715 -0.00020409477 3.122843 0.5
11.427457 26.210584 6.2555724e-07 -4.5141661e-07 4.105439 0.5
3.8755428 9.0553089 0 0 2.246795 0.5
23.946312 4.9747757 0 0 3.468535 0.5
12.79541 5.5467338 0 0 5.532293 0.5
24.392515 20.472823 -4.1989057e-08 -2.0510477e-08 0.531572 0.5
4.8483619 5.5610013 0 0 5.261584 0.5
23.272089 6.0208409 0 0 0.040113 0.5
19.690786 24.583025 -8.8491108e-09 -2.3035879e-08 4.576591 0.5
25.023557 8.5918385 0 0 0.209824 0.5
23.811857 16.979892 0 0 1.770879 0.5
27.285824 15.977428 0 0 4.791815 0.5
9.81705 2.3811627 0 0 2.522673 0.5
12.351908 22.731193 -8.6003363e-08 -1.736344e-06 3.232151 0.5
8.3805161 14.997606 0 0 0.943125 0.5
22.380416 23.928498 -9.6394233e-07 -2.7206165e-06 1.031271 0.5
12.119277 8.0551835 0 0 1.523797 0.5
9.1170975 20.507098 -0.00038342064 0.00030566471 1.787492 0.5
20.410127 2.2259966 0 0 3.056837 0.5
10.632193 27.007601 4.7497099e-07 -1.9340577e-08 3.332967 0.5
2.608371 21.128971 -2.9907573e-07 3.8577533e-07 3.889918 0.5
6.5108229 6.8645169 0 0 1.775857 0.5
8.2675738 7.8543563 0 0 4.33857 0.5
7.6373423 6.9148759 0 0 2.652322 0.5
23.347395 12.165179 0 0 1.360759 0.5
10.254774 6.7323648 0 0 1.350476 0.5
7.1746927 9.0934552 0 0 3.139709 0.5
16.009499 26.276879 1.3192067e-06 -1.0207421e-06 3.877928 0.5
7.3157708 12.427609 0 0 4.111005 0.5
22.494398 22.799873 0 0 4.354529 0.5
6.753321 4.0327087 0 0 1.958136 0.5
15.687621 3.1444562 0 0 1.935129 0.5
21.436172 3.0099967 0 0 0.983243 0.5
9.6563195 24.47903 -3.4553556e-07 -4.8491026e-07 4.524452 0.5
5.914658 5.9124 0 0 4.628506 0.5
1.684202 13.773759 0 0 4.619789 0.5
10.909981 25.20858 -1.5405375e-08 -1.2881045e-07 6.246698 0.5
13.085656 1.59513 0 0 2.597917 0.5
10.090857 23.111477 -9.6971192e-05 0.00014414087 5.540445 0.5
4.5761374 7.7066113 0 0 1.135786 0.5
21.822274 24.907205 1.5467808e-06 1.4086368e-06 0.649744 0.5
8.9828266 22.894427 -1.3449853e-06 -1.7512741e-06 4.647872 0.5
18.910806 2.7992693 0 0 3.116928 0.5
26.919151 10.333995 0 0 1.058365 0.5
4.3371912 21.800852 2.2787182e-07 -5.3167214e-07 1.223223 0.5
18.310881 1.2936114 0 0 6.185729 0.5
11.91239 6.2405486 0 0 5.03693 0.5
18.863309 26.526728 -3.8675231e-07 -3.074431e-07 0.158334 0.5
5.6376468 24.519537 -1.6639609e-07 -2.1261331e-07 0.09489 0.5
25.019995 19.539862 2.9106677e-08 -2.7129773e-08 3.182579 0.5
16.264152 1.8015769 0 0 5.999337 0.5
7.6969968 3.4230989 0 0 0.712677 0.5
2.8208342 18.822442 -2.2810196e-07 -7.5220003e-07 1.70588 0.5
6.9305139 7.9126044 0 0 5.092516 0.5
12.037921 25.265118 -3.5072e-07 1.2108069e-07 0.506989 0.5
11.88354 2.8758653 0 0 4.452103 0.5
6.5867614 11.447647 0 0 3.429354 0.5
9.3142293 8.4624375 0 0 5.942963 0.5
22.856926 4.6947937 0 0 2.062723 0.5
11.990585 24.14047 -7.6102841e-07 3.5848794e-08 2.598321 0.5
14.697236 0.58203352 0 0 6.159219 0.5
21.799368 5.2478441 0 0 1.488917 0.5
4.460358 12.970939 0 0 1.927238 0.5
9.6419778 19.290547 -1.2455761e-08 -1.215857e-07 3.98558 0.5
4.9032741 11.918068 0 0 3.515453 0.5
23.312216 18.016496 0 0 3.362574 0.5
7.672453 5.7884353 0 0 2.617045 0.5
25.318685 21.221931 0 0 4.416501 0.5
15.555732 22.181333 2.025354e-07 -1.3690892e-06 2.357123 0.5
10.713775 24.100411 3.5018973e-07 -5.2968147e-07 0.027213 0.5
25.029268 16.717167 0 0 3.270335 0.5
0.81112356 11.420944 7.6567452e-08 -1.7007359e-07 5.133302 0.5
16.348412 5.4608207 0 0 4.163048 0.5
5.6602681 18.760649 1.2257952e-07 -7.4755571e-07 3.93618 0.5
8.0956015 17.968461 0 0 5.951127 0.5
10.790848 3.1469473 0 0 4.082451 0.5
5.733766 7.7319754 0 0 1.780305 0.5
4.9538285 20.862305 9.3796107e-08 8.1052998e-08 2.847882 0.5
14.129965 2.7182815 0 0 1.767937 0.5
14.582523 4.832184 0 0 0.00135 0.5
27.182849 11.434483 0 0 5.312468 0.5
5.3317628 3.7358345 0 0 0.320289 0.5
12.452323 0.66296119 0 0 0.581132 0.5
13.149733 25.422225 4.0894372e-07 -1.1603793e-06 3.087421 0.5
11.288193 7.2403772 0 0 3.560403 0.5
11.740033 5.105899 0 0 0.555117 0.5
0.56581766 13.650739 -2.8953142e-09 1.0659493e-07 6.220608 0.5
18.904887 25.401692 1.5543387e-08 -4.7754791e-08 5.652715 0.5
22.469657 3.604924 0 0 0.827952 0.5
26.115831 13.017407 0 0 1.054048 0.5
13.783454 24.495403 4.6866106e-08 -1.0747122e-06 0.319962 0.5
25.230994 15.606182 0 0 2.464344 0.5
7.7056417 11.230024 0 0 3.780782 0.5
15.585366 27.336689 -3.1797142e-07 -3.0080631e-07 0.745414 0.5
16.838026 22.036002 6.4482126e-09 -2.4427625e-08 3.348875 0.5
25.252834 13.949599 0 0 5.365761 0.5
8.5125777 26.263526 1.7399816e-07 -2.0836684e-07 0.445642 0.5
1.5810931 19.135057 -1.7969423e-07 -2.8154168e-07 2.979068 0.5
6.8075071 22.680303 -7.738947e-07 -6.3287672e-07 2.813895 0.5
6.2187001 3.0446202 0 0 4.039246 0.5
9.6275514 21.867079 -2.5300574e-06 -6.3990004e-07 4.602055 0.5
5.4796451 19.8691 5.1193266e-07 -4.5058462e-07 1.676583 0.5
11.199197 21.132056 1.1657343e-06 -1.32478e-05 1.207935 0.5
16.783019 2.8827326 0 0 6.164191 0.5
24.01336 18.994161 0 0 1.491784 0.5
6.7919789 24.085812 5.3590841e-07 -5.2773392e-08 6.269379 0.5
0.94592127 16.984141 -8.84009e-09 9.6049394e-08 0.35856 0.5
15.642043 4.3045415 0 0 0.326238 0.5
14.83366 26.497559 5.0395368e-07 -3.6893322e-07 1.608548 0.5
24.203478 14.572711 0 0 2.616667 0.5
5.6774489 4.8042436 0 0 0.410672 0.5
16.030611 24.272096 -6.8011118e-08 -8.0600097e-07 3.210668 0.5
18.193443 24.518422 7.1923039e-07 2.469309e-07 0.309541 0.5
6.4504965 20.75464 0 0 1.761874 0.5
8.6891947 3.9481326 0 0 4.731547 0.5
4.7458416 23.743988 0 0 0.313065 0.5
8.7844655 2.8287588 0 0 0.087229 0.5
25.880361 17.461624 5.4948545e-09 5.6702965e-09 5.713071 0.5
13.015856 23.660929 -5.7650752e-07 -7.0917778e-07 0.34983 0.5
5.1487517 22.576773 2.4014517e-07 -1.5045698e-08 2.015368 0.5
3.0106381 11.216879 0 0 0.42176 0.5
1.4239298 9.2630873 4.556728e-08 -5.1327851e-07 5.580866 0.5
13.528262 22.514038 -5.1087797e-08 -9.0821182e-08 4.066321 0.5
3.243448 22.054552 -1.6651453e-07 2.0859656e-07 5.863794 0.5
15.48947 25.280439 -2.1872081e-07 3.3905691e-08 5.355125 0.5
5.8909717 21.734345 1.8911897e-07 -2.157674e-07 5.404824 0.5
14.615174 21.547408 1.2616043e-10 -1.1622175e-10 1.361005 0.5
19.360882 1.6907015 0 0 5.19755 0.5
26.329759 15.252904 1.1799455e-08 -8.0904647e-08 5.853071 0.5
2.3868774 7.2371734 3.794303e-07 -4.2193645e-07 2.830697 0.5
9.6832829 5.7436958 0 0 3.251414 0.5
20.818038 24.337389 -1.7217364e-08 -4.3595794e-08 3.305262 0.5
3.9639707 22.93701 0 0 3.841898 0.5
5.7863027 9.8886107 0 0 4.917041 0.5
10.099586 9.2957217 0 0 1.726803 0.5
24.515351 17.886859 0 0 2.534849 0.5
7.6761312 23.39125 -4.2195819e-07 -8.0786474e-07 1.985571 0.5
11.29675 23.140956 1.7651674e-07 -5.3319645e-07 5.636684 0.5
1.7747771 14.91528 0 0 0.642493 0.5
4.5024476 4.4931643 0 0 5.796573 0.5
16.618478 25.262306 3.1069379e-07 -5.0984369e-08 4.738871 0.5
14.90242 24.3207 2.0817723e-07 -3.7496635e-07 1.568073 0.5
4.2836652 10.950372 0 0 2.749741 0.5
14.185745 23.432537 -6.1548228e-08 -1.3528277e-07 1.171823 0.5
8.1531707 1.9006256 0 0 2.226958 0.5
0.58362374 14.773142 4.2032736e-08 8.8021483e-08 1.548545 0.5
2.9922109 6.2912777 5.0578231e-07 -7.9045106e-07 3.653333 0.5
20.879211 25.523029 3.5566351e-08 4.5425553e-07 4.394256 0.5
14.208808 1.5933449 0 0 0.605652 0.5
24.246947 13.431004 0 0 3.106146 0.5
13.900724 5.764248 0 0 3.095002 0.5
25.71957 7.6112688 0 0 1.841384 0.5
10.722344 22.16112 2.6049522e-05 3.9418784e-06 6.034028 0.5
1.9633155 16.414201 0 0 1.857551 0.5
5.5570565 10.99987 0 0 1.702664 0.5
19.884527 26.052202 -1.5896618e-07 3.2853078e-07 1.16125 0.5
3.7867053 12.033492 0 0 4.720586 0.5
12.540247 26.376871 8.0035174e-07 -2.9683447e-07 0.205718 0.5
10.828498 5.7668967 0 0 5.820667 0.5
14.169452 27.437467 -3.9398299e-07 1.8294546e-07 3.894129 0.5
3.7266495 5.3470003 0 0 3.074393 0.5
16.932905 0.89404434 0 0 0.467747 0.5
3.1461851 19.896939 4.1093662e-07 -1.4658628e-06 5.60533 0.5
2.0530824 20.153468 1.6093034e-07 1.9010602e-07 6.227367 0.5
3.4494098 10.121402 0 0 5.177094 0.5
25.493447 18.516716 2.5150701e-09 8.8732062e-09 0.203779 0.5
9.1832874 1.4547049 0 0 6.095105 0.5
13.55083 3.767986 0 0 5.150288 0.5
4.6477682 9.8801145 0 0 3.059892 0.5
6.5448215 25.181081 3.1233511e-07 -8.8131705e-08 3.692189 0.5
2.9217916 15.423909 0 0 3.246869 0.5
26.08082 11.891327 0 0 2.032293 0.5
9.2805286 7.325012 0 0 6.136396 0.5
3.7014606 20.873716 -1.7285665e-07 -8.5219319e-07 4.563161 0.5
11.609708 3.966486 0 0 5.916686 0.5
15.405183 23.314469 6.5097377e-07 -3.5044462e-07 1.344992 0.5
25.070374 12.434235 0 0 3.633442 0.5
9.8531007 25.589206 -4.9664879e-07 -5.8948912e-10 2.78777 0.5
2.4894645 17.748347 0 0 1.483056 0.5
8.7118431 6.3563135 0 0 0.879468 0.5
27.075174 17.089652 0 0 4.923104 0.5
24.220997 22.717944 -1.8212837e-08 8.34096e-09 5.350229 0.5
17.14318 24.103513 1.4251341e-06 -6.218013e-07 1.508644 0.5
22.898421 15.712605 0 0 4.32761 0.5
15.190875 2.1373581 0 0 1.3724 0.5
4.1090764 6.4056843 0 0 2.64206 0.5
26.373577 19.240333 0 0 2.466218 0.5
0.64194609 12.53076 1.4906682e-07 1.4142941e-07 0.69625 0.5
16.702067 27.163497 1.7330531e-07 7.2137852e-07 0.502972 0.5
5.1752695 6.757025 0 0 4.066135 0.5
10.713891 4.6457279 0 0 3.026607 0.5
7.756889 24.665999 5.7683476e-07 5.8799886e-08 6.171553 0.5
2.1901926 10.447789 0 0 3.767955 0.5
1.0723331 10.329277 1.7030013e-07 6.0948414e-08 5.349705 0.5
11.338856 0.83032553 0 0 3.28374 0.5
8.7622195 25.16758 3.9308718e-07 -2.0335822e-07 1.964272 0.5
2.8070218 13.824244 0 0 1.170799 0.5
8.6461976 23.975677 -2.4839871e-07 -9.0069465e-07 0.802835 0.5
9.5899957 4.6205586 0 0 5.063896 0.5
6.7442516 5.1559571 0 0 2.243796 0.5
6.8714328 10.193716 0 0 5.270568 0.5
7.5062742 25.761616 4.2966221e-07 -1.4713027e-08 5.757172 0.5
25.89348 20.256215 0 0 5.271397 0.5
26.167758 16.363918 7.4134604e-09 7.8370394e-09 3.151318 0.5
26.386744 14.1109 0 0 0.221595 0.5
2.8835168 12.701034 0 0 1.510648 0.5
4.9616317 8.7648774 0 0 5.29405 0.5
7.1621617 2.431834 0 0 2.737677 0.5
11.078065 8.7262265 0 0 4.134415 0.5
10.378585 20.255477 4.6621956e-05 4.4063878e-05 1.432456 0.5
24.57274 5.9587228 0 0 2.840655 0.5
26.130362 8.8289631 0 0 2.899005 0.5
14.699165 3.6895229 0 0 4.137855 0.5
11.974692 1.756717 0 0 1.992807 0.5
10.303442 7.8814936 0 0 0.375558 0.5
12.636545 4.4265584 0 0 0.629977 0.5
27.359702 12.555153 0 0 5.301885 0.5
6.6598009 19.340491 0 0 1.197725 0.5
13.571909 0.57150003 0 0 2.939026 0.5
13.006704 2.765896 0 0 3.912909 0.5
2.5405109 9.3810578 0 0 3.115045 0.5
23.438471 23.538846 3.1682795e-06 -1.2048165e-06 1.662001 0.5
11.837498 27.255512 -4.7706386e-09 -6.3470922e-07 0.131507 0.5
