# x y vx vy theta radius
14.132309 15.027331 -0.071809817 -0.54764605 4.790253 0.5
22.599461 24.321669 0 0 1.764168 0.5
1.7043131 19.417591 0 0 3.951996 0.5
2.6431925 14.428772 0 0 4.259518 0.5
2.2352721 7.5045333 0 0 1.882067 0.5
25.035963 16.119675 0 0 0.92276 0.5
24.748831 10.441758 0 0 4.981497 0.5
12.786523 9.4827633 0 0 0.663689 0.5
2.8296424 12.184215 0 0 4.599871 0.5
5.7568632 7.8423856 0 0 3.315122 0.5
23.992506 15.627051 0 0 5.224588 0.5
21.409434 2.7984018 0 0 4.739779 0.5
10.88538 6.9608826 0 0 0.624425 0.5
10.063903 25.577119 0 0 0.734434 0.5
26.02403 16.833343 0 0 4.989084 0.5
8.9656422 25.338343 0 0 2.508867 0.5
18.397969 1.3016477 0 0 5.939565 0.5
2.4230551 18.385724 0 0 0.028815 0.5
8.7973511 1.6094919 0 0 3.449449 0.5
9.7727372 5.1077615 0 0 0.592282 0.5
3.3902586 20.423133 0 0 6.045768 0.5
4.6473346 13.774568 0 0 0.890473 0.5
6.2927661 8.8303238 0 0 2.353219 0.5
21.838963 18.551994 0 0 1.672869 0.5
1.734273 8.5091304 0 0 4.21507 0.5
5.855278 15.332371 0 0 0.4829 0.5
6.0450258 24.826083 0 0 6.274711 0.5
21.886276 7.321796 0 0 1.301021 0.5
9.8506544 1.2186179 0 0 3.538852 0.5
4.1544391 6.5377581 0 0 1.72413 0.5
25.031933 21.665666 0 0 0.779811 0.5
6.8385758 22.008358 0 0 1.209651 0.5
10.057891 26.846528 0 0 5.377079 0.5
18.71397 26.582598 0 0 3.122843 0.5
5.1393003 19.085469 0 0 4.105439 0.5
4.7955712 14.934882 0 0 2.246795 0.5
4.2150113 4.7887676 0 0 3.468535 0.5
18.302334 19.902445 0 0 5.532293 0.5
2.684258 13.299498 0 0 0.531572 0.5
3.0221565 16.650673 0 0 5.261584 0.5
23.052821 5.3986759 0 0 0.040113 0.5
16.396069 15.706862 0 0 4.576591 0.5
16.458497 27.115426 0 0 0.209824 0.5
24.288002 14.521414 0 0 1.770879 0.5
26.035268 8.0319769 0 0 4.791815 0.5
24.873982 6.1093559 0 0 2.522673 0.5
25.25342 19.005537 0 0 3.232151 0.5
4.6835461 22.247185 0 0 0.943125 0.5
16.061146 17.076613 0 0 1.031271 0.5
2.9073686 8.4039826 0 0 1.523797 0.5
21.082685 23.828692 0 0 1.787492 0.5
6.5008908 6.9916025 0 0 3.056837 0.5
2.7893548 15.545853 0 0 3.332967 0.5
7.7829316 21.283761 0 0 3.889918 0.5
17.609196 26.88431 0 0 1.775857 0.5
25.898865 10.713988 0 0 4.33857 0.5
0.99247465 10.626305 0 0 2.652322 0.5
23.825783 8.3459215 0 0 1.360759 0.5
13.728903 0.64053631 0 0 1.350476 0.5
4.5715088 7.756136 0 0 3.139709 0.5
10.947814 0.95443416 0 0 3.877928 0.5
7.530835 18.653639 0 0 4.111005 0.5
23.433911 23.532793 0 0 4.354529 0.5
3.4806015 5.6377997 0 0 1.958136 0.5
26.464475 9.0703729 0 0 1.935129 0.5
8.8736732 20.960358 0 0 0.983243 0.5
1.2935474 18.371918 0 0 4.524452 0.5
7.7807227 2.0871006 0 0 4.628506 0.5
7.2372068 12.301663 0 0 4.619789 0.5
4.8638667 12.672605 0 0 6.246698 0.5
5.8838712 3.2889814 0 0 2.597917 0.5
19.054642 5.3989687 0 0 5.540445 0.5
1.8735451 11.594405 0 0 1.135786 0.5
4.9478496 20.939465 0 0 0.649744 0.5
3.7670607 14.478268 0 0 4.647872 0.5
9.5640346 2.4310045 0 0 3.116928 0.5
19.243909 6.7424819 0 0 1.058365 0.5
5.2172267 17.179288 0 0 1.223223 0.5
7.5742773 3.4693737 0 0 6.185729 0.5
6.8071483 2.6483816 0 0 5.03693 0.5
5.9395073 13.087972 0 0 0.158334 0.5
2.1090087 10.496917 0 0 0.09489 0.5
24.237241 18.452249 0 0 3.182579 0.5
3.974553 8.7527664 0 0 5.999337 0.5
8.1566457 22.429802 0 0 0.712677 0.5
23.397959 10.354526 0 0 1.70588 0.5
2.1101761 17.307602 0 0 5.092516 0.5
0.74712339 16.194457 0 0 0.506989 0.5
9.7215597 3.5845282 0 0 4.452103 0.5
26.856882 10.125964 0 0 3.429354 0.5
9.1860695 23.147421 0 0 5.942963 0.5
6.9630958 11.189523 0 0 2.062723 0.5
19.74905 26.142451 0 0 2.598321 0.5
5.0975097 8.7540027 0 0 6.159219 0.5
21.491428 6.0905335 0 0 1.488917 0.5
0.56137606 13.959068 0 0 1.927238 0.5
26.437429 14.562522 0 0 3.98558 0.5
7.9423366 24.845286 0 0 3.515453 0.5
26.49765 13.299973 0 0 3.362574 0.5
8.1556624 23.641588 0 0 2.617045 0.5
24.395324 7.2932807 0 0 4.416501 0.5
24.260702 9.3938195 0 0 2.357123 0.5
16.486745 20.45447 0 0 0.027213 0.5
26.340867 12.018132 0 0 3.270335 0.5
8.2582478 8.344244 0 0 5.133302 0.5
4.1664744 10.813544 0 0 4.163048 0.5
10.093629 7.7928323 0 0 3.93618 0.5
22.945035 15.189849 0 0 5.951127 0.5
22.027071 14.43851 0 0 4.082451 0.5
9.6166093 6.2555794 0 0 1.780305 0.5
25.497063 7.0440276 0 0 2.847882 0.5
18.131489 3.3872192 0 0 1.767937 0.5
0.75596137 11.723739 0 0 0.00135 0.5
5.8777236 10.838755 0 0 5.312468 0.5
23.128774 9.2312366 0 0 0.320289 0.5
6.9296267 15.00284 0 0 0.581132 0.5
6.9886239 25.464324 0 0 3.087421 0.5
11.64709 9.1931931 0 0 3.560403 0.5
3.491309 7.4441047 0 0 0.555117 0.5
0.60642343 15.080664 0 0 6.220608 0.5
6.1138217 23.511735 0 0 5.652715 0.5
22.388344 3.5069983 0 0 0.827952 0.5
21.104536 5.0268685 0 0 1.054048 0.5
4.1050741 16.946068 0 0 0.319962 0.5
9.3196866 22.025346 0 0 2.464344 0.5
24.225911 22.692636 0 0 3.780782 0.5
7.3752741 9.1321794 0 0 0.745414 0.5
26.980158 17.455011 0 0 3.348875 0.5
5.6809425 20.074318 0 0 5.365761 0.5
4.5075622 9.7429844 0 0 0.445642 0.5
4.415641 19.95052 0 0 2.979068 0.5
23.276648 4.2768508 0 0 2.813895 0.5
0.97265799 17.296209 0 0 4.039246 0.5
19.196197 25.030051 0 0 4.602055 0.5
27.1316 11.214729 0 0 1.676583 0.5
7.9032986 7.2682548 0 0 1.207935 0.5
21.335194 3.9209599 0 0 6.164191 0.5
16.208556 0.74469259 0 0 1.491784 0.5
10.674587 2.260678 0 0 6.269379 0.5
18.191869 7.7803986 0 0 0.35856 0.5
3.9209373 11.910838 0 0 0.326238 0.5
26.275184 15.716213 0 0 1.608548 0.5
7.9418895 19.918016 0 0 2.616667 0.5
24.522943 17.185124 0 0 0.410672 0.5
7.7113086 4.5838463 0 0 3.210668 0.5
20.7491 25.618626 0 0 0.309541 0.5
8.234096 9.8653458 0 0 1.761874 0.5
23.251912 7.3318564 0 0 4.731547 0.5
3.8571003 18.967548 0 0 0.313065 0.5
25.693789 17.95143 0 0 0.087229 0.5
7.9702917 26.009873 0 0 5.713071 0.5
18.543621 24.004567 0 0 0.34983 0.5
1.8787349 16.204057 0 0 2.015368 0.5
5.6317865 9.7432028 0 0 0.42176 0.5
22.935278 22.439956 0 0 5.580866 0.5
5.9685202 6.0009567 0 0 4.066321 0.5
20.235027 11.127638 1.2561399e-11 4.7099248e-11 5.863794 0.5
1.6782884 13.835353 0 0 5.355125 0.5
7.0316075 7.9810641 0 0 5.404824 0.5
3.3952497 17.821384 0 0 1.361005 0.5
7.3649937 6.2592104 0 0 5.19755 0.5
9.0000051 26.46619 0 0 5.853071 0.5
1.7290546 15.083124 0 0 2.830697 0.5
25.384049 9.4324563 0 0 3.251414 0.5
6.9718953 20.484796 0 0 3.305262 0.5
6.0855428 11.962049 0 0 3.841898 0.5
16.495566 10.795748 -1.5223762e-15 -2.6357467e-15 4.917041 0.5
23.598143 19.786224 0 0 1.726803 0.5
27.364524 15.22689 0 0 2.534849 0.5
3.9229206 21.411776 0 0 1.985571 0.5
23.764071 6.3205405 0 0 5.636684 0.5
10.649323 5.8116021 0 0 0.642493 0.5
9.018837 7.3981119 0 0 5.796573 0.5
25.462488 12.753786 0 0 4.738871 0.5
6.8221024 5.2694896 0 0 1.568073 0.5
22.196641 4.6559742 0 0 2.749741 0.5
1.7274467 12.712027 0 0 1.171823 0.5
20.024523 24.264536 0 0 2.226958 0.5
6.5579049 19.360239 0 0 1.548545 0.5
10.467721 23.003619 0 0 3.653333 0.5
22.139499 23.284316 0 0 4.394256 0.5
14.914769 0.60538057 0 0 0.605652 0.5
25.214886 11.622396 0 0 3.106146 0.5
0.61169995 12.837403 0 0 3.095002 0.5
27.346258 12.54003 0 0 1.841384 0.5
11.356655 25.597369 0 0 6.034028 0.5
11.169746 27.069539 0 0 1.857551 0.5
2.1976914 20.426619 0 0 1.702664 0.5
24.550497 20.457275 0 0 1.16125 0.5
2.8308786 19.434669 0 0 4.720586 0.5
3.7899519 13.030159 0 0 0.205718 0.5
19.109623 3.9675716 0 0 5.820667 0.5
6.054537 21.140431 0 0 3.894129 0.5
2.4341089 9.4218287 0 0 3.074393 0.5
20.280466 5.801216 0 0 0.467747 0.5
22.585139 6.4248239 0 0 5.60533 0.5
18.190721 25.575719 0 0 6.227367 0.5
17.309335 1.0161395 0 0 5.177094 0.5
27.433021 14.029997 0 0 0.203779 0.5
7.1706476 23.099667 0 0 6.095105 0.5
21.572776 24.843183 0 0 5.150288 0.5
1.3189254 9.5521874 0 0 3.059892 0.5
5.1660962 24.114197 0 0 3.692189 0.5
5.774161 18.154865 0 0 3.246869 0.5
26.617726 18.596067 0 0 2.032293 0.5
2.8189653 6.5450026 0 0 6.136396 0.5
18.106208 4.5340496 0 0 4.563161 0.5
16.474737 21.787676 0 0 5.916686 0.5
4.9805808 16.076408 0 0 1.344992 0.5
25.660652 20.663448 0 0 3.633442 0.5
25.333492 15.004579 0 0 2.78777 0.5
22.563809 8.2472989 0 0 1.483056 0.5
15.387563 14.610814 0.11644115 -0.068536849 0.879468 0.5
24.957751 8.3517647 0 0 4.923104 0.5
22.249386 10.499116 0 0 5.350229 0.5
4.5774113 18.103599 0 0 1.508644 0.5
3.8812142 15.835354 0 0 4.32761 0.5
11.756514 7.776407 0 0 1.3724 0.5
20.288074 3.3622671 0 0 2.64206 0.5
7.8834744 13.227634 0 0 2.466218 0.5
8.094817 10.989597 0 0 0.69625 0.5
17.050453 25.726632 0 0 0.502972 0.5
2.7870898 21.388058 0 0 4.066135 0.5
8.6857827 4.0249689 0 0 3.026607 0.5
19.443585 1.7166346 0 0 6.171553 0.5
5.232892 6.8490285 0 0 3.767955 0.5
24.1754 5.2226213 0 0 5.349705 0.5
4.8899458 5.6878958 0 0 3.28374 0.5
21.951689 9.3631981 0 0 1.964272 0.5
6.5783908 4.171246 0 0 1.170799 0.5
5.7997296 22.433612 0 0 0.802835 0.5
5.7003457 4.8983415 0 0 5.063896 0.5
5.68371 14.211221 0 0 2.243796 0.5
20.034186 4.6123087 0 0 5.270568 0.5
4.337529 23.338915 0 0 5.757172 0.5
8.6511495 5.2006777 0 0 5.271397 0.5
20.960173 22.712803 0 0 3.151318 0.5
26.184322 19.653735 0 0 0.221595 0.5
3.4043029 9.9885546 0 0 1.510648 0.5
8.49538 6.3135208 0 0 5.29405 0.5
8.5474705 2.9089316 0 0 2.737677 0.5
9.9978829 16.135797 0 0 4.134415 0.5
23.860993 21.618767 0 0 1.432456 0.5
19.237569 2.8221082 0 0 2.840655 0.5
6.8464817 13.831619 0 0 2.899005 0.5
5.0180937 4.0040694 0 0 4.137855 0.5
6.7302666 10.056737 0 0 1.992807 0.5
3.5759759 22.479702 0 0 0.375558 0.5
17.811454 2.3096079 0 0 0.629977 0.5
5.0065007 11.55899 0 0 5.301885 0.5
25.342085 13.879197 0 0 1.197725 0.5
3.0693981 11.084722 0 0 2.939026 0.5
6.09189 16.475149 0 0 3.912909 0.5
27.214415 16.34868 0 0 3.115045 0.5
20.451909 2.2115684 0 0 1.662001 0.5
6.9983198 24.220158 0 0 0.131507 0.5
