# x y vx vy theta radius
15.958196 5.8204999 0.47558091 -0.72104386 6.274583 0.5
4.7438746 13.022418 0 0 1.764168 0.5
5.4153466 17.435658 0 0 3.951996 0.5
5.8710576 14.048065 0 0 4.259518 0.5
1.6980401 12.327944 0 0 1.882067 0.5
26.230558 16.174677 0 0 0.92276 0.5
27.300302 12.366372 0 0 4.981497 0.5
5.2166992 11.977221 0 0 0.663689 0.5
10.766352 3.2648933 -1.9605682e-14 1.7752446e-14 4.599871 0.5
2.9169747 11.693675 0 0 3.315122 0.5
12.017675 16.007978 0 0 5.224588 0.5
22.014544 3.2163956 0 0 4.739779 0.5
17.483287 23.560221 0 0 0.624425 0.5
15.853522 21.856312 0 0 0.734434 0.5
12.035787 22.311774 0 0 4.989084 0.5
11.911424 26.242589 0 0 2.508867 0.5
19.07475 2.6955674 0 0 5.939565 0.5
4.3011557 17.280166 0 0 0.028815 0.5
7.9994347 1.9790399 0 0 3.449449 0.5
13.270377 4.0020437 9.1489973e-16 1.0323978e-14 0.592282 0.5
4.4870494 22.030298 0 0 6.045768 0.5
3.5600269 18.328512 0 0 0.890473 0.5
3.8306411 12.365315 0 0 2.353219 0.5
20.091607 2.0336215 0 0 1.672869 0.5
1.3937213 9.3700017 0 0 4.21507 0.5
7.0795143 20.797129 0 0 0.4829 0.5
6.6740123 25.263394 0 0 6.274711 0.5
13.417566 0.579312 -9.7736521e-16 2.9362825e-15 1.301021 0.5
11.160011 1.9966296 -7.1261954e-15 1.0107712e-14 3.538852 0.5
2.9896911 8.2943209 0 0 1.72413 0.5
19.630146 22.575035 0 0 0.779811 0.5
6.3172508 16.311422 0 0 1.209651 0.5
8.9965696 26.464913 0 0 5.377079 0.5
16.750382 27.153872 0 0 3.122843 0.5
11.507798 23.378846 0 0 4.105439 0.5
2.7241871 12.801325 0 0 2.246795 0.5
4.3824304 4.6162141 0 0 3.468535 0.5
11.025338 25.551499 0 0 5.532293 0.5
2.6450499 13.936418 0 0 0.531572 0.5
20.231087 16.286722 0 0 5.261584 0.5
18.576334 6.6330267 0 0 0.040113 0.5
10.07085 2.3221487 -6.8290741e-15 -8.3882456e-15 4.576591 0.5
17.592521 24.688281 0 0 0.209824 0.5
24.353287 18.644575 0 0 1.770879 0.5
24.942102 10.657023 0 0 4.791815 0.5
25.688565 7.5922572 0 0 2.522673 0.5
21.609029 23.796486 0 0 3.232151 0.5
5.8204117 20.278071 0 0 0.943125 0.5
17.490162 25.80755 0 0 1.031271 0.5
3.089771 9.4164175 0 0 1.523797 0.5
11.161012 27.13311 0 0 1.787492 0.5
4.144699 9.9385744 0 0 3.056837 0.5
3.2703023 20.139238 0 0 3.332967 0.5
19.931917 26.058581 0 0 3.889918 0.5
12.26934 27.325058 0 0 1.775857 0.5
26.029046 11.043023 0 0 4.33857 0.5
0.79236208 11.549257 0 0 2.652322 0.5
20.749056 21.522727 0 0 1.360759 0.5
9.0257605 1.5188884 1.1507063e-15 -1.5626114e-14 1.350476 0.5
1.8813418 11.219399 0 0 3.139709 0.5
9.6686674 3.5247911 -9.0753967e-15 9.8373028e-15 3.877928 0.5
12.43861 24.009419 0 0 4.111005 0.5
19.570727 24.967273 0 0 4.354529 0.5
5.5567092 6.5099653 0 0 1.958136 0.5
27.400514 14.649056 0 0 1.935129 0.5
25.409041 14.40515 0 0 0.983243 0.5
1.6664929 19.336792 0 0 4.524452 0.5
7.0133581 2.5229729 0 0 4.628506 0.5
10.636067 4.4243609 -2.8912216e-14 1.0496909e-14 4.619789 0.5
3.9931907 16.195854 0 0 6.246698 0.5
5.1989945 3.8456428 0 0 2.597917 0.5
19.298254 3.9633954 0 0 5.540445 0.5
1.666362 14.58277 0 0 1.135786 0.5
7.0903071 23.964527 0 0 0.649744 0.5
3.2445412 10.614651 0 0 4.647872 0.5
8.9396757 2.641579 -1.4199657e-14 2.3731265e-16 3.116928 0.5
14.171199 26.360585 0 0 1.058365 0.5
14.248268 22.447031 0 0 1.223223 0.5
13.29854 2.8046184 1.8995594e-14 -2.5204367e-15 6.185729 0.5
11.186166 0.86383825 -3.4183054e-15 9.2098984e-16 5.03693 0.5
4.6589658 20.349163 0 0 0.158334 0.5
2.8479949 16.191901 0 0 0.09489 0.5
14.619278 24.833805 0 0 3.182579 0.5
11.721667 4.0593274 1.4254892e-14 3.1950349e-14 5.999337 0.5
4.1530608 11.289227 0 0 0.712677 0.5
24.257162 14.513085 0 0 1.70588 0.5
3.835224 21.114198 0 0 5.092516 0.5
0.95120238 17.210768 0 0 0.506989 0.5
20.927191 6.7356421 0 0 4.452103 0.5
26.342212 15.056829 0 0 3.429354 0.5
24.53821 17.493323 0 0 5.942963 0.5
27.419415 13.488919 0 0 2.062723 0.5
13.629719 25.368262 0 0 2.598321 0.5
1.8202388 8.3301115 0 0 6.159219 0.5
19.837159 7.0388498 0 0 1.488917 0.5
0.59856653 14.991779 0 0 1.927238 0.5
25.583465 18.336913 0 0 3.98558 0.5
24.41782 22.418885 0 0 3.515453 0.5
27.11453 16.927381 0 0 3.362574 0.5
13.976174 20.165244 0 0 2.617045 0.5
15.683442 25.200797 0 0 4.416501 0.5
23.734004 4.7542622 0 0 2.357123 0.5
15.438539 24.052084 0 0 0.027213 0.5
26.129922 12.190422 0 0 3.270335 0.5
5.2090031 19.332317 0 0 5.133302 0.5
9.469716 4.640388 -2.5283365e-15 1.2191522e-14 4.163048 0.5
22.039678 14.874559 0 0 3.93618 0.5
16.499778 24.424257 0 0 5.951127 0.5
22.903403 3.9388218 0 0 4.082451 0.5
20.521516 24.362374 0 0 1.780305 0.5
25.142744 6.5785407 0 0 2.847882 0.5
23.1682 14.95358 0 0 1.767937 0.5
0.62246163 12.741049 0 0 0.00135 0.5
4.7403051 7.3797449 0 0 5.312468 0.5
25.005716 12.080601 0 0 0.320289 0.5
5.9535042 18.449158 0 0 0.581132 0.5
7.9490955 25.990165 0 0 3.087421 0.5
16.888864 1.9929555 2.3991945e-16 2.2901035e-15 3.560403 0.5
2.9481268 6.3624221 0 0 0.555117 0.5
0.7292692 16.110106 0 0 6.220608 0.5
5.7603617 24.609982 0 0 5.652715 0.5
25.720415 9.8446629 0 0 0.827952 0.5
18.895462 13.749215 0 0 1.054048 0.5
3.1769308 17.270456 0 0 0.319962 0.5
8.3551182 19.257086 0 0 2.464344 0.5
20.621607 23.224107 0 0 3.780782 0.5
4.0108062 8.7711527 0 0 0.745414 0.5
20.21626 12.805002 0 0 3.348875 0.5
25.206319 19.394441 0 0 5.365761 0.5
9.914835 25.721986 0 0 0.445642 0.5
8.5418848 24.010865 0 0 2.979068 0.5
20.643313 5.6473731 0 0 2.813895 0.5
1.2642472 18.288827 0 0 4.039246 0.5
17.842418 26.877595 0 0 4.602055 0.5
18.540734 23.174924 0 0 1.676583 0.5
14.136591 21.320552 0 0 1.207935 0.5
4.0815008 19.331676 0 0 6.164191 0.5
13.606383 1.7062362 4.6420628e-14 7.7438424e-15 1.491784 0.5
15.652407 0.74900249 -5.4805718e-16 2.429848e-16 6.269379 0.5
26.428847 19.101362 0 0 0.35856 0.5
13.273775 18.994895 0 0 0.326238 0.5
15.228099 20.919341 0 0 1.608548 0.5
15.641687 27.337855 0 0 2.616667 0.5
19.037702 1.5677298 0 0 0.410672 0.5
5.9550926 4.6814134 0 0 3.210668 0.5
21.009512 17.316049 0 0 0.309541 0.5
21.038157 3.8005385 0 0 1.761874 0.5
20.098727 3.1719196 0 0 4.731547 0.5
7.0905377 18.431725 0 0 0.313065 0.5
26.313039 13.739385 0 0 0.087229 0.5
22.745378 24.203506 0 0 5.713071 0.5
19.599513 23.70306 0 0 0.34983 0.5
2.0521045 16.989934 0 0 2.015368 0.5
15.289363 26.259467 0 0 0.42176 0.5
25.132774 15.683382 0 0 5.580866 0.5
3.6298199 5.4539433 0 0 4.066321 0.5
6.5439644 17.447346 0 0 5.863794 0.5
5.146973 16.342675 0 0 5.355125 0.5
2.6839136 15.061886 0 0 5.404824 0.5
16.905554 22.251456 0 0 1.361005 0.5
11.879701 2.85925 -1.3597802e-14 9.7320784e-15 5.19755 0.5
16.3788 23.301337 0 0 5.853071 0.5
2.3772107 18.076398 0 0 2.830697 0.5
24.441378 5.6412336 0 0 3.251414 0.5
22.279093 22.872118 0 0 3.305262 0.5
7.7463338 24.878166 0 0 3.841898 0.5
14.430217 23.558783 0 0 4.917041 0.5
12.302336 0.71139254 5.7072805e-15 6.3109484e-15 1.726803 0.5
19.758413 8.1728071 0 0 2.534849 0.5
5.4784072 22.561214 0 0 1.985571 0.5
8.1937849 3.486527 0 0 5.636684 0.5
7.8356392 4.9888185 0 0 0.642493 0.5
18.265477 3.4999786 0 0 5.796573 0.5
21.737229 5.9111894 0 0 4.738871 0.5
4.7503748 14.15064 0 0 1.568073 0.5
20.918752 25.520122 0 0 2.749741 0.5
10.226949 5.4922417 0 0 1.171823 0.5
8.8788503 25.286377 0 0 2.226958 0.5
9.8912671 24.592796 0 0 1.548545 0.5
13.309774 23.139944 0 0 3.653333 0.5
18.022782 22.135954 0 0 4.394256 0.5
17.945509 1.1537876 0 0 0.605652 0.5
27.14637 11.252171 0 0 3.106146 0.5
0.5653447 13.86612 0 0 3.095002 0.5
23.972327 16.200373 0 0 1.841384 0.5
10.057539 26.837058 0 0 6.034028 0.5
12.495909 25.16928 0 0 1.857551 0.5
2.1550489 20.347589 0 0 1.702664 0.5
18.904015 26.51159 0 0 1.16125 0.5
5.3312575 21.288496 0 0 4.720586 0.5
12.95169 17.586261 0 0 0.205718 0.5
5.1230098 5.4646113 0 0 5.820667 0.5
2.2143649 10.137952 0 0 3.894129 0.5
1.6171165 13.449925 0 0 3.074393 0.5
4.3229631 6.3375229 0 0 0.467747 0.5
23.317874 6.0176351 0 0 5.60533 0.5
16.400222 26.081389 0 0 6.227367 0.5
21.555815 4.7967643 0 0 5.177094 0.5
26.805793 10.165989 0 0 0.203779 0.5
6.0543239 23.526094 0 0 6.095105 0.5
3.7361055 14.657596 0 0 5.150288 0.5
1.039276 10.449782 0 0 3.059892 0.5
4.9601078 23.813615 0 0 3.692189 0.5
4.6839549 18.337427 0 0 3.246869 0.5
15.333439 22.888152 0 0 2.032293 0.5
2.3522956 7.3206063 0 0 6.136396 0.5
23.563587 23.433597 0 0 4.563161 0.5
12.47939 1.9039736 3.3896492e-14 -2.7467842e-14 5.916686 0.5
2.7730473 19.130006 0 0 1.344992 0.5
12.836923 20.877894 0 0 3.633442 0.5
26.816898 18.021009 0 0 2.78777 0.5
25.268783 13.273868 0 0 1.483056 0.5
14.517746 27.428676 0 0 0.879468 0.5
26.217186 8.7123472 0 0 4.923104 0.5
13.536597 24.244234 0 0 5.350229 0.5
6.5878332 19.455633 0 0 1.508644 0.5
19.536432 5.9334643 0 0 4.32761 0.5
10.097903 1.1555634 0 0 1.3724 0.5
21.08754 2.583322 0 0 2.64206 0.5
20.544772 18.341833 0 0 2.466218 0.5
13.041396 26.335183 0 0 0.69625 0.5
13.390701 27.417907 0 0 0.502972 0.5
2.7297136 21.311796 0 0 4.066135 0.5
14.54054 0.58454043 1.029805e-15 -1.2220881e-15 3.026607 0.5
18.83614 5.0001575 0 0 6.171553 0.5
27.317475 15.782788 0 0 3.767955 0.5
22.643239 5.1135364 0 0 5.349705 0.5
3.561097 7.3116286 0 0 3.28374 0.5
25.978447 17.269003 0 0 1.964272 0.5
11.508994 11.528584 2.5907203e-05 4.7085271e-05 1.170799 0.5
10.833086 12.870829 -1.3794896e-05 5.8427626e-05 0.802835 0.5
6.078407 3.1444026 0 0 5.063896 0.5
3.6938943 13.493523 0 0 2.243796 0.5
17.985552 2.2916938 0 0 5.270568 0.5
4.1003645 23.08832 0 0 5.757172 0.5
25.074221 8.8940991 0 0 5.271397 0.5
25.856478 20.311817 0 0 3.151318 0.5
18.550393 25.436561 0 0 0.221595 0.5
4.6937922 15.295986 0 0 1.510648 0.5
20.223103 4.6055528 0 0 5.29405 0.5
6.8475002 3.9800834 0 0 2.737677 0.5
5.8354431 15.231918 0 0 4.134415 0.5
13.196332 22.020637 0 0 1.432456 0.5
18.558685 7.7723845 0 0 2.840655 0.5
21.854156 24.896077 0 0 2.899005 0.5
6.3635999 5.7295094 0 0 4.137855 0.5
12.590904 11.980695 0 0 1.992807 0.5
3.3792505 22.227731 0 0 0.375558 0.5
16.788503 0.87103893 9.5857044e-15 -1.1939075e-15 0.629977 0.5
5.2378301 10.802181 0 0 5.301885 0.5
18.648198 24.304296 0 0 1.197725 0.5
1.8024507 15.764335 0 0 2.939026 0.5
7.1072254 15.041467 0 0 3.912909 0.5
21.175382 15.668636 0 0 3.115045 0.5
24.015052 6.9224348 0 0 1.662001 0.5
11.425748 24.502677 0 0 0.131507 0.5
