# x y vx vy theta radius
7.9244447 17.401872 -0.13796866 0.42423402 1.1755718 0.5
4.4097884 23.405534 0 0 1.764168 0.5
11.086688 24.299443 0 0 3.951996 0.5
13.587273 27.43142 0 0 4.259518 0.5
10.233335 26.887509 0 0 1.882067 0.5
3.9027087 11.681188 0 0 0.92276 0.5
7.8228677 11.114061 0 0 4.981497 0.5
26.296449 12.049061 0 0 0.663689 0.5
3.8222357 18.731361 0 0 4.599871 0.5
14.566435 6.3230345 0 0 3.315122 0.5
10.367355 2.1525285 0 0 5.224588 0.5
4.7464977 9.5649322 0 0 4.739779 0.5
24.577397 5.7193272 0 0 0.624425 0.5
6.1467172 24.903997 0 0 0.734434 0.5
13.694295 5.3982088 0 0 4.989084 0.5
2.8698204 12.126153 0 0 2.508867 0.5
22.016849 4.5335542 0 0 5.939565 0.5
10.888933 25.975659 0 0 0.028815 0.5
2.3798024 9.6309112 0 0 3.449449 0.5
22.344866 8.8544004 0 0 0.592282 0.5
5.4441131 10.446937 0 0 6.045768 0.5
0.80287506 16.536063 0 0 0.890473 0.5
9.7479172 3.5662096 0 0 2.353219 0.5
8.9014325 24.202045 0 0 1.672869 0.5
7.7188085 22.724754 0 0 4.21507 0.5
3.8656441 12.818944 0 0 0.4829 0.5
12.029245 23.391886 0 0 6.274711 0.5
9.3440632 1.416257 0 0 1.301021 0.5
8.8050314 4.2789385 0 0 3.538852 0.5
2.1513144 17.362433 0 0 1.72413 0.5
9.2515992 2.5473141 0 0 0.779811 0.5
25.340198 12.755598 0 0 1.209651 0.5
8.7864456 23.082419 0 0 5.377079 0.5
4.5243546 17.136154 0 0 3.122843 0.5
20.051396 2.0015975 0 0 4.105439 0.5
0.63726133 15.425837 0 0 2.246795 0.5
10.567517 1.0329595 0 0 3.468535 0.5
27.085562 17.001787 0 0 5.532293 0.5
26.508714 18.902272 0 0 0.531572 0.5
15.602989 2.9430555 0 0 5.261584 0.5
17.33376 5.1951378 0 0 0.040113 0.5
23.955855 6.6612562 0 0 4.576591 0.5
26.326354 8.656124 0 0 0.209824 0.5
6.6295693 10.58358 0 0 1.770879 0.5
26.274349 17.798237 0 0 4.791815 0.5
25.027631 10.526009 0 0 2.522673 0.5
1.794553 11.792774 0 0 3.232151 0.5
27.334656 12.492054 0 0 0.943125 0.5
20.934124 25.50625 0 0 1.031271 0.5
6.6023384 6.8638055 0 0 1.523797 0.5
21.553028 6.9226055 0 0 1.787492 0.5
7.4311694 3.8837927 0 0 3.056837 0.5
5.27256 24.199331 0 0 3.332967 0.5
27.404217 14.836633 0 0 3.889918 0.5
1.211389 9.8795748 0 0 1.775857 0.5
20.124859 4.2812371 0 0 4.33857 0.5
13.311651 6.6816043 0 0 2.652322 0.5
26.785511 9.8794538 0 0 1.360759 0.5
22.271051 13.874897 0 0 1.350476 0.5
16.193101 20.387983 0 0 3.139709 0.5
21.122159 3.7419587 0 0 3.877928 0.5
27.167325 11.329848 0 0 4.111005 0.5
3.2802291 5.9103194 0 0 4.354529 0.5
6.8169175 21.47112 0 0 1.958136 0.5
4.539419 7.7518474 0 0 1.935129 0.5
20.991982 4.9947026 0 0 0.983243 0.5
3.6488997 22.570002 0 0 4.524452 0.5
5.364804 19.263532 0 0 4.628506 0.5
5.0113523 11.495125 0 0 4.619789 0.5
2.971862 21.671055 0 0 6.246698 0.5
15.49603 0.71817235 0 0 2.597917 0.5
1.7334562 15.156951 0 0 5.540445 0.5
10.888269 3.1834057 0 0 1.135786 0.5
26.396399 13.174412 0 0 0.649744 0.5
15.085815 7.4065365 0 0 4.647872 0.5
17.40906 11.451662 7.3123637e-15 -6.6114819e-15 3.116928 0.5
25.228601 6.6357414 0 0 1.058365 0.5
24.439029 9.4391555 0 0 1.223223 0.5
22.747782 24.143927 0 0 6.185729 0.5
22.207653 19.728047 0 0 5.03693 0.5
22.382289 7.7318932 0 0 0.158334 0.5
4.9475313 18.218684 0 0 0.09489 0.5
18.881952 26.508151 0 0 3.182579 0.5
8.141514 26.056824 0 0 5.999337 0.5
25.266537 19.098034 0 0 0.712677 0.5
14.895982 3.8373536 0 0 1.70588 0.5
25.175103 8.58981 0 0 5.092516 0.5
8.5933544 21.864851 0 0 0.506989 0.5
5.6605394 21.545743 0 0 4.452103 0.5
4.0921706 6.7119878 0 0 3.429354 0.5
15.300049 21.691496 0 0 5.942963 0.5
18.955956 1.5096134 0 0 2.062723 0.5
9.1085332 25.391949 0 0 2.598321 0.5
2.0096655 10.690913 0 0 6.159219 0.5
23.097838 23.06335 0 0 1.488917 0.5
2.93989 19.46313 0 0 1.927238 0.5
2.8275023 15.527585 0 0 3.98558 0.5
23.359489 19.883627 0 0 3.515453 0.5
12.457006 27.340826 0 0 3.362574 0.5
23.235929 12.519241 0 0 2.617045 0.5
23.955816 21.225875 0 0 4.416501 0.5
26.37316 14.320744 0 0 2.357123 0.5
18.215503 25.26152 0 0 0.027213 0.5
16.00509 4.1926307 0 0 3.270335 0.5
5.0371461 6.0991194 0 0 5.133302 0.5
7.5477898 23.898305 0 0 4.163048 0.5
17.942968 7.5479987 0 0 3.93618 0.5
15.802803 1.8383904 0 0 5.951127 0.5
24.377255 14.662877 0 0 4.082451 0.5
0.59015668 13.183294 0 0 1.780305 0.5
23.072165 21.935658 0 0 2.847882 0.5
27.423679 13.684321 0 0 1.767937 0.5
23.895609 10.426873 0 0 0.00135 0.5
5.2773046 3.7858913 0 0 5.312468 0.5
6.087094 5.5601521 0 0 0.320289 0.5
15.528326 27.334142 0 0 0.581132 0.5
20.780566 6.1014337 0 0 3.087421 0.5
4.2385683 10.603933 0 0 3.560403 0.5
3.3616365 17.706613 0 0 0.555117 0.5
5.1239179 4.972688 0 0 6.220608 0.5
16.668794 27.086786 0 0 5.652715 0.5
17.732701 1.0977553 0 0 0.827952 0.5
3.4965793 9.7601006 0 0 1.054048 0.5
7.0923119 25.520621 0 0 0.319962 0.5
9.4950694 8.1448532 0 0 2.464344 0.5
24.131505 11.776788 0 0 3.780782 0.5
14.888847 15.367571 -9.4311295e-11 2.154004e-11 0.745414 0.5
4.7473907 22.29699 0 0 3.348875 0.5
11.832072 25.141045 0 0 5.365761 0.5
6.6646344 12.67548 0 0 0.445642 0.5
9.1660353 26.535197 0 0 2.979068 0.5
6.5741509 22.674948 0 0 2.813895 0.5
4.0029856 5.0340909 0 0 4.039246 0.5
24.50012 20.203376 0 0 4.602055 0.5
24.178258 22.756547 0 0 1.676583 0.5
16.9495 1.9062303 0 0 1.207935 0.5
7.0898829 5.0026084 0 0 6.164191 0.5
21.232328 8.0847943 0 0 1.491784 0.5
14.483902 25.695326 0 0 6.269379 0.5
20.919105 24.082254 0 0 0.35856 0.5
22.687898 20.87263 0 0 0.326238 0.5
10.19166 25.060812 0 0 1.608548 0.5
26.136147 10.807921 0 0 2.616667 0.5
9.8562388 6.705673 0 0 0.410672 0.5
14.744895 4.9780233 0 0 3.210668 0.5
23.497588 8.8212822 0 0 0.309541 0.5
2.7672944 13.284573 0 0 1.761874 0.5
23.032983 4.0513162 0 0 4.731547 0.5
13.613616 1.4028523 0 0 0.313065 0.5
18.050359 2.1774823 0 0 0.087229 0.5
11.410816 7.4490602 0 0 5.713071 0.5
6.027911 9.4563238 0 0 0.34983 0.5
10.888307 5.6437604 0 0 2.015368 0.5
8.2872951 1.8589654 0 0 0.42176 0.5
25.268964 13.941233 0 0 5.580866 0.5
6.1443194 20.531379 0 0 4.066321 0.5
4.0666175 21.404531 0 0 5.863794 0.5
4.9502293 20.671257 0 0 5.355125 0.5
9.8626934 22.678656 0 0 5.404824 0.5
12.05292 26.274073 0 0 1.361005 0.5
6.1328149 11.630544 0 0 5.19755 0.5
10.899452 23.150882 0 0 5.853071 0.5
5.5772251 7.3224057 0 0 2.830697 0.5
2.3663327 20.725833 0 0 3.251414 0.5
1.0607524 17.628873 0 0 3.305262 0.5
7.8547304 21.012634 0 0 3.841898 0.5
4.3241141 19.738581 0 0 4.917041 0.5
2.8561829 8.6143308 0 0 1.726803 0.5
19.274023 7.5523041 0 0 2.534849 0.5
24.88139 21.880666 0 0 1.985571 0.5
8.3568929 3.2381031 0 0 5.636684 0.5
23.655074 16.348478 0 0 0.642493 0.5
22.16664 3.3306295 0 0 5.796573 0.5
18.200318 4.4087927 0 0 4.738871 0.5
19.917708 26.004466 0 0 1.568073 0.5
23.837678 4.8458527 0 0 2.749741 0.5
1.8484951 19.72915 0 0 1.171823 0.5
7.302666 2.4027063 0 0 2.226958 0.5
10.05923 4.7300111 0 0 1.548545 0.5
0.90909385 10.962459 0 0 3.653333 0.5
0.70400599 12.066142 0 0 4.394256 0.5
8.1927306 5.2417392 0 0 0.605652 0.5
25.797425 7.6064905 0 0 3.106146 0.5
24.627174 7.5886795 0 0 3.095002 0.5
22.967966 5.5651443 0 0 1.841384 0.5
12.791834 0.61807534 0 0 6.034028 0.5
6.4225297 23.793509 0 0 1.857551 0.5
0.56576645 14.30552 0 0 1.702664 0.5
8.0501584 24.933718 0 0 1.16125 0.5
15.987408 6.5863571 0 0 4.720586 0.5
2.0759404 7.805157 0 0 0.205718 0.5
1.6631695 14.036566 0 0 5.820667 0.5
26.926239 15.873261 0 0 3.894129 0.5
3.4213701 7.6396627 0 0 3.074393 0.5
21.142231 2.6194756 0 0 0.467747 0.5
17.01069 25.93188 0 0 5.60533 0.5
2.5015658 18.42909 0 0 6.227367 0.5
6.3395431 4.1621974 0 0 5.177094 0.5
3.0118417 16.637581 0 0 0.203779 0.5
11.530881 1.9839974 0 0 6.095105 0.5
1.4087296 18.696077 0 0 5.150288 0.5
20.139093 3.127455 0 0 3.059892 0.5
21.858796 5.7748094 0 0 3.692189 0.5
11.335128 27.151976 0 0 3.246869 0.5
9.2398437 5.6485505 0 0 2.032293 0.5
3.1201563 10.854497 0 0 6.136396 0.5
6.2533769 3.0319399 0 0 4.563161 0.5
21.964361 22.956847 0 0 5.916686 0.5
7.4123424 9.6595849 0 0 1.344992 0.5
22.910233 9.865025 0 0 3.633442 0.5
20.440156 7.2582175 0 0 2.78777 0.5
14.381946 0.57732526 0 0 1.483056 0.5
19.133398 3.7516378 0 0 0.879468 0.5
17.117141 6.2979498 0 0 4.923104 0.5
21.540847 20.764078 0 0 5.350229 0.5
15.608087 26.209226 0 0 1.508644 0.5
25.49407 20.914491 0 0 4.32761 0.5
1.5987747 8.8225811 0 0 1.3724 0.5
2.7427194 14.407665 0 0 2.64206 0.5
25.688856 9.611565 0 0 2.466218 0.5
17.784766 26.772799 0 0 0.69625 0.5
5.429714 12.537336 0 0 0.502972 0.5
21.882887 24.877727 0 0 4.066135 0.5
21.926187 21.829779 0 0 3.026607 0.5
26.053407 19.93436 0 0 6.171553 0.5
13.235511 26.253646 0 0 3.767955 0.5
5.3019132 8.576267 0 0 5.349705 0.5
6.489716 8.2527792 0 0 3.28374 0.5
17.123457 4.0736621 0 0 1.964272 0.5
16.72582 3.0080855 0 0 1.170799 0.5
2.634701 6.8302505 0 0 0.802835 0.5
1.8950101 16.268903 0 0 5.063896 0.5
3.9738207 8.7349648 0 0 2.243796 0.5
17.94455 3.2964636 0 0 5.270568 0.5
25.249782 11.633705 0 0 5.757172 0.5
5.5326592 23.10033 0 0 5.271397 0.5
22.830693 6.6852045 0 0 3.151318 0.5
14.529722 26.817508 0 0 0.221595 0.5
23.051165 11.247842 0 0 1.510648 0.5
15.938626 5.4429241 0 0 5.29405 0.5
3.4609164 20.457999 0 0 2.737677 0.5
24.242312 13.20851 0 0 4.134415 0.5
1.6857843 12.914051 0 0 1.432456 0.5
9.9789387 23.883443 0 0 2.840655 0.5
16.764301 7.5082841 0 0 2.899005 0.5
23.507737 7.6934262 0 0 4.137855 0.5
18.580259 6.6110459 0 0 1.992807 0.5
19.617108 5.2825073 0 0 0.375558 0.5
7.6045992 8.3889845 0 0 0.629977 0.5
18.513709 5.4890904 0 0 5.301885 0.5
3.9182639 15.943125 0 0 1.197725 0.5
16.622036 0.83070089 0 0 2.939026 0.5
11.660987 0.76880823 0 0 3.912909 0.5
19.687496 6.4055759 0 0 3.115045 0.5
19.097754 2.6285814 0 0 1.662001 0.5
19.588036 24.890366 0 0 0.131507 0.5
