# x y vx vy theta radius
18.533008 10.448812 -0.35651318 -0.50812238 3.6617066 0.5
9.0592418 25.343669 0 0 1.764168 0.5
14.853402 26.369531 0 0 3.951996 0.5
16.69577 27.165322 0 0 4.259518 0.5
13.344418 27.422694 0 0 1.882067 0.5
13.582566 12.22447 0 0 0.92276 0.5
10.307788 22.428334 0 0 4.981497 0.5
25.143601 15.741581 0 0 0.663689 0.5
6.387588 22.133987 0 0 4.599871 0.5
5.1355386 3.9064792 0 0 3.315122 0.5
14.897689 3.5529829 -4.1467824e-16 2.7572409e-16 5.224588 0.5
3.9379168 7.4850412 0 0 4.739779 0.5
25.751832 7.4836158 0 0 0.624425 0.5
10.240041 25.736607 0 0 0.734434 0.5
12.035712 3.1403752 0 0 4.989084 0.5
5.1904934 7.5762996 0 0 2.508867 0.5
24.491961 5.6050269 0 0 5.939565 0.5
17.067217 26.031 0 0 0.028815 0.5
1.9436534 12.904666 0 0 3.449449 0.5
23.853166 17.596529 0 0 0.592282 0.5
1.6910297 8.6821288 0 0 6.045768 0.5
1.5570285 19.012819 0 0 0.890473 0.5
4.273638 6.406495 0 0 2.353219 0.5
16.163369 21.859703 0 0 1.672869 0.5
13.743418 23.10623 0 0 4.21507 0.5
12.205837 25.194647 0 0 0.4829 0.5
18.370395 22.050661 0 0 6.274711 0.5
13.746213 1.6709867 0 0 1.301021 0.5
24.36404 13.855757 0 0 3.538852 0.5
3.6107439 20.645235 0 0 1.72413 0.5
10.655069 0.99326523 0 0 0.779811 0.5
27.14717 16.650284 0 0 1.209651 0.5
11.476341 26.047973 0 0 5.377079 0.5
4.9470395 22.457507 0 0 3.122843 0.5
22.047534 4.6580271 2.5949139e-16 2.0260596e-16 4.105439 0.5
0.89460804 16.870226 0 0 2.246795 0.5
17.039005 3.1562611 0 0 3.468535 0.5
24.961988 21.773012 0 0 5.532293 0.5
25.39722 18.966331 0 0 0.531572 0.5
20.206435 3.3642369 1.5488396e-16 0 5.261584 0.5
25.412748 13.369719 0 0 0.040113 0.5
17.554935 4.4451056 4.8690696e-16 3.9173325e-16 4.576591 0.5
27.424603 14.38131 0 0 0.209824 0.5
5.4832559 21.453888 0 0 1.770879 0.5
24.864248 19.956295 0 0 4.791815 0.5
26.277041 15.932784 0 0 2.522673 0.5
0.9171404 12.22145 0 0 3.232151 0.5
26.903874 17.746318 0 0 0.943125 0.5
21.805867 24.939029 0 0 1.031271 0.5
8.9564486 3.7766004 0 0 1.523797 0.5
12.152699 15.89122 0 0 1.787492 0.5
10.124273 1.9863012 0 0 3.056837 0.5
7.9525016 26.000484 0 0 3.332967 0.5
25.572069 20.830782 0 0 3.889918 0.5
2.3029869 7.4243517 0 0 1.775857 0.5
12.523035 10.603571 0 0 4.33857 0.5
19.949029 23.582178 0 0 2.652322 0.5
24.772966 16.805406 0 0 1.360759 0.5
17.75486 19.756603 0 0 1.350476 0.5
20.149044 24.687139 0 0 3.139709 0.5
16.711414 24.963042 0 0 3.877928 0.5
27.346672 15.532341 0 0 4.111005 0.5
5.3640569 5.091948 0 0 4.354529 0.5
12.4921 24.108281 0 0 1.958136 0.5
5.4475162 6.2117726 0 0 1.935129 0.5
23.834283 6.5284138 0 0 0.983243 0.5
6.9691972 25.449167 0 0 4.524452 0.5
9.503755 19.28381 0 0 4.628506 0.5
2.4239443 9.56933 0 0 4.619789 0.5
5.5325973 24.435265 0 0 6.246698 0.5
17.145305 2.0078297 0 0 2.597917 0.5
14.280442 22.119488 0 0 5.540445 0.5
9.1144894 2.6389012 0 0 1.135786 0.5
26.547192 18.810641 0 0 0.649744 0.5
21.736942 22.225201 0 0 4.647872 0.5
9.2732389 23.121217 0 0 3.116928 0.5
26.007749 8.5774435 0 0 1.058365 0.5
21.239658 12.731125 0 0 1.223223 0.5
25.278081 14.566828 0 0 6.185729 0.5
15.852483 24.134905 0 0 5.03693 0.5
14.835139 10.687144 -1.2069587e-12 1.8273477e-12 0.158334 0.5
5.154124 19.070605 0 0 0.09489 0.5
12.392789 12.07204 0 0 3.182579 0.5
12.609943 26.243586 0 0 5.999337 0.5
22.799259 22.618649 0 0 0.712677 0.5
23.226191 14.614993 0 0 1.70588 0.5
25.15731 6.5108849 0 0 5.092516 0.5
16.162701 23.038302 0 0 0.506989 0.5
11.396583 23.862041 0 0 4.452103 0.5
2.8962016 8.4379677 0 0 3.429354 0.5
12.53461 22.917936 0 0 5.942963 0.5
22.068356 3.2576427 0 1.5172031e-16 2.062723 0.5
11.120926 27.126705 0 0 2.598321 0.5
2.72836 14.115492 0 0 6.159219 0.5
23.562445 21.791399 0 0 1.488917 0.5
4.1537638 19.614607 0 0 1.927238 0.5
1.1607313 17.96262 0 0 3.98558 0.5
22.691652 24.249589 0 0 3.515453 0.5
15.586404 27.344751 0 0 3.362574 0.5
20.734026 15.666319 0 0 2.617045 0.5
24.275333 22.660946 0 0 4.416501 0.5
24.25209 20.902478 0 0 2.357123 0.5
19.87733 26.085153 0 0 0.027213 0.5
21.214963 14.539155 0 0 3.270335 0.5
10.982706 2.71696 0 0 5.133302 0.5
13.730942 26.355749 0 0 4.163048 0.5
11.397654 22.735268 0 0 3.93618 0.5
18.080445 1.2021444 -2.6970967e-16 0 5.951127 0.5
26.102152 19.841204 0 0 4.082451 0.5
0.60124811 14.625738 0 0 1.780305 0.5
19.944766 22.372346 0 0 2.847882 0.5
25.988847 17.087854 0 0 1.767937 0.5
26.287354 12.563189 0 0 0.00135 0.5
21.954899 5.7860275 0 0 5.312468 0.5
6.0061803 3.197614 0 0 0.320289 0.5
19.000399 22.979828 0 0 0.581132 0.5
13.609527 24.221732 0 0 3.087421 0.5
8.9029794 4.9420598 0 0 3.560403 0.5
7.7971923 23.776446 0 0 0.555117 0.5
3.5743667 5.5275255 0 0 6.220608 0.5
18.848279 26.533736 0 0 5.652715 0.5
20.168589 2.0629678 0 0 0.827952 0.5
16.224627 4.0206222 2.1157546e-16 1.7580088e-16 1.054048 0.5
10.032993 26.839815 0 0 0.319962 0.5
8.07161 3.0657532 0 0 2.464344 0.5
26.383714 14.813736 0 0 3.780782 0.5
17.794021 24.596018 0 0 0.745414 0.5
6.6536053 24.371704 0 0 3.348875 0.5
14.732524 24.221709 0 0 5.365761 0.5
2.5699719 18.484227 0 0 0.445642 0.5
12.226472 27.321158 0 0 2.979068 0.5
8.9751316 26.46333 0 0 2.813895 0.5
6.2662941 4.4168344 0 0 4.039246 0.5
18.931925 19.76189 0 0 4.602055 0.5
21.976878 23.383044 0 0 1.676583 0.5
18.229929 2.3151814 0 2.6405637e-16 1.207935 0.5
15.850172 0.69718992 0 1.23202e-16 6.164191 0.5
20.877553 5.3922704 0 0 1.491784 0.5
15.593331 25.227425 0 0 6.269379 0.5
13.538075 18.470782 0 0 0.35856 0.5
20.895704 22.968768 0 0 0.326238 0.5
14.469594 25.314282 0 0 1.608548 0.5
26.504303 13.69119 0 0 2.616667 0.5
12.892255 0.60992332 0 0 0.410672 0.5
8.7011763 20.821282 0 0 3.210668 0.5
26.661448 9.4986636 0 0 0.309541 0.5
2.7711145 15.290125 0 0 1.761874 0.5
21.175819 3.9385986 0 0 4.731547 0.5
13.986154 9.3705521 0 0 0.313065 0.5
19.271617 2.7394659 0 0 0.087229 0.5
11.093245 24.971436 0 0 5.713071 0.5
11.778552 21.62512 0 0 0.34983 0.5
8.0843442 1.939769 0 0 2.015368 0.5
14.746358 2.4394768 1.074191e-16 2.137533e-16 0.42176 0.5
17.366634 22.55676 0 0 5.580866 0.5
4.2373229 21.587865 0 0 4.066321 0.5
5.7270656 23.269236 0 0 5.863794 0.5
9.7475379 21.397448 0 0 5.355125 0.5
13.323156 25.308667 0 0 5.404824 0.5
18.130418 25.669607 0 0 1.361005 0.5
7.9580856 4.3317006 0 0 5.19755 0.5
13.10357 13.287581 0 0 5.853071 0.5
10.001683 3.3376115 0 0 2.830697 0.5
3.8894307 22.842666 0 0 3.251414 0.5
1.9992441 20.044714 0 0 3.305262 0.5
6.8464471 23.177445 0 0 3.841898 0.5
8.9013574 24.180612 0 0 4.917041 0.5
9.9401849 4.4765389 0 0 1.726803 0.5
21.478226 20.954363 0 0 2.534849 0.5
22.834958 15.667341 0 0 1.985571 0.5
10.822511 9.3224136 0 0 5.636684 0.5
13.131648 21.847197 0 0 0.642493 0.5
23.071503 5.6489694 0 0 5.796573 0.5
16.975658 0.89708839 0 0 4.738871 0.5
20.865706 25.552438 0 0 1.568073 0.5
24.484228 7.617217 0 0 2.749741 0.5
3.1747764 21.962449 0 0 1.171823 0.5
11.774903 0.74814399 -2.4549884e-16 0 2.226958 0.5
8.0391754 6.5196003 0 0 1.548545 0.5
1.2606353 9.7228008 0 0 3.653333 0.5
0.61286533 13.330523 0 0 4.394256 0.5
11.036019 3.8636676 0 0 0.605652 0.5
26.976732 10.583827 0 0 3.106146 0.5
25.646063 10.039175 0 0 3.095002 0.5
23.265431 10.237466 7.3319138e-05 -3.4666617e-05 1.841384 0.5
11.058339 5.1271731 0 0 6.034028 0.5
10.314211 23.56274 0 0 1.857551 0.5
1.8629733 16.260517 0 0 1.702664 0.5
15.973462 26.286095 0 0 1.16125 0.5
19.863037 20.389251 0 0 4.720586 0.5
2.9597897 6.4684478 0 0 0.205718 0.5
5.990825 20.215059 0 0 5.820667 0.5
22.166343 20.067036 0 0 3.894129 0.5
9.7613091 5.7291514 0 0 3.074393 0.5
23.752003 4.7557646 0 0 0.467747 0.5
16.942163 23.863907 0 0 5.60533 0.5
3.0238494 19.549081 0 0 6.227367 0.5
7.0552363 2.4968942 0 0 5.177094 0.5
4.7658026 20.586361 0 0 0.203779 0.5
15.878508 2.9527034 0 1.0254868e-16 6.095105 0.5
2.5475629 21.02463 0 0 5.150288 0.5
17.40988 21.374576 0 0 3.059892 0.5
20.068784 4.6081422 1.4962264e-16 1.12316e-16 3.692189 0.5
14.467057 27.430623 0 0 3.246869 0.5
7.6893079 5.4227064 0 0 2.032293 0.5
1.5418247 13.968878 0 0 6.136396 0.5
9.1167563 1.4913129 0 0 4.563161 0.5
19.311448 21.438602 0 0 5.916686 0.5
14.896601 23.101381 0 0 1.344992 0.5
26.180373 11.375865 0 0 3.633442 0.5
23.516688 23.488508 0 0 2.78777 0.5
14.014272 0.56301748 0 -2.0095892e-16 1.483056 0.5
14.870429 1.3081614 0 1.3053897e-16 0.879468 0.5
20.910653 19.985569 0 0 4.923104 0.5
22.507212 21.408625 0 0 5.350229 0.5
17.785114 26.894613 0 0 1.508644 0.5
20.431529 21.360403 0 0 4.32761 0.5
3.1153509 16.532995 0 0 1.3724 0.5
4.138947 18.379958 0 0 2.64206 0.5
27.399638 12.975847 0 0 2.466218 0.5
18.381541 20.808304 0 0 0.69625 0.5
8.7380616 22.076457 0 0 0.502972 0.5
21.089696 24.074464 0 0 4.066135 0.5
21.785241 16.137379 0 0 3.026607 0.5
23.194359 20.520866 0 0 6.171553 0.5
18.959253 24.113674 0 0 3.767955 0.5
7.0703019 3.6211236 0 0 5.349705 0.5
12.89089 2.4044381 0 0 3.28374 0.5
9.9682847 24.63349 0 0 1.964272 0.5
22.941258 3.9694719 0 0 1.170799 0.5
4.3166365 4.6829468 0 0 0.802835 0.5
2.1203031 17.376216 0 0 5.063896 0.5
16.021994 1.8068638 -1.1066087e-16 0 2.243796 0.5
19.193374 3.9024314 0 0 5.270568 0.5
23.5532 19.457172 0 0 5.757172 0.5
8.0198218 24.879967 0 0 5.271397 0.5
23.617993 16.490206 0 0 3.151318 0.5
19.160514 25.218963 0 0 0.221595 0.5
6.5804778 6.6904093 0 0 1.510648 0.5
9.513653 13.194903 0 0 5.29405 0.5
4.6769219 23.667985 0 0 2.737677 0.5
25.152369 17.867816 0 0 4.134415 0.5
0.71886028 15.760707 0 0 1.432456 0.5
1.6487545 15.120477 0 0 2.840655 0.5
6.7363559 12.957671 0 0 2.899005 0.5
27.246503 11.821795 0 0 4.137855 0.5
18.14691 3.464651 0 0 1.992807 0.5
21.145482 2.6184765 0 0 0.375558 0.5
18.862431 12.588409 -0.0019450633 0.0046220068 0.629977 0.5
13.801039 3.0617386 -1.3717528e-16 1.6955489e-16 5.301885 0.5
11.9047 1.8642743 0 0 1.197725 0.5
19.145344 1.5855188 0 0 2.939026 0.5
24.313612 18.629188 0 0 3.912909 0.5
24.900334 8.7658591 0 0 3.115045 0.5
24.054926 15.384851 0 0 1.662001 0.5
18.001442 23.491961 0 0 0.131507 0.5
