# x y vx vy theta radius
5.5681363 16.011164 0.73697938 -0.34929671 6.0956569 0.5
21.011071 23.97831 0 0 1.764168 0.5
1.8415417 19.718578 -0.0027394595 -0.00444939 3.951996 0.5
2.6014835 14.461499 0.0021190725 0.00052915902 4.259518 0.5
2.5886369 6.9022913 3.9093341e-05 -1.6783352e-05 1.882067 0.5
26.84926 17.920015 0 0 0.92276 0.5
24.333036 9.5110385 0 0 4.981497 0.5
4.6641936 14.365587 0.00078561178 -0.00038784876 0.663689 0.5
2.832086 12.094066 7.8711191e-05 6.9559078e-05 4.599871 0.5
6.4237053 9.1333137 4.0705505e-10 2.0840131e-10 3.315122 0.5
26.056873 16.476201 0 0 5.224588 0.5
20.634356 2.3209234 0 0 4.739779 0.5
11.19527 2.9858259 0 0 0.624425 0.5
15.833093 27.309911 0.0035918271 -0.00031003701 0.734434 0.5
24.187186 16.438921 0 0 4.989084 0.5
10.193452 22.131842 0.0018132764 -0.0014572659 2.508867 0.5
17.443446 1.0163877 0 0 5.939565 0.5
2.4926939 18.804403 0.00075240742 -0.001825607 0.028815 0.5
9.4499313 1.3555843 1.7152685e-13 3.5548527e-13 3.449449 0.5
9.5826973 4.836753 0 0 0.592282 0.5
4.069507 21.356869 -0.00077823278 -0.0023687937 6.045768 0.5
3.8097148 15.975314 0.0020510112 -0.0032513505 0.890473 0.5
7.4464157 8.6696901 8.0874329e-14 -3.5971549e-14 2.353219 0.5
15.788354 1.7452904 0 0 1.672869 0.5
2.0361713 7.8793645 0.00012510354 -7.2363347e-05 4.21507 0.5
6.7795975 19.641918 -0.00034447536 -0.0014516723 0.4829 0.5
7.1819652 25.573679 0.0028619851 0.00042475736 6.274711 0.5
17.170592 3.1389064 0 0 1.301021 0.5
10.522512 1.021404 7.0518135e-13 -2.1960654e-13 3.538852 0.5
4.4944571 6.07232 -0.00010977803 -7.9801865e-05 1.72413 0.5
25.113827 21.538138 0 0 0.779811 0.5
6.3483427 23.838668 0.0012351497 -2.8103963e-05 1.209651 0.5
9.2078711 26.551366 0.0042171427 0.0015766359 5.377079 0.5
18.016599 26.767812 0 0 3.122843 0.5
6.7209078 21.195361 -0.0010640272 0.001877221 4.105439 0.5
4.5265346 18.475583 0.0031361466 -0.00088508276 2.246795 0.5
4.7059056 4.2933164 2.9242988e-05 -3.7141214e-05 3.468535 0.5
14.99573 26.307753 0 0 5.532293 0.5
2.606062 13.337987 -0.00054306559 -0.0031161312 0.531572 0.5
2.5446294 16.67759 0.00016967815 -0.00024918488 5.261584 0.5
18.762451 5.8625313 0 0 0.040113 0.5
10.797326 4.1792656 0 0 4.576591 0.5
11.129438 26.07887 0.0044825532 -0.0022376995 0.209824 0.5
25.068815 17.16469 0 0 1.770879 0.5
24.883474 8.4973928 0 0 4.791815 0.5
24.697943 6.0729646 0 0 2.522673 0.5
26.473208 18.983496 0 0 3.232151 0.5
5.5006446 23.096134 -0.00041418649 -0.0024486516 0.943125 0.5
14.74475 24.042456 0 0 1.031271 0.5
3.1587907 7.8705789 -0.00020041559 -0.0001770272 1.523797 0.5
13.851881 26.253949 0 0 1.787492 0.5
7.0589142 6.6491037 0 0 3.056837 0.5
1.6995577 15.172876 -0.0081439382 -0.0035987607 3.332967 0.5
10.283138 24.152947 0.0055544979 -0.0040822051 3.889918 0.5
16.939648 27.110855 3.1940863e-07 -5.724082e-08 1.775857 0.5
25.906465 7.9559496 0 0 4.33857 0.5
1.1856493 9.9552844 0.00017833532 0.00018419875 2.652322 0.5
23.656145 8.3816214 0 0 1.360759 0.5
11.650656 0.78324527 0 0 1.350476 0.5
5.062795 7.5545749 0.00014591635 -6.991734e-05 3.139709 0.5
11.329519 1.8597285 1.8105255e-13 -4.8491569e-14 3.877928 0.5
9.751535 23.163488 0.00045236702 -0.0035200833 4.111005 0.5
22.043296 24.615106 0 0 4.354529 0.5
3.9283442 5.1028449 4.4005317e-05 -5.7308874e-05 1.958136 0.5
26.795262 10.016683 0 0 1.935129 0.5
13.829455 18.428217 0 0 0.983243 0.5
1.3835197 18.612045 0.00074281183 -0.00065921839 4.524452 0.5
8.4059025 1.7814854 1.3953996e-12 -7.9686149e-13 4.628506 0.5
5.2984572 11.502857 0.0002729992 4.7043723e-05 4.619789 0.5
3.8262441 12.615408 0.0019749153 -0.01309622 6.246698 0.5
6.4503569 2.8823066 0.00018596588 -5.9963303e-05 2.597917 0.5
17.981639 2.3223749 0 0 5.540445 0.5
2.0327901 10.691731 0.00019771908 -0.000267466 1.135786 0.5
5.9794096 22.078121 -0.00071822439 -0.00070835693 0.649744 0.5
2.7572641 15.573512 0.0014017778 -0.0028873763 4.647872 0.5
10.245259 2.1501676 6.1497847e-14 2.8885865e-13 3.116928 0.5
25.225854 15.716283 0 0 1.058365 0.5
7.8347515 21.03594 -2.3792164e-05 0.003022028 1.223223 0.5
8.021507 3.263928 0 0 6.185729 0.5
7.4045938 2.2910158 0.0004218447 -0.00023947897 5.03693 0.5
3.6579556 14.86249 0.0024396328 0.0017908287 0.158334 0.5
2.4153323 9.6342992 0.000451457 -0.00047212157 0.09489 0.5
19.269648 16.071306 0 0 3.182579 0.5
4.5741526 9.3538374 2.6948107e-05 -2.1031942e-05 5.999337 0.5
11.990512 3.82618 0 0 0.712677 0.5
24.183367 15.224758 0 0 1.70588 0.5
2.1588351 17.732581 -0.002583482 0.0011150475 5.092516 0.5
0.66640618 15.661181 -0.00055867431 -0.00055806359 0.506989 0.5
10.112807 3.2875819 0 0 4.452103 0.5
27.077954 11.104744 0 0 3.429354 0.5
9.4088197 24.866831 0.0023063804 -0.0039110316 5.942963 0.5
11.461507 18.63478 0 0 2.062723 0.5
14.714578 27.406514 -0.00027501501 0.00023318214 2.598321 0.5
4.2117476 8.2879769 0.0004650604 -0.00032519281 6.159219 0.5
14.967922 2.6894886 0 0 1.488917 0.5
0.57499389 13.404874 0.00012623815 -0.00051465121 1.927238 0.5
25.245802 13.212137 0 0 3.98558 0.5
21.943009 17.41404 0 0 3.515453 0.5
27.422199 13.401371 0 0 3.362574 0.5
11.070073 24.953767 0.007575701 -0.0017292983 2.617045 0.5
23.984737 5.2051969 0 0 4.416501 0.5
17.293855 8.5182271 0 0 2.357123 0.5
19.303683 20.827763 0 0 0.027213 0.5
26.441954 8.9488724 0 0 3.270335 0.5
8.793828 23.926954 0.00014085641 -0.0016038196 5.133302 0.5
4.8942528 10.437711 4.2971862e-05 -5.2945451e-05 4.163048 0.5
14.744023 4.7625165 0 0 3.93618 0.5
18.545558 25.763162 0 0 5.951127 0.5
17.757807 4.1131641 0 0 4.082451 0.5
11.696116 4.9502382 0 0 1.780305 0.5
25.42417 6.9297435 0 0 2.847882 0.5
15.230613 0.62052556 0 0 1.767937 0.5
0.89126023 11.057893 0.00015819146 -0.00014625025 0.00135 0.5
9.603243 17.459418 0 0 5.312468 0.5
25.960182 10.881644 0 0 0.320289 0.5
8.8225764 21.668672 0.0067470661 0.00026247379 0.581132 0.5
8.1745542 26.101317 0.0037733153 6.0161347e-05 3.087421 0.5
12.425579 1.5964544 0 0 3.560403 0.5
3.887674 7.0167185 5.8238377e-05 3.3067171e-05 0.555117 0.5
0.57777319 14.53273 -0.0050061784 0.0022659534 6.220608 0.5
6.242518 24.956158 0.0036045618 -0.00028313697 5.652715 0.5
21.605763 2.9230227 0 0 0.827952 0.5
15.92101 5.0364113 0 0 1.054048 0.5
3.4394651 18.194507 0.0020871399 -0.0012134868 0.319962 0.5
11.363418 27.17709 0.00097878525 -0.00028938631 2.464344 0.5
24.416686 22.437377 0 0 3.780782 0.5
10.797302 17.705388 0 0 0.745414 0.5
24.324845 14.052628 0 0 3.348875 0.5
8.8500022 20.546018 0.0033104137 -0.0014923946 5.365761 0.5
5.4253912 8.617399 7.5118947e-05 0.00021992339 0.445642 0.5
5.2078996 21.262963 0.0012571828 -0.0033714828 2.979068 0.5
22.274835 3.8333422 0 0 2.813895 0.5
1.0408615 17.541481 0.0003738115 4.1899648e-05 4.039246 0.5
17.230186 25.965386 0 0 4.602055 0.5
26.364644 12.806855 0 0 1.676583 0.5
10.760728 20.175698 0.0043816771 0.0014897525 1.207935 0.5
19.667969 2.9260723 0 0 6.164191 0.5
14.100115 0.57514364 0 0 1.491784 0.5
12.303261 2.7176747 0 0 6.269379 0.5
14.28122 16.705379 0 0 0.35856 0.5
4.1906604 11.314654 0.00017214957 0.00014442208 0.326238 0.5
26.247391 15.204865 0 0 1.608548 0.5
12.420922 20.475746 0 0 2.616667 0.5
23.109575 15.756601 0 0 0.410672 0.5
8.1429943 4.4532798 0.00024067965 -0.0001279929 3.210668 0.5
19.332192 24.925052 0 0 0.309541 0.5
14.202911 3.7389141 0 0 1.761874 0.5
18.693544 4.7332766 0 0 4.731547 0.5
4.5759835 20.330589 -0.0016119022 -0.0017811288 0.313065 0.5
25.695451 20.57459 0 0 0.087229 0.5
10.88735 23.118569 0.004088734 -0.00018115658 5.713071 0.5
20.756072 25.533657 0 0 0.34983 0.5
1.4295583 16.485721 -0.00088463398 -0.00085407359 2.015368 0.5
6.2775651 7.479703 0 0 0.42176 0.5
24.6794 18.658474 0 0 5.580866 0.5
6.3183231 5.7393193 1.7012392e-05 -5.1897035e-05 4.066321 0.5
16.837752 11.053345 0 0 5.863794 0.5
1.5718448 12.887231 -0.00062665187 -0.00027032675 5.355125 0.5
11.61658 9.3728434 0 0 5.404824 0.5
3.7397336 19.331466 -0.0032194234 -0.0030147305 1.361005 0.5
10.164971 9.6032142 0 0 5.19755 0.5
10.040154 25.796262 0.003334647 0.0003496333 5.853071 0.5
1.5716393 14.009564 -0.00018859952 -0.0020055786 2.830697 0.5
22.223946 6.6361501 0 0 3.251414 0.5
7.7534918 22.16758 0.00068630697 -0.0026320939 3.305262 0.5
10.007746 14.306866 0 0 3.841898 0.5
10.273848 26.907191 -0.00036209729 -0.0010725334 4.917041 0.5
23.145363 23.591156 0 0 1.726803 0.5
27.278592 15.68936 0 0 2.534849 0.5
4.7298088 22.279705 -0.00021917794 -0.00080881245 1.985571 0.5
18.522929 8.8807741 0 0 5.636684 0.5
14.672625 1.5980377 0 0 0.642493 0.5
10.62502 5.3398046 0 0 5.796573 0.5
23.227483 14.38697 0 0 4.738871 0.5
7.146848 4.9811421 0.00022297458 -0.00029589513 1.568073 0.5
21.032562 6.3641248 0 0 2.749741 0.5
1.7541337 11.77991 0.00043769939 -0.0028199437 1.171823 0.5
16.091607 26.013909 0 0 2.226958 0.5
7.7670973 23.436079 0.00051601206 -0.00058480228 1.548545 0.5
7.8837176 19.892934 0.0020934874 -0.0039605464 3.653333 0.5
19.740095 26.096298 0 0 4.394256 0.5
13.548544 1.5810305 0 0 0.605652 0.5
25.614456 9.7867123 0 0 3.106146 0.5
0.69029859 12.18752 0.00024266869 -0.00010920033 3.095002 0.5
27.427605 14.541368 0 0 1.841384 0.5
13.591788 27.432405 0.0018611816 -0.00017586184 6.034028 0.5
15.586727 24.958641 0 0 1.857551 0.5
2.3627154 20.714119 0.00045748396 -0.0014348304 1.702664 0.5
20.309514 22.149549 0 0 1.16125 0.5
3.4507705 20.416023 0.00049619647 -0.0041373342 4.720586 0.5
3.6562985 13.734384 -0.00031569018 0.0013500113 0.205718 0.5
16.089601 2.8330924 0 0 5.820667 0.5
15.805866 20.753725 0 0 3.894129 0.5
3.3289383 8.9814864 0.00013570006 -9.7364097e-05 3.074393 0.5
15.354351 3.7979889 0 0 0.467747 0.5
19.586745 4.0496936 0 0 5.60533 0.5
16.798241 24.835988 0 0 6.227367 0.5
16.34651 0.77079154 0 0 5.177094 0.5
26.421054 13.986214 0 0 0.203779 0.5
7.2911459 24.456445 0.0025235279 0.0014687426 6.095105 0.5
18.123755 24.709175 0 0 5.150288 0.5
1.5669554 8.8991183 8.3979986e-05 0.00020585758 3.059892 0.5
5.2974937 24.233447 0.0046982185 0.0023209656 3.692189 0.5
8.6917719 22.791045 0.0020725971 -0.0034176745 3.246869 0.5
25.744717 18.128958 0 0 2.032293 0.5
3.2207898 5.9744928 3.2252381e-05 -3.5954122e-05 6.136396 0.5
13.422121 4.6096729 0 0 4.563161 0.5
13.840018 2.6709384 0 0 5.916686 0.5
5.2366131 19.41171 0.0039247785 0.0011415756 1.344992 0.5
25.455339 19.475582 0 0 3.633442 0.5
25.394487 14.465426 0 0 2.78777 0.5
27.311652 12.202868 0 0 1.483056 0.5
19.795386 19.212664 0 0 0.879468 0.5
24.377472 7.3458724 0 0 4.923104 0.5
24.879774 11.554273 0 0 5.350229 0.5
5.9271431 20.387881 0.0021413979 0.0022121868 1.508644 0.5
3.5953974 17.076712 0.0013258182 0.0009617122 4.32761 0.5
13.093207 3.5219247 0 0 1.3724 0.5
19.601389 1.7861118 0 0 2.64206 0.5
5.9529832 13.954457 1.1800694e-13 -5.2411046e-13 2.466218 0.5
9.8588822 21.057879 -0.00049647587 -0.0016175284 0.69625 0.5
12.472196 27.348715 0.0064128638 0.0013982829 0.502972 0.5
2.9659418 21.660704 0.00096697182 0.0017382623 4.066135 0.5
9.0749379 3.7195193 0 0 3.026607 0.5
16.888604 2.009727 0 0 6.171553 0.5
5.5200779 6.5285672 -3.8266425e-05 -6.5107179e-07 3.767955 0.5
23.288837 4.3207651 0 0 5.349705 0.5
5.2829928 5.2735056 0.00026801684 -0.00027151917 3.28374 0.5
18.39245 19.712623 0 0 1.964272 0.5
7.0225935 3.8532571 0 0 1.170799 0.5
6.8282956 22.819446 -0.0015170126 -0.0046803763 0.802835 0.5
6.1192831 4.5234056 1.5038371e-14 -1.3502904e-14 5.063896 0.5
6.0340638 18.604054 -0.00099192445 -0.0036908628 2.243796 0.5
16.481656 4.0419697 0 0 5.270568 0.5
4.4133287 23.395788 -0.00089607313 6.5534771e-05 5.757172 0.5
10.048301 6.7997512 0 0 5.271397 0.5
12.385302 19.347847 0 0 3.151318 0.5
24.556793 20.324959 0 0 0.221595 0.5
3.6892261 10.044588 0.00022413501 0.00044070359 1.510648 0.5
8.1831089 5.6272584 0 0 5.29405 0.5
9.2111362 2.5990516 0 0 2.737677 0.5
7.2176984 18.477098 0.006239234 -0.00090609559 4.134415 0.5
23.307293 22.208676 0 0 1.432456 0.5
18.592953 3.2656107 0 0 2.840655 0.5
9.6991888 19.805469 0.0047011742 -0.0093376302 2.899005 0.5
5.5484857 3.5514767 9.2641617e-05 -5.6860537e-05 4.137855 0.5
5.9856041 10.167775 3.1339749e-13 1.0403638e-13 1.992807 0.5
3.6412266 22.560759 -0.00029617982 -0.0015521339 0.375558 0.5
12.973603 0.60335556 0 0 0.629977 0.5
7.9448222 10.599652 0 0 5.301885 0.5
23.089846 16.91209 0 0 1.197725 0.5
3.1107863 11.006673 0.00017085646 0.00013760953 2.939026 0.5
10.318405 18.836684 0 0 3.912909 0.5
27.139599 16.807272 0 0 3.115045 0.5
18.557819 1.3577944 0 0 1.662001 0.5
8.2867381 24.980361 0.0020712511 0.00026818142 0.131507 0.5
