# x y vx vy theta radius
6.4454797 10.311738 0.13770108 -0.22574173 4.6793688 0.5
11.885389 22.043364 0 0 1.764168 0.5
16.221892 26.239508 0 0 3.951996 0.5
26.182989 16.360506 0 0 4.259518 0.5
18.075357 26.804547 0 0 1.882067 0.5
20.196928 12.584832 0 0 0.92276 0.5
13.844924 2.7624558 0 0 4.981497 0.5
4.4051048 9.9845855 -0.076412001 0.029246133 0.663689 0.5
12.252023 1.8140668 0 0 4.599871 0.5
23.957772 13.16022 0 0 3.315122 0.5
16.980741 27.102783 0 0 5.224588 0.5
17.184686 3.1381251 0 0 4.739779 0.5
27.413825 14.800219 0 0 0.624425 0.5
20.530127 25.728947 0 0 0.734434 0.5
4.2167753 11.107467 0.0021912719 -0.0070872992 4.989084 0.5
24.963296 11.207737 0 0 2.508867 0.5
16.085295 2.8738299 0 0 5.939565 0.5
3.2727398 5.9073197 0.044763119 -0.067407401 0.028815 0.5
19.070836 7.4994135 0 0 3.449449 0.5
23.399102 23.588312 0 0 0.592282 0.5
2.0142072 7.9210059 0.00077765132 0.0040549173 6.045768 0.5
5.3782192 11.182944 0.0035744129 0.017716671 0.890473 0.5
12.297731 0.67328391 0.0018152648 -0.0003054007 2.353219 0.5
4.9703777 12.336979 -0.011376576 0.018857442 1.672869 0.5
12.783846 26.265201 0 0 4.21507 0.5
14.751899 27.415727 0 0 0.4829 0.5
4.4016032 4.5940537 0.019469845 0.009579077 6.274711 0.5
18.922358 1.4989907 -7.3224874e-14 1.3755853e-13 1.301021 0.5
23.466003 6.1465732 0 0 3.538852 0.5
3.8009049 12.196684 -1.1897341e-11 3.5159688e-12 1.72413 0.5
26.153648 19.729497 0 0 0.779811 0.5
27.360614 12.554202 0 0 1.209651 0.5
7.0899024 20.111354 0 0 5.377079 0.5
7.1940369 23.003182 0 0 3.122843 0.5
14.142235 23.100067 0 0 4.105439 0.5
3.2952617 10.143307 -0.053434726 0.035951782 2.246795 0.5
24.255565 9.0601619 0 0 3.468535 0.5
19.431217 5.2725845 0 0 5.532293 0.5
20.402335 20.005348 0 0 0.531572 0.5
9.1432537 4.3731294 0 0 5.261584 0.5
24.108422 15.423168 0 0 0.040113 0.5
14.967272 2.7371969 0 0 4.576591 0.5
25.379763 9.0807982 0 0 0.209824 0.5
24.684556 17.505507 0 0 1.770879 0.5
27.430134 13.676052 0 0 4.791815 0.5
14.543976 1.6964546 0 1.6484352e-14 2.522673 0.5
25.760561 18.573075 0 0 3.232151 0.5
4.5757261 23.48701 0 0 0.943125 0.5
24.869802 21.879695 0 0 1.031271 0.5
17.887184 2.2548626 0 0 1.523797 0.5
3.7381138 20.570825 0 0 1.787492 0.5
24.331138 5.4066453 5.9927288e-15 -5.1646379e-14 3.056837 0.5
11.673751 26.09222 0 0 3.332967 0.5
5.3734074 24.293578 0 0 3.889918 0.5
18.246308 5.6906901 0 0 1.775857 0.5
5.2224339 3.8318061 0.023980995 0.0052502071 4.33857 0.5
16.783138 1.9814269 0 0 2.652322 0.5
23.687985 8.0903177 0 0 1.360759 0.5
13.419842 1.7090322 0 0 1.350476 0.5
6.1911503 21.998331 0 0 3.139709 0.5
14.588927 25.336011 0 0 3.877928 0.5
10.869027 22.618427 0 0 4.111005 0.5
24.175058 22.762834 0 0 4.354529 0.5
4.2576016 7.8676154 -0.033613644 -0.018757906 1.958136 0.5
22.612186 5.1935364 0 0 1.935129 0.5
25.011301 6.3012255 1.2739744e-14 -5.607281e-14 0.983243 0.5
6.4042396 23.841415 0 0 4.524452 0.5
9.7604258 2.5381376 0 0 4.628506 0.5
11.17223 17.09191 0 0 4.619789 0.5
11.28979 25.026812 0 0 6.246698 0.5
19.971882 3.093344 5.3025399e-14 2.4486451e-14 2.597917 0.5
12.922133 23.941287 0 0 5.540445 0.5
6.5662964 5.9565845 0.069941812 -0.0061190907 1.135786 0.5
19.934396 22.363791 0 0 0.649744 0.5
11.059894 23.914634 0 0 4.647872 0.5
22.338848 6.2878079 0 0 3.116928 0.5
24.701739 10.092429 0 0 1.058365 0.5
8.3412542 24.990322 0 0 1.223223 0.5
21.87159 3.1153928 -5.6156734e-15 -4.0795517e-14 6.185729 0.5
23.177224 9.3788653 0 0 5.03693 0.5
19.504806 26.258388 0 0 0.158334 0.5
9.2352252 26.559108 0 0 0.09489 0.5
23.814792 19.565871 0 0 3.182579 0.5
19.95187 1.9519042 -2.0114029e-14 -4.211726e-14 5.999337 0.5
11.591947 2.8859451 0 0 0.712677 0.5
8.4079506 14.88074 0 0 1.70588 0.5
10.196889 24.638407 0 0 5.092516 0.5
8.1252247 23.658509 0 0 0.506989 0.5
18.249459 3.5025034 0 0 4.452103 0.5
12.716432 2.855371 0 0 3.429354 0.5
21.128968 8.3608216 0 0 5.942963 0.5
22.603911 8.3862675 0 0 2.062723 0.5
4.8671816 17.180341 0 0 2.598321 0.5
17.860037 1.1281665 3.6584699e-14 4.5841137e-14 6.159219 0.5
9.4838741 13.796919 0 0 1.488917 0.5
5.6316474 23.020287 0 0 1.927238 0.5
23.773744 21.587243 0 0 3.98558 0.5
20.414657 24.607954 0 0 3.515453 0.5
25.014085 19.714824 0 0 3.362574 0.5
13.32874 3.8184381 0 0 2.617045 0.5
26.778682 18.098547 0 0 4.416501 0.5
26.087275 11.215115 0 0 2.357123 0.5
15.71581 25.23568 0 0 0.027213 0.5
23.906402 16.546712 0 0 3.270335 0.5
0.86132871 11.29757 -0.043382108 0.013578842 5.133302 0.5
22.756118 3.8072784 -1.6809845e-14 -5.8674112e-14 4.163048 0.5
10.842636 2.0010297 0 0 3.93618 0.5
2.5048928 20.779732 0 0 5.951127 0.5
19.343934 6.3998101 0 0 4.082451 0.5
5.4812473 4.922269 0.008457455 0.0066807242 1.780305 0.5
22.290472 14.531996 0 0 2.847882 0.5
22.500729 10.352984 0 0 1.767937 0.5
19.641447 4.1683599 0 0 0.00135 0.5
25.22614 15.27575 0 0 5.312468 0.5
7.0490065 2.533187 0.0022872663 -0.0022339389 0.320289 0.5
14.539395 0.5736462 -3.6582096e-14 -1.2261904e-15 0.581132 0.5
24.633867 18.636136 0 0 3.087421 0.5
20.58964 4.7888868 0 0 3.560403 0.5
17.416026 4.2668689 0 0 0.555117 0.5
1.9472594 11.025283 -0.005971591 -0.022562441 6.220608 0.5
22.294649 23.284048 0 0 5.652715 0.5
24.136386 7.052608 0 0 0.827952 0.5
25.858432 12.314702 0 0 1.054048 0.5
16.72751 24.721735 0 0 0.319962 0.5
22.975621 7.2147453 0 0 2.464344 0.5
20.998122 11.796152 0 0 3.780782 0.5
18.489729 25.751315 0 0 0.745414 0.5
19.401403 25.095154 0 0 3.348875 0.5
23.634449 10.513971 0 0 5.365761 0.5
12.500712 27.352313 0 0 0.445642 0.5
3.0525914 11.288905 -0.00058531639 0.021284356 2.979068 0.5
13.466208 25.353232 0 0 2.813895 0.5
8.0208403 1.9715532 0.0088081381 -0.0058083787 4.039246 0.5
14.033338 24.315519 0 0 4.602055 0.5
1.5164676 9.0250473 -0.038451614 0.018513529 1.676583 0.5
5.174907 7.1576362 -0.0046187496 0.00010664829 1.207935 0.5
21.249916 6.5879529 0 0 6.164191 0.5
25.765513 14.289108 0 0 1.491784 0.5
9.4107117 25.444876 0 0 6.269379 0.5
11.645114 7.4485447 0 0 0.35856 0.5
21.484389 5.4813412 0 0 0.326238 0.5
20.885756 22.987608 0 0 1.608548 0.5
13.976884 26.355825 0 0 2.616667 0.5
8.1324965 3.3156603 1.5861965e-13 -7.3027372e-14 0.410672 0.5
15.871049 27.307314 0 0 3.210668 0.5
23.260401 20.553892 0 0 0.309541 0.5
8.7836106 12.423146 0 0 1.761874 0.5
10.106121 1.147202 -0.00048198283 -0.00022719957 4.731547 0.5
9.858479 22.096695 0 0 0.313065 0.5
8.9799782 22.897645 0 0 0.087229 0.5
24.567937 14.238899 0 0 5.713071 0.5
14.913956 4.7701883 0 0 0.34983 0.5
10.008078 23.439935 0 0 2.015368 0.5
3.9135879 6.8085138 0.10668801 -0.032756755 0.42176 0.5
3.1440966 7.8779109 -0.045007033 0.017023483 5.580866 0.5
2.6959336 19.575411 0 0 4.066321 0.5
4.8160175 22.214511 0 0 5.863794 0.5
21.481103 21.121776 0 0 5.355125 0.5
6.2625232 24.981736 0 0 5.404824 0.5
0.74725457 12.563652 -0.00079999941 0.010649975 1.361005 0.5
23.577184 4.5732557 1.8425892e-14 -3.1646909e-14 5.19755 0.5
20.465082 18.646655 0 0 5.853071 0.5
2.6222008 6.8727876 0.024916869 -0.011797567 2.830697 0.5
20.00936 8.2784876 0 0 3.251414 0.5
25.601312 20.740372 0 0 3.305262 0.5
3.7644481 22.698288 0 0 3.841898 0.5
14.450793 3.7470635 0 0 4.917041 0.5
21.779022 22.274174 0 0 1.726803 0.5
25.210619 13.291208 0 0 2.534849 0.5
7.6560937 21.887718 0 0 1.985571 0.5
18.196578 20.043593 0 0 5.636684 0.5
8.1553034 11.183897 0.00033247956 0.0012196248 0.642493 0.5
16.947225 5.3006444 0 0 5.796573 0.5
17.306924 25.938716 0 0 4.738871 0.5
21.411009 23.987578 0 0 1.568073 0.5
12.902049 21.506268 0 0 2.749741 0.5
22.587272 21.461283 0 0 1.171823 0.5
9.0443887 1.5128394 0.0010683398 -0.0009456635 2.226958 0.5
0.93156909 16.815667 0 0 1.548545 0.5
5.4460453 6.0588477 0.017285212 0.022815234 3.653333 0.5
22.500037 24.389381 0 0 4.394256 0.5
20.913133 3.705933 0 0 0.605652 0.5
25.825804 10.119964 0 0 3.106146 0.5
16.104795 15.798149 0 0 3.095002 0.5
26.142006 8.2457108 0 0 1.841384 0.5
15.165259 24.254479 0 0 6.034028 0.5
10.730626 15.971417 0 0 1.857551 0.5
21.325249 10.668309 0 0 1.702664 0.5
21.553236 25.111204 0 0 1.16125 0.5
4.3755724 5.7157611 0.01790031 -0.0087569715 4.720586 0.5
10.300005 26.916273 0 0 0.205718 0.5
16.235887 4.06365 0 0 5.820667 0.5
20.347737 21.314287 0 0 3.894129 0.5
6.2137696 7.6152847 0.023491725 -0.0070918785 3.074393 0.5
20.930927 2.5021566 1.2705282e-15 -2.4488601e-14 0.467747 0.5
7.3346 24.471287 0 0 5.60533 0.5
1.6384623 19.035766 0 0 6.227367 0.5
3.7410999 9.0398677 -0.025280445 0.026626811 5.177094 0.5
23.430009 14.153045 0 0 0.203779 0.5
11.191298 0.85940993 0.0031476653 -0.0010111088 6.095105 0.5
18.541408 4.5869043 0 0 5.150288 0.5
6.6278797 4.8224904 -3.531774e-14 -1.2466188e-13 3.059892 0.5
10.481851 25.806372 0 0 3.692189 0.5
13.019077 22.683788 0 0 3.246869 0.5
21.78528 9.2751067 0 0 2.032293 0.5
20.258753 7.1204054 0 0 6.136396 0.5
3.0692748 21.80646 0 0 4.563161 0.5
15.674993 1.7931104 0 0 5.916686 0.5
19.834927 23.626234 0 0 1.344992 0.5
24.811432 8.078612 0 0 3.633442 0.5
15.101383 26.342357 0 0 2.78777 0.5
14.058343 21.909126 0 0 1.483056 0.5
11.97309 23.192531 0 0 0.879468 0.5
27.301291 15.91713 0 0 4.923104 0.5
24.466873 20.703639 0 0 5.350229 0.5
23.085847 22.479485 0 0 1.508644 0.5
27.19166 11.444014 0 0 4.32761 0.5
21.798741 4.3986783 0 0 1.3724 0.5
6.1000197 3.1327972 -0.0016274454 -0.0013395458 2.64206 0.5
27.09436 17.020741 0 0 2.466218 0.5
2.1938408 9.9149675 -0.037611758 -0.014204212 0.69625 0.5
13.846005 20.538987 0 0 0.502972 0.5
7.0407276 3.7487484 1.4858195e-12 7.6358588e-13 4.066135 0.5
12.00484 4.1260192 0 0 3.026607 0.5
8.2022852 26.119474 0 0 6.171553 0.5
6.045905 8.7279358 0.010194267 -0.0032657059 3.767955 0.5
2.6291586 8.8782274 -0.0086078738 0.0071150901 5.349705 0.5
13.416449 0.57655158 1.1189726e-14 3.4962789e-14 3.28374 0.5
7.2086992 25.590631 0 0 1.964272 0.5
1.113809 10.202892 0.012292405 0.025761905 1.170799 0.5
12.413078 24.963843 0 0 0.802835 0.5
10.428322 7.440677 0 0 5.063896 0.5
7.9374035 4.5403033 2.7036726e-14 1.9001348e-14 2.243796 0.5
6.9269655 11.657122 0.0024562565 0.0092240834 5.270568 0.5
11.391166 27.180611 0 0 5.757172 0.5
25.811249 17.420157 0 0 5.271397 0.5
26.368295 15.244689 0 0 3.151318 0.5
22.269141 11.481982 0 0 0.221595 0.5
5.4936019 9.7226293 0.03931277 0.06124467 1.510648 0.5
9.1451972 24.162334 0 0 5.29405 0.5
10.626882 3.5830535 0 0 2.737677 0.5
24.680421 12.296752 0 0 4.134415 0.5
17.844898 24.832216 0 0 1.432456 0.5
25.608938 7.2514246 2.648773e-13 4.2113172e-13 2.840655 0.5
26.580673 9.2829889 0 0 2.899005 0.5
21.880586 7.5254598 0 0 4.137855 0.5
16.770537 0.85182968 1.2182217e-13 -8.0215754e-15 1.992807 0.5
11.756977 13.620433 0 0 0.375558 0.5
20.364627 5.8968022 0 0 0.629977 0.5
26.362776 13.327352 0 0 5.301885 0.5
26.92905 10.350629 0 0 1.197725 0.5
15.658949 0.66422393 -7.2415797e-14 -1.4012238e-14 2.939026 0.5
18.952654 2.6228969 -4.9685041e-14 9.6200794e-14 3.912909 0.5
4.8449606 8.8134614 -0.014268244 -0.064363295 3.115045 0.5
25.061181 16.417164 0 0 1.662001 0.5
13.623282 27.430625 0 0 0.131507 0.5
