# x y vx vy theta radius
20.736506 10.341951 0.3182552 0.50736162 1.6436219 0.5
2.6021618 21.119678 4.6279235e-05 6.3926693e-05 1.764168 0.5
12.960594 25.235758 0 0 3.951996 0.5
13.799648 27.426575 0 0 4.259518 0.5
11.346776 26.063731 0 0 1.882067 0.5
8.0543628 13.747131 0 0 0.92276 0.5
9.1999652 15.709545 0 0 4.981497 0.5
25.306789 12.670893 3.9414626e-08 4.6676568e-08 0.663689 0.5
4.2761106 17.335956 0 0 4.599871 0.5
10.92294 8.5695525 0 0 3.315122 0.5
11.226691 0.85047978 -0.0052977149 0.0010507774 5.224588 0.5
3.4092155 9.845572 8.7011881e-08 -2.5766038e-08 4.739779 0.5
23.606941 4.6212341 0.0017009842 0.0058203267 0.624425 0.5
3.2400872 22.04324 3.2061568e-05 6.4095867e-05 0.734434 0.5
5.0237249 9.0440006 0 0 4.989084 0.5
3.6502579 10.941918 1.593276e-08 7.9850986e-08 2.508867 0.5
21.726092 4.2301693 -0.010506633 -0.0071948925 5.939565 0.5
10.468746 26.953394 0 0 0.028815 0.5
2.745707 8.9208362 4.49254e-09 3.6136525e-09 3.449449 0.5
23.43333 10.228701 0.017083863 0.038137183 0.592282 0.5
6.987586 6.3584786 0 0 6.045768 0.5
1.7048078 14.726024 1.6439804e-06 -1.3180994e-07 0.890473 0.5
8.079421 6.066302 0 0 2.353219 0.5
7.9825756 24.718943 0 0 1.672869 0.5
7.0241446 24.127642 0 0 4.21507 0.5
12.710262 21.048902 0 0 0.4829 0.5
12.262958 23.962578 0 0 6.274711 0.5
10.139845 1.1275478 -0.0025508917 0.00073927558 1.301021 0.5
10.513338 3.2680637 0 0 3.538852 0.5
3.7205578 12.892282 0 0 1.72413 0.5
11.051994 1.9625387 -0.006115105 -0.00096658848 0.779811 0.5
25.415388 13.806948 -0.0025372328 -0.0011360884 1.209651 0.5
15.103058 23.090163 0 0 5.377079 0.5
6.5174342 14.130174 0 0 3.122843 0.5
18.943538 1.5040481 0.0020347781 0.0010402662 4.105439 0.5
0.58299529 14.764535 4.9625094e-06 3.3198997e-05 2.246795 0.5
12.739701 2.7781605 0 0 3.468535 0.5
27.435438 13.759426 0.0020424229 0.0080780881 5.532293 0.5
27.060484 17.153152 -3.963232e-08 -1.1197714e-07 0.531572 0.5
11.141957 7.4503611 0 0 5.261584 0.5
18.949854 4.9305571 -0.018788372 -0.016060424 0.040113 0.5
23.315425 5.8110369 0.0028105805 -0.00032913549 4.576591 0.5
25.659672 7.3195467 0.0036163675 0.0051403377 0.209824 0.5
5.4040464 11.934816 0 0 1.770879 0.5
27.282706 16.042074 6.5022167e-09 -3.4125872e-08 4.791815 0.5
24.544479 10.378293 0.0023183929 0.0003142077 2.522673 0.5
1.7491005 12.146971 -1.5726668e-09 6.4798396e-09 3.232151 0.5
26.566473 9.3675417 0.0025991777 0.0068207581 0.943125 0.5
15.777696 24.079514 0 0 1.031271 0.5
8.6519108 7.3701979 0 0 1.523797 0.5
21.503293 7.1131622 -0.022999575 0.01171979 1.787492 0.5
8.6893273 3.8129514 0.0014172861 0.0038869139 3.056837 0.5
3.9082449 21.128234 0 0 3.332967 0.5
27.204447 11.522613 -0.00110031 0.0070890825 3.889918 0.5
1.4265449 9.2556548 -0.00026574786 0.0005941082 1.775857 0.5
19.7984 4.1933501 -0.011745689 -0.00048277776 4.33857 0.5
13.397372 3.8565384 0 0 2.652322 0.5
26.175686 8.3145898 0.0084812659 0.017916686 1.360759 0.5
17.758996 8.0025838 0 0 1.350476 0.5
13.526762 24.258946 0 0 3.139709 0.5
20.783214 3.6200062 0.0023009388 0.0020631032 3.877928 0.5
25.504684 9.7608183 -3.2897464e-08 2.0948745e-08 4.111005 0.5
3.677516 5.3949366 -0.0018862415 0.0022761452 4.354529 0.5
4.557087 20.208913 0 0 1.958136 0.5
5.9056661 6.0478451 0 0 1.935129 0.5
20.74781 4.7892166 -0.0036170334 -0.010176034 0.983243 0.5
2.0477777 20.14369 2.5061482e-05 8.1585495e-05 4.524452 0.5
7.1230694 22.970422 0 0 4.628506 0.5
6.0526975 13.037532 0 0 4.619789 0.5
1.5767745 19.124841 4.5389604e-05 6.0471303e-05 6.246698 0.5
14.572752 0.57343912 0.001482758 -7.1629609e-06 2.597917 0.5
4.2377 13.935608 0 0 5.540445 0.5
12.159433 1.7743792 -0.00069695674 -0.0024246385 1.135786 0.5
26.351829 13.135551 -0.0063409734 0.003314112 0.649744 0.5
22.294008 10.498967 1.1916691e-08 3.5683617e-08 4.647872 0.5
23.7209 15.284858 -9.9039312e-07 1.0394972e-06 3.116928 0.5
24.386417 5.4731395 0.00085774993 0.0071528017 1.058365 0.5
23.614341 8.289313 -4.0381939e-05 3.1453644e-05 1.223223 0.5
18.223039 26.730105 0 0 6.185729 0.5
25.401148 18.677679 -6.928814e-09 4.6915865e-09 5.03693 0.5
21.281116 8.2128174 0.027914733 0.021760621 0.158334 0.5
6.0034635 15.75599 0 0 0.09489 0.5
18.21165 25.499808 0 0 3.182579 0.5
7.3572943 25.669831 0 0 5.999337 0.5
27.365589 14.920774 -9.0002168e-07 -6.7049218e-08 0.712677 0.5
17.179688 5.3490593 0 0 1.70588 0.5
24.587013 7.6998299 8.9993748e-05 0.00014260355 5.092516 0.5
10.790804 21.064738 0 0 0.506989 0.5
3.2583773 20.196838 0 0 4.452103 0.5
4.8277328 5.6508114 -2.0616405e-09 2.0647958e-09 3.429354 0.5
15.23111 25.215568 0 0 5.942963 0.5
17.883869 1.1349253 1.4544753e-06 0.00061350325 2.062723 0.5
9.3963624 26.612815 0 0 2.598321 0.5
2.0134525 11.055991 -1.7845904e-08 6.908639e-08 6.159219 0.5
24.328636 22.560429 0 0 1.488917 0.5
2.0195409 16.997432 1.0660782e-07 -5.5306127e-08 1.927238 0.5
2.5926361 12.88828 2.0567726e-12 1.8134024e-12 3.98558 0.5
26.301228 15.414659 1.7275906e-06 7.0398919e-07 3.515453 0.5
12.677413 27.362346 0 0 3.362574 0.5
22.928542 9.2281657 8.0546251e-05 -0.001629332 2.617045 0.5
26.743651 18.254076 -5.3632824e-07 9.7123547e-07 4.416501 0.5
25.254328 14.979446 1.6428562e-07 -8.0378523e-07 2.357123 0.5
13.91207 21.361645 0 0 0.027213 0.5
14.665844 3.6592767 -0.0036039404 0.0031730466 3.270335 0.5
5.6240445 4.8575758 4.0236274e-09 3.6840905e-09 5.133302 0.5
5.9847798 23.03355 0 0 4.163048 0.5
18.772459 7.4853454 -0.013365547 -0.014449397 3.93618 0.5
15.505369 2.9059777 -0.0088015873 -0.0051585107 5.951127 0.5
24.729767 17.191663 -2.7130362e-07 5.477954e-07 4.082451 0.5
0.64271103 12.522386 -1.8753423e-05 9.2368305e-05 1.780305 0.5
25.851267 20.313336 -3.3107784e-07 6.6988082e-07 2.847882 0.5
26.953427 10.421116 0.0025085451 0.0092409754 1.767937 0.5
24.163717 9.2952214 2.0174853e-09 1.5967155e-08 0.00135 0.5
6.1331998 3.1043897 -0.0028324957 0.002013428 5.312468 0.5
6.5643021 4.1443829 0 0 0.320289 0.5
14.922636 27.3947 0 0 0.581132 0.5
20.727879 6.2995216 0.0014253559 -0.0035846891 3.087421 0.5
4.2499617 11.891119 2.5091274e-09 3.9726678e-09 3.560403 0.5
8.3135413 14.905427 0 0 0.555117 0.5
5.2518026 3.7985389 -0.0019202846 0.0016198008 6.220608 0.5
16.043044 27.274235 0 0 5.652715 0.5
16.797183 0.85547249 0.00015750228 0.0029041397 0.827952 0.5
4.6722706 7.8667983 0 0 1.054048 0.5
6.3996231 25.078999 0 0 0.319962 0.5
19.235794 21.75451 0 0 2.464344 0.5
25.051966 11.555046 -0.00083016637 0.00071638342 3.780782 0.5
26.434298 14.284104 -0.0077285356 0.006724158 0.745414 0.5
3.9487298 22.913723 5.8015109e-06 2.3921257e-05 3.348875 0.5
13.592083 26.318233 0 0 5.365761 0.5
6.1040898 7.1635065 0 0 0.445642 0.5
8.3574713 26.183864 0 0 2.979068 0.5
4.29598 19.114476 0 0 2.813895 0.5
4.4313015 4.5638588 -0.001712857 0.0017550048 4.039246 0.5
26.118381 16.52337 1.7016087e-08 -2.4322732e-07 4.602055 0.5
23.870826 21.30862 -1.2740201e-08 9.9498164e-09 1.676583 0.5
16.628977 1.9656356 -0.0035552165 -0.0036781759 1.207935 0.5
7.6116615 3.4722209 0 0 6.164191 0.5
24.73396 20.588854 -1.4081873e-08 5.4905809e-09 1.491784 0.5
12.458796 26.254801 0 0 6.269379 0.5
22.566096 23.897006 0 0 0.35856 0.5
24.58537 19.454198 -5.278445e-09 -3.1034004e-09 0.326238 0.5
8.1987399 23.362311 0 0 1.608548 0.5
25.902877 10.818778 -0.00014196219 -0.0003012292 2.616667 0.5
9.8454679 7.3332744 0 0 0.410672 0.5
13.87404 2.6994764 0 0 3.210668 0.5
22.407621 8.2288514 0.012894966 -0.0042501024 0.309541 0.5
2.9277986 11.808905 0 0 1.761874 0.5
21.888466 3.1199716 0.00284648 0.00033945071 4.731547 0.5
13.450507 0.57244307 0.00036452023 -0.0001056351 0.313065 0.5
17.715199 2.2479605 0.00084308432 0.0012311461 0.087229 0.5
9.7662859 4.1297617 1.0522573e-08 3.132611e-09 5.713071 0.5
3.9195851 15.02576 0 0 0.34983 0.5
14.401756 1.6929185 -0.0019860588 -0.0021168606 2.015368 0.5
9.0795812 1.4943915 -0.0015722724 0.00063782443 0.42176 0.5
21.737968 17.750335 0 0 5.580866 0.5
4.0689982 16.209239 0 0 4.066321 0.5
2.6977322 19.183157 3.038102e-05 1.5839687e-06 5.863794 0.5
3.4604757 18.351536 1.000059e-07 2.3231751e-08 5.355125 0.5
14.662234 24.236266 0 0 5.404824 0.5
14.09082 25.310456 0 0 1.361005 0.5
9.0974315 11.100028 0 0 5.19755 0.5
6.3386967 21.908187 0 0 5.853071 0.5
6.7254073 5.2619699 0 0 2.830697 0.5
1.2452833 18.052456 1.6507789e-05 7.2068655e-05 3.251414 0.5
0.69359727 15.881529 4.2215156e-06 2.8421175e-05 3.305262 0.5
5.1717501 21.166121 0 0 3.841898 0.5
3.1116413 17.256835 2.5328814e-07 6.0119596e-08 4.917041 0.5
3.9133446 8.8426658 8.3497778e-08 -5.9330463e-09 1.726803 0.5
21.744018 9.3794074 -0.0002181148 3.0614417e-05 2.534849 0.5
25.029199 21.677182 0 0 1.985571 0.5
9.95975 2.2407072 -0.012325766 0.00079210748 5.636684 0.5
25.070953 16.095358 -5.902555e-07 3.9496291e-08 0.642493 0.5
20.952798 2.4998435 0.0013194549 0.0019669137 5.796573 0.5
18.227813 5.7898137 -0.002102115 -0.0086426187 4.738871 0.5
17.138155 25.873431 0 0 1.568073 0.5
22.776174 3.8233576 -1.6009328e-05 2.7048844e-05 2.749741 0.5
0.89702741 16.985394 8.3455371e-07 4.3761787e-05 1.171823 0.5
8.0536398 1.9483738 -0.0027100293 0.0013809189 2.226958 0.5
17.922014 4.4852001 -0.017893668 -0.012023064 1.548545 0.5
1.0744998 10.321417 -7.7595025e-05 0.00024308522 3.653333 0.5
0.8126088 11.412872 -2.4001296e-05 0.00012102907 4.394256 0.5
7.9261201 4.635154 -0.0031399664 0.0033842508 0.605652 0.5
25.060703 6.370388 0.0096568054 0.020538238 3.106146 0.5
23.993843 6.7249958 -0.0084956589 -0.0005670382 3.095002 0.5
22.543896 4.9960711 0.0031927557 -0.00010352394 1.841384 0.5
11.62751 3.0446192 0 0 6.034028 0.5
4.7408729 23.708979 4.9780427e-05 6.4672749e-05 1.857551 0.5
0.56599949 13.642209 4.9574937e-08 4.8962304e-05 1.702664 0.5
5.776942 24.140807 2.5033459e-05 1.0435607e-05 1.16125 0.5
20.02374 7.1771543 -0.003234454 -0.0014450635 4.720586 0.5
2.3905387 7.2308658 -0.0012220699 0.0019315125 0.205718 0.5
3.0952604 13.903819 0 0 5.820667 0.5
27.366242 12.638726 -0.00018054389 0.0088307331 3.894129 0.5
3.2794078 7.9162706 7.1978428e-05 5.5479953e-05 3.074393 0.5
19.968706 1.9606203 0.0015329143 -0.0015543715 0.467747 0.5
17.470259 24.600526 0 0 5.60533 0.5
2.9251207 16.13141 0 0 6.227367 0.5
7.0692827 2.4862642 -0.0034495302 0.0020791567 5.177094 0.5
5.0360911 15.167322 0 0 0.203779 0.5
13.278889 1.6820431 -0.0031242056 0.0013395984 6.095105 0.5
1.8180492 15.880558 0 0 5.150288 0.5
19.80354 3.0709072 0.00081752577 0.0021813536 3.059892 0.5
21.571477 5.5561184 0.001326793 -0.0013085627 3.692189 0.5
11.564223 27.199508 0 0 3.246869 0.5
11.769245 6.1535585 0 0 2.032293 0.5
2.293281 9.9688602 4.4876045e-05 3.6972636e-05 6.136396 0.5
8.944122 2.717562 -0.0092848353 -0.002122497 4.563161 0.5
21.939845 24.841909 0 0 5.916686 0.5
4.8492106 12.911825 0 0 1.344992 0.5
24.247298 18.277945 -6.1864278e-07 1.430548e-06 3.633442 0.5
20.439707 9.0011434 -0.01120983 0.01219604 2.78777 0.5
15.52047 1.7777585 0.0025556022 0.00046095599 1.483056 0.5
18.770763 3.7388169 -0.00087795174 0.00085715819 0.879468 0.5
7.3639487 7.4590317 0 0 4.923104 0.5
23.824394 16.428692 -8.8938346e-07 8.3719599e-07 5.350229 0.5
16.352749 25.058925 0 0 1.508644 0.5
25.799686 17.620288 -1.0116209e-06 -8.7762695e-07 4.32761 0.5
1.8662615 8.2230612 -0.00061765387 0.001244232 1.3724 0.5
5.3610941 14.039198 0 0 2.64206 0.5
25.119047 8.7039243 4.7233645e-09 3.6423073e-09 2.466218 0.5
17.143205 27.037742 0 0 0.69625 0.5
13.91607 18.120489 0 0 0.502972 0.5
19.273935 26.320109 0 0 4.066135 0.5
23.582711 23.405252 0 0 3.026607 0.5
26.346313 19.305734 -4.1040685e-08 8.6527792e-08 6.171553 0.5
14.753061 26.281801 0 0 3.767955 0.5
7.1657049 15.259976 0 0 5.349705 0.5
5.8681063 8.3030703 0 0 3.28374 0.5
16.837099 4.19414 -0.016690303 0.010206597 1.964272 0.5
16.614319 3.0875191 -0.002600928 -0.0026877836 1.170799 0.5
2.9956959 6.2859828 -0.0017028157 0.002414594 0.802835 0.5
9.1675535 12.749813 0 0 5.063896 0.5
3.8908287 6.9633855 8.3536966e-10 6.4079893e-10 2.243796 0.5
17.710283 3.3726717 -0.0036597734 0.0011078077 5.270568 0.5
26.151576 11.919892 -2.4719723e-08 -1.7635656e-08 5.757172 0.5
5.0917095 22.318361 0 0 5.271397 0.5
22.344441 6.3695992 -0.024495642 0.01662048 3.151318 0.5
15.872976 26.148048 0 0 0.221595 0.5
23.843554 11.501935 -1.1807315e-07 2.1136032e-07 1.510648 0.5
15.721375 4.0771715 -0.012559616 -0.0012297334 5.29405 0.5
2.3668627 18.097243 1.4517947e-05 5.6281295e-07 2.737677 0.5
24.297848 14.202706 -3.0218987e-07 6.8103539e-07 4.134415 0.5
1.6998198 13.595862 0 0 1.432456 0.5
9.5195029 25.476394 0 0 2.840655 0.5
18.676189 8.9066627 -0.0034866044 0.0020363469 2.899005 0.5
23.022086 7.2863563 0.0088326294 -0.023628406 4.137855 0.5
17.835974 6.8409303 -0.046838225 -0.0098106273 1.992807 0.5
19.902411 5.5270514 -0.018309412 -0.016262872 0.375558 0.5
5.001422 6.7683027 0 0 0.629977 0.5
19.203319 6.4106453 -0.0027479004 0.0010190858 5.301885 0.5
2.7955446 14.991023 2.7343467e-07 6.6429252e-08 1.197725 0.5
15.690866 0.66802023 0.0002453956 -9.2058319e-05 2.939026 0.5
12.332585 0.66504959 -0.0045218005 0.00063913533 3.912909 0.5
19.624393 8.2294572 -0.0090625 -0.0072413418 3.115045 0.5
18.776922 2.6155705 0.0017769035 0.00065477225 1.662001 0.5
17.079396 23.250179 0 0 0.131507 0.5
