# x y vx vy theta radius
24.170543 11.253435 0.34055283 0.12929559 0.80422402 0.5
21.743982 23.680544 0 0 1.764168 0.5
2.7288512 21.318456 0 0 3.951996 0.5
3.9296326 15.595625 0 0 4.259518 0.5
1.4102379 9.2992317 0 0 1.882067 0.5
22.989961 16.629997 -0.0012708485 -0.00050605259 0.92276 0.5
25.286035 12.990925 -0.0057901418 0.0095612555 4.981497 0.5
22.473266 12.007847 -0.0052533454 0.0014157428 0.663689 0.5
2.9443627 12.129904 0 0 4.599871 0.5
5.853956 6.114028 0 0 3.315122 0.5
25.99754 16.811674 -0.0046373588 0.0010245348 5.224588 0.5
19.377922 2.9307381 0 0 4.739779 0.5
22.868789 13.085994 0.0010098597 0.0031280187 0.624425 0.5
17.485716 25.809917 0 0 0.734434 0.5
25.3013 19.042993 -2.3313337e-05 -1.2361506e-05 4.989084 0.5
15.484979 27.295618 0 0 2.508867 0.5
20.728678 2.367557 1.7901294e-06 1.1297193e-06 5.939565 0.5
2.1186944 17.558288 0 0 0.028815 0.5
8.0611417 1.9450796 0 0 3.449449 0.5
10.081888 2.1914709 0 0 0.592282 0.5
3.0406461 19.65198 0 0 6.045768 0.5
3.8072471 14.447719 0 0 0.890473 0.5
6.4139041 7.0877284 0 0 2.353219 0.5
23.59575 20.154998 0 0 1.672869 0.5
1.0614801 10.367592 0 0 4.21507 0.5
12.287014 1.7514264 0 0 0.4829 0.5
8.5720112 25.07588 0 0 6.274711 0.5
21.592203 8.4459196 0 0 1.301021 0.5
13.755233 0.57669497 0 0 3.538852 0.5
4.679453 5.9106832 0 0 1.72413 0.5
21.897927 24.867166 0 0 0.779811 0.5
4.9943568 22.400615 0 0 1.209651 0.5
6.7047262 22.54788 0 0 5.377079 0.5
18.751853 25.353332 0 0 3.122843 0.5
5.5234108 17.596858 0 0 4.105439 0.5
4.678736 9.9375356 0 0 2.246795 0.5
3.6611759 5.4286652 0 0 3.468535 0.5
19.741674 24.810222 0 0 5.532293 0.5
2.7818765 13.251959 0 0 0.531572 0.5
4.3766489 17.793619 0 0 5.261584 0.5
24.773579 5.968246 -0.03744041 -0.055673641 0.040113 0.5
4.9590872 15.119074 0 0 4.576591 0.5
7.6155391 23.35806 0 0 0.209824 0.5
24.607673 18.116285 -0.0051483414 0.0011755385 1.770879 0.5
26.916244 10.280161 0.04453621 -0.012254464 4.791815 0.5
25.931712 7.8723137 -0.026049222 -0.063910006 2.522673 0.5
24.086577 19.125065 0 0 3.232151 0.5
4.3609013 19.780679 0 0 0.943125 0.5
20.002277 15.461242 -0.0040810735 -0.00074798947 1.031271 0.5
1.8469697 8.2644507 0 0 1.523797 0.5
22.352178 20.345034 0 0 1.787492 0.5
5.6660014 7.9259647 0 0 3.056837 0.5
2.929449 16.654958 0 0 3.332967 0.5
6.1105932 15.201317 0 0 3.889918 0.5
16.705823 27.160878 0 0 1.775857 0.5
26.073284 11.227305 -0.040095683 0.019079622 4.33857 0.5
0.65007953 12.575321 0 0 2.652322 0.5
24.081684 12.347693 -0.064741614 0.26046677 1.360759 0.5
10.588693 3.2712797 0 0 1.350476 0.5
3.9880985 6.8069351 0 0 3.139709 0.5
11.444701 0.8905861 0 0 3.877928 0.5
5.7878451 23.195497 0 0 4.111005 0.5
22.924686 19.085674 -4.7439244e-05 8.1976282e-05 4.354529 0.5
2.9710808 6.3233472 0 0 1.958136 0.5
27.178678 11.371301 -0.013397126 0.028444906 1.935129 0.5
8.1289556 19.526982 0 0 0.983243 0.5
2.1573605 20.351662 0 0 4.524452 0.5
8.2916318 6.8740504 0 0 4.628506 0.5
10.803191 8.2588014 0 0 4.619789 0.5
5.1705692 11.751886 0 0 6.246698 0.5
6.2470033 4.3053089 0 0 2.597917 0.5
19.732682 1.8453017 -7.4233536e-07 5.504826e-06 5.540445 0.5
1.8210521 11.965944 0 0 1.135786 0.5
3.7402992 18.763428 0 0 0.649744 0.5
2.7656564 15.531433 0 0 4.647872 0.5
9.1245056 1.5523446 0 0 3.116928 0.5
21.128394 15.671501 0.00016536513 0.00057964085 1.058365 0.5
4.0800578 16.707964 0 0 1.223223 0.5
7.0518197 2.4992583 0 0 6.185729 0.5
5.2310203 3.8171055 0 0 5.03693 0.5
6.0288154 18.607617 0 0 0.158334 0.5
2.0756035 10.860071 0 0 0.09489 0.5
23.485339 18.107414 -0.00057986051 -3.4602832e-05 3.182579 0.5
4.4995917 7.9012775 0 0 5.999337 0.5
9.8977666 22.992996 0 0 0.712677 0.5
23.317156 14.146997 -0.0061818631 -0.00026801264 1.70588 0.5
1.816219 16.462227 0 0 5.092516 0.5
1.2684114 18.291129 0 0 0.506989 0.5
8.5559068 4.1167716 0 0 4.452103 0.5
27.352041 12.474392 0.0034387984 0.010810079 3.429354 0.5
5.7956299 21.603034 0 0 5.942963 0.5
5.964545 9.6374369 0 0 2.062723 0.5
20.757243 24.316617 0 0 2.598321 0.5
5.1043469 6.9521466 0 0 6.159219 0.5
23.734603 8.2675163 -0.00016377377 7.1819004e-05 1.488917 0.5
0.72985068 16.109062 0 0 1.927238 0.5
26.297176 14.585547 7.2656577e-05 0.010523576 3.98558 0.5
6.645307 23.922798 0 0 3.515453 0.5
26.314956 13.465017 0.0096544762 0.020187969 3.362574 0.5
13.08184 27.357652 0 0 2.617045 0.5
24.154529 9.3326056 0.001934195 0.021568351 4.416501 0.5
25.103334 10.658122 0.0030798657 -0.032444412 2.357123 0.5
17.874295 26.867766 0 0 0.027213 0.5
26.225621 12.345205 0.0014867572 -0.0024420229 3.270335 0.5
6.9743476 10.131666 0 0 5.133302 0.5
4.0715625 12.119736 0 0 4.163048 0.5
13.630698 4.3528548 0 0 3.93618 0.5
13.855592 8.0052072 0 0 5.951127 0.5
24.875832 16.921769 -0.0036076404 0.0028467985 4.082451 0.5
13.165749 2.8531064 0 0 1.780305 0.5
26.423381 8.8747849 -0.015424644 -0.00072631413 2.847882 0.5
14.398161 2.4875211 0 0 1.767937 0.5
0.56773338 13.694882 0 0 0.00135 0.5
6.697063 19.511024 0 0 5.312468 0.5
23.305944 15.306613 -0.0016251915 0.00071942072 0.320289 0.5
8.9731737 20.335975 0 0 0.581132 0.5
8.5938849 23.912996 0 0 3.087421 0.5
9.2325003 2.9286792 0 0 3.560403 0.5
3.3856114 7.7584238 0 0 0.555117 0.5
0.95072549 17.211978 0 0 6.220608 0.5
9.7683467 26.6719 0 0 5.652715 0.5
22.585336 3.701513 -6.2956635e-06 -1.9390268e-05 0.827952 0.5
9.2111156 6.2267948 0 0 1.054048 0.5
6.6657156 17.672485 0 0 0.319962 0.5
6.9850986 21.43951 0 0 2.464344 0.5
20.959264 25.48757 0 0 3.780782 0.5
22.834369 7.5695298 -0.00024396169 -0.00018435631 0.745414 0.5
26.427006 19.069568 -0.0088155985 0.033743526 3.348875 0.5
9.611285 21.387656 0 0 5.365761 0.5
4.3169832 11.00068 0 0 0.445642 0.5
3.2514457 17.740489 0 0 2.979068 0.5
22.900382 4.8068126 -0.0090653432 -0.0018038111 2.813895 0.5
1.668867 19.340741 0 0 4.039246 0.5
19.963882 26.034935 0 0 4.602055 0.5
27.431109 13.593235 0.0049777469 0.016001714 1.676583 0.5
8.7892657 22.788371 0 0 1.207935 0.5
17.006361 20.126693 0 0 6.164191 0.5
13.484384 1.6882319 0 0 1.491784 0.5
12.597384 0.66794854 0 0 6.269379 0.5
24.210595 13.449975 0.0032502073 0.053392546 0.35856 0.5
3.9186838 13.311939 0 0 0.326238 0.5
25.708155 17.897509 -0.00090274326 -0.00079108859 1.608548 0.5
9.8352835 7.3347851 0 0 2.616667 0.5
22.582374 22.827518 0 0 0.410672 0.5
8.1194126 3.0754865 0 0 3.210668 0.5
18.93314 26.492563 0 0 0.309541 0.5
8.1416434 5.6292838 0 0 1.761874 0.5
16.493793 1.0401107 -1.0195491e-06 1.0055231e-05 4.731547 0.5
8.2016787 21.176389 0 0 0.313065 0.5
24.828874 20.065779 -6.6166824e-06 1.4077816e-05 0.087229 0.5
11.865036 27.192518 0 0 5.713071 0.5
22.463132 17.633055 -0.00088884065 0.0014008352 0.34983 0.5
1.6443958 15.350633 0 0 2.015368 0.5
3.9725171 8.8988195 0 0 0.42176 0.5
22.272945 15.748176 -0.00093377458 0.0023287784 5.580866 0.5
6.6782458 5.3451649 0 0 4.066321 0.5
7.3971611 18.574429 0 0 5.863794 0.5
1.5732439 14.218639 0 0 5.355125 0.5
10.737708 11.00675 0 0 5.404824 0.5
4.8993771 18.788225 0 0 1.361005 0.5
5.0956116 8.8945055 0 0 5.19755 0.5
14.220946 27.435505 0 0 5.853071 0.5
2.6834032 14.395571 0 0 2.830697 0.5
25.863574 9.8475937 -0.014376609 0.018996033 3.251414 0.5
2.5458361 18.63881 0 0 3.305262 0.5
5.5339026 10.678253 0 0 3.841898 0.5
17.616763 1.0881069 2.9143213e-06 -9.7480704e-06 4.917041 0.5
24.268607 21.070766 0 0 1.726803 0.5
27.115224 16.931816 -0.0031012895 0.0080512941 2.534849 0.5
4.9007648 23.885451 0 0 1.985571 0.5
24.809566 7.8579897 0.0068701227 -0.00019358794 5.636684 0.5
23.999042 5.0271279 -0.0088201661 -0.0073019945 0.642493 0.5
11.195643 2.0381318 0 0 5.796573 0.5
25.073591 15.772557 0.00054157028 4.5596985e-05 4.738871 0.5
7.4002493 7.6243658 0 0 1.568073 0.5
18.660264 3.9693199 0 0 2.749741 0.5
1.6543592 13.082164 0 0 1.171823 0.5
23.535976 22.216828 0 0 2.226958 0.5
6.2804194 20.557205 0 0 1.548545 0.5
7.7909631 22.235303 0 0 3.653333 0.5
22.041966 21.536904 0 0 4.394256 0.5
15.443342 0.63956031 -3.0021026e-05 -1.1429792e-05 0.605652 0.5
24.394609 14.872247 -0.00093007184 -0.00098627479 3.106146 0.5
0.61559941 14.838532 0 0 3.095002 0.5
27.416178 14.711041 -0.0023884018 0.012799284 1.841384 0.5
21.600542 5.1610662 -0.0095304891 0.0035583431 6.034028 0.5
16.500561 24.674921 0 0 1.857551 0.5
4.1047585 23.092943 0 0 1.702664 0.5
24.666381 22.138305 0 0 1.16125 0.5
3.379341 22.233725 0 0 4.720586 0.5
4.961549 12.864511 0 0 0.205718 0.5
7.2429744 6.3239686 0 0 5.820667 0.5
3.6139011 20.625856 0 0 3.894129 0.5
2.423545 9.7864875 0 0 3.074393 0.5
11.384539 6.7750024 0 0 0.467747 0.5
22.360628 5.9907995 -0.045053692 0.012065766 5.60533 0.5
20.584046 23.199928 0 0 6.227367 0.5
18.66074 1.5024914 1.6612703e-06 2.6195195e-06 5.177094 0.5
27.313481 15.829487 -0.0026874212 0.01310188 0.203779 0.5
5.7596017 24.613827 0 0 6.095105 0.5
16.351044 26.029241 0 0 5.150288 0.5
0.80786356 11.462546 0 0 3.059892 0.5
8.6620817 26.326652 0 0 3.692189 0.5
4.8478356 13.990018 0 0 3.246869 0.5
25.964398 20.093375 0.0066302488 -0.0018059803 2.032293 0.5
2.3687439 7.2705545 0 0 6.136396 0.5
20.383995 3.5181896 -2.884282e-05 -1.5962287e-05 4.563161 0.5
9.8108905 12.812309 0 0 5.916686 0.5
6.470973 11.304787 0 0 1.344992 0.5
23.597375 23.382479 0 0 3.633442 0.5
26.196759 15.705606 0.00050328677 -0.00044918726 2.78777 0.5
25.136984 11.870551 0.0037618541 0.0059384823 1.483056 0.5
23.112033 21.171503 0 0 0.879468 0.5
25.267484 8.8963006 0.0027856771 0.0034012291 4.923104 0.5
25.253564 14.124026 -6.2101114e-06 -3.1743236e-05 5.350229 0.5
5.5322087 19.718148 0 0 1.508644 0.5
5.1588596 16.327655 0 0 4.32761 0.5
22.996719 9.224149 -0.05182284 -0.0038848185 1.3724 0.5
14.566499 1.360622 0 0 2.64206 0.5
11.875075 2.9337271 0 0 2.466218 0.5
5.9041428 13.546664 0 0 0.69625 0.5
21.478297 22.510938 0 0 0.502972 0.5
5.0328797 20.724686 0 0 4.066135 0.5
10.287595 1.0872922 0 0 3.026607 0.5
21.682609 2.9810823 -3.2061383e-07 -1.0012848e-06 6.171553 0.5
9.1261107 5.0855843 0 0 3.767955 0.5
25.397994 6.8941819 -0.012776207 -0.047929913 5.349705 0.5
5.4273688 5.0723521 0 0 3.28374 0.5
24.156296 6.9256109 0.0053733109 0.0031849139 1.964272 0.5
8.8630537 7.9320192 0 0 1.170799 0.5
6.6835807 25.263407 0 0 0.802835 0.5
7.1359508 3.6193925 0 0 5.063896 0.5
6.5318903 8.663012 0 0 2.243796 0.5
23.480399 6.0230982 -0.012584272 -0.014929139 5.270568 0.5
7.6476493 25.841463 0 0 5.757172 0.5
7.5696501 4.6599604 0 0 5.271397 0.5
18.373888 20.400363 0 0 3.151318 0.5
25.423246 21.075633 -0.031886076 0.057961131 0.221595 0.5
3.5367977 9.9559451 0 0 1.510648 0.5
10.34894 6.3081021 0 0 5.29405 0.5
6.113271 3.1230012 0 0 2.737677 0.5
19.480601 22.95988 0 0 4.134415 0.5
22.769377 24.158776 0 0 1.432456 0.5
10.254422 4.9368323 0 0 2.840655 0.5
9.6759678 3.9601169 0 0 2.899005 0.5
4.4092348 4.5903008 0 0 4.137855 0.5
2.8585414 8.7510731 0 0 1.992807 0.5
4.2671004 21.545548 0 0 0.375558 0.5
21.367816 4.0616313 -0.0038023286 -0.017735462 0.629977 0.5
6.0869411 12.421858 0 0 5.301885 0.5
24.019087 16.173391 0.00097065368 0.004689527 1.197725 0.5
3.1862173 11.024192 0 0 2.939026 0.5
7.3963976 20.389913 0 0 3.912909 0.5
26.824768 18.016877 -0.0038604952 0.0071549922 3.115045 0.5
14.578494 8.8831591 0 0 1.662001 0.5
7.5652203 24.566936 0 0 0.131507 0.5
