# x y vx vy theta radius
9.6657239 15.288317 0.50395812 -0.36556032 5.6369739 0.5
6.3565068 23.78237 -1.2143134e-14 -1.2456308e-14 1.764168 0.5
13.474624 26.322265 -5.0933491e-15 4.303893e-15 3.951996 0.5
14.780581 27.411067 4.0278732e-15 -1.5285944e-14 4.259518 0.5
11.415653 27.187631 6.6143287e-15 1.2980334e-15 1.882067 0.5
2.7703178 13.220936 0 0 0.92276 0.5
3.3875037 17.689163 0 0 4.981497 0.5
25.147393 12.026588 0 0 0.663689 0.5
6.4817913 20.760552 0 -6.6715955e-16 4.599871 0.5
8.0019296 10.203179 0 0 3.315122 0.5
17.125538 2.1367066 0 0 5.224588 0.5
2.9121746 11.999285 0 0 4.739779 0.5
25.812746 7.5997972 0 0 0.624425 0.5
8.2519912 24.97298 -6.0386104e-15 3.6479707e-15 0.734434 0.5
12.830852 10.241512 0 0 4.989084 0.5
4.8281086 14.257834 0 0 2.508867 0.5
22.870232 5.4530856 0 0 5.939565 0.5
14.599329 26.303152 1.2388189e-14 -1.3139273e-15 0.028815 0.5
2.2655075 10.261769 0 0 3.449449 0.5
25.326378 14.250423 0 0 0.592282 0.5
1.9831005 11.356255 0 0 6.045768 0.5
1.1087295 17.796061 4.8113743e-16 2.2195694e-16 0.890473 0.5
9.0074175 4.9811647 0 0 2.353219 0.5
13.801616 23.295214 2.8827013e-15 -1.812923e-14 1.672869 0.5
11.367777 24.467291 1.8488683e-15 0 4.21507 0.5
9.1705379 24.322952 4.9292052e-16 3.554547e-15 0.4829 0.5
15.695427 23.9527 1.9583145e-14 -2.7465704e-15 6.274711 0.5
10.129943 2.5277002 0 0 1.301021 0.5
20.623517 8.0209801 0 0 3.538852 0.5
3.8357791 18.728438 -8.0226151e-16 -2.8413482e-15 1.72413 0.5
7.4428654 2.2705129 0 0 0.779811 0.5
27.435835 14.078258 0 0 1.209651 0.5
9.2732866 25.442128 6.0556534e-15 1.5591208e-15 5.377079 0.5
4.0741999 21.314386 -3.9805449e-15 -5.8300501e-15 3.122843 0.5
21.20931 3.937433 0 0 4.105439 0.5
0.83678477 16.705659 -7.2371389e-16 -2.0099226e-15 2.246795 0.5
18.223316 2.3887712 0 0 3.468535 0.5
25.320014 21.241302 0 0 5.532293 0.5
22.732911 14.855006 0 0 0.531572 0.5
17.396503 3.3231178 0 0 5.261584 0.5
24.191952 14.230966 0 0 0.040113 0.5
24.272938 7.2103039 0 0 4.576591 0.5
27.258769 11.836958 0 0 0.209824 0.5
4.371482 19.717747 2.0428882e-16 3.4923833e-16 1.770879 0.5
25.870757 17.36114 0 0 4.791815 0.5
26.413223 13.58977 0 0 2.522673 0.5
1.7989756 12.531497 0 0 3.232151 0.5
27.381717 15.201114 0 0 0.943125 0.5
20.161677 25.94202 0 1.8952192e-16 1.031271 0.5
5.8391245 4.6297889 0 0 1.523797 0.5
22.715809 8.9229754 0 0 1.787492 0.5
7.9811105 4.498988 0 0 3.056837 0.5
6.2423785 24.971389 -5.3890807e-15 -5.7559296e-15 3.332967 0.5
26.241047 19.543821 0 0 3.889918 0.5
1.1614745 10.028903 0 0 1.775857 0.5
19.499681 8.1429175 0 0 4.33857 0.5
19.067072 25.270733 0 0 2.652322 0.5
25.384642 13.12583 0 0 1.360759 0.5
17.199195 20.06908 0 0 1.350476 0.5
17.950402 25.686249 0 -4.2918993e-16 3.139709 0.5
14.956412 23.006911 1.1239888e-15 -2.0169937e-16 3.877928 0.5
27.39735 12.951694 0 0 4.111005 0.5
3.1905834 6.0157114 0 0 4.354529 0.5
9.9020204 23.465151 -1.673851e-14 -2.6582073e-15 1.958136 0.5
5.5031443 8.3422897 0 0 1.935129 0.5
22.072926 4.660827 0 0 0.983243 0.5
5.3516533 24.2845 3.2222183e-15 -4.0059022e-15 4.524452 0.5
7.604556 20.739497 7.7200091e-16 0 4.628506 0.5
0.87762458 11.115441 0 0 4.619789 0.5
4.5227001 23.526905 -2.614811e-15 1.9619638e-15 6.246698 0.5
17.160868 0.94163269 0 0 2.597917 0.5
1.8153278 16.030029 0 0 5.540445 0.5
8.0162325 3.2717814 0 0 1.135786 0.5
27.235734 16.316102 0 0 0.649744 0.5
20.16109 23.528106 3.1178732e-15 -2.0022296e-15 4.647872 0.5
9.9541503 20.141076 -3.4205918e-15 0 3.116928 0.5
26.301989 8.6106149 0 0 1.058365 0.5
23.957094 8.879784 0 0 1.223223 0.5
19.371077 22.720934 0 0 6.185729 0.5
13.154675 24.214937 -4.8371914e-15 7.9443915e-15 5.03693 0.5
22.720817 6.9884214 0 0 0.158334 0.5
5.1626618 18.920714 4.6373652e-16 -7.5369799e-16 0.09489 0.5
19.210735 24.143957 1.7951836e-14 -5.7749012e-15 3.182579 0.5
10.336879 25.802574 2.2348345e-15 -5.7511561e-15 5.999337 0.5
21.285869 23.055019 0 0 0.712677 0.5
23.728149 10.929912 0 0 1.70588 0.5
23.388263 7.9047275 0 0 5.092516 0.5
12.667054 20.669946 1.8474242e-14 2.8728696e-14 0.506989 0.5
8.1852999 23.782664 2.341262e-16 8.4808242e-16 4.452103 0.5
3.1098868 8.1684284 0 0 3.429354 0.5
6.2258137 18.555677 1.4334982e-15 -4.9296199e-16 5.942963 0.5
21.27752 2.7036147 0 0 2.062723 0.5
9.2398929 26.564714 -2.4558364e-16 8.1202662e-15 2.598321 0.5
3.8996549 13.538224 0 0 6.159219 0.5
23.862559 23.116737 0 0 1.488917 0.5
2.9238137 19.384816 3.1052286e-16 5.2577441e-16 1.927238 0.5
2.9747903 16.550747 2.5339902e-15 -2.9920385e-16 3.98558 0.5
21.133709 25.379718 1.3827265e-15 -7.9980282e-16 3.515453 0.5
13.658208 27.433327 7.5625531e-15 -2.9248624e-15 3.362574 0.5
21.474785 8.8630443 0 0 2.617045 0.5
22.909261 24.003753 0 0 4.416501 0.5
26.530643 18.450739 0 0 2.357123 0.5
18.087432 26.801207 -5.0094883e-16 6.3741819e-16 0.027213 0.5
13.745461 21.046331 4.3208721e-14 -6.6105679e-16 3.270335 0.5
6.1494263 7.3802362 0 0 5.133302 0.5
12.354384 26.251009 1.0289325e-14 -1.0165575e-14 4.163048 0.5
11.507246 22.380045 1.8976372e-15 5.1548568e-15 3.93618 0.5
18.241493 1.2503448 0 0 5.951127 0.5
26.995214 17.419397 0 0 4.082451 0.5
0.56973083 14.469996 0 0 1.780305 0.5
18.156205 24.535354 1.9027596e-15 2.6202348e-15 2.847882 0.5
26.344908 14.746042 0 0 1.767937 0.5
24.862229 10.940877 0 0 0.00135 0.5
8.3177231 6.7764817 0 0 5.312468 0.5
5.008114 5.3912798 0 0 0.320289 0.5
17.070199 24.829633 -1.2599946e-15 1.6272183e-15 0.581132 0.5
11.659667 21.245752 -1.5935368e-14 -4.0007981e-15 3.087421 0.5
4.7277243 7.5220772 0 0 3.560403 0.5
5.6776621 21.545143 1.2517667e-15 -1.508937e-16 0.555117 0.5
3.6548627 7.1825984 0 0 6.220608 0.5
17.003679 27.095538 4.2716217e-15 -1.8280006e-16 5.652715 0.5
20.305035 2.1385712 0 0 0.827952 0.5
13.742724 8.4043214 0 0 1.054048 0.5
8.2053987 26.122142 0 0 0.319962 0.5
6.9629319 3.9070813 0 0 2.464344 0.5
26.295316 12.468217 0 0 3.780782 0.5
14.854186 25.201845 1.0792428e-14 2.3276509e-15 0.745414 0.5
5.5272942 23.025511 -2.3827227e-15 -4.4024876e-15 3.348875 0.5
12.161745 23.666602 -1.5070167e-15 -1.3517913e-15 5.365761 0.5
3.8783661 15.784886 0 0 0.445642 0.5
10.323891 26.926012 3.7248136e-15 -2.0163776e-15 2.979068 0.5
7.2116371 25.595567 0 0 2.813895 0.5
3.910537 5.1278162 0 0 4.039246 0.5
21.361854 7.1384965 0 0 4.602055 0.5
21.086294 24.165048 0 0 1.676583 0.5
19.254205 2.8397215 0 0 1.207935 0.5
13.866194 0.58955564 0 0 6.164191 0.5
20.847365 6.1353408 0 0 1.491784 0.5
12.499732 25.12846 -1.4176259e-14 -1.0445905e-14 6.269379 0.5
14.801486 20.61404 4.2920004e-14 -1.3919561e-14 0.35856 0.5
16.922535 23.390296 0 0 0.326238 0.5
11.442262 25.596266 -1.1668109e-14 0 1.608548 0.5
26.084005 11.361839 0 0 2.616667 0.5
9.5042941 1.3911017 0 0 0.410672 0.5
11.132752 20.200966 -1.8489325e-15 -1.2744439e-15 3.210668 0.5
24.841515 8.1871637 0 0 0.309541 0.5
2.5994451 14.334862 0 0 1.761874 0.5
23.612927 6.2986314 0 0 4.731547 0.5
18.849861 5.1180281 0 0 0.313065 0.5
20.266242 3.3280023 0 0 0.087229 0.5
10.364311 22.338382 -6.2244381e-15 4.3246092e-15 5.713071 0.5
4.9229613 12.967656 0 0 0.34983 0.5
5.5754324 3.5355188 0 0 2.015368 0.5
6.904229 5.0341286 0 0 0.42176 0.5
12.602335 22.627983 6.9391702e-15 -3.7190636e-15 5.580866 0.5
3.4586084 20.373847 -2.6688894e-15 -4.8639796e-15 4.066321 0.5
4.7648413 22.201614 -1.8670462e-15 -7.945698e-15 5.863794 0.5
10.521944 21.219081 -2.0520803e-14 -2.8855195e-15 5.355125 0.5
10.251581 24.649612 7.6394166e-16 -1.9697592e-15 5.404824 0.5
15.752144 26.18477 0 0 1.361005 0.5
3.6883996 14.64163 0 0 5.19755 0.5
18.468015 21.46885 0 0 5.853071 0.5
9.0148202 2.7317872 0 0 2.830697 0.5
3.0701116 21.817 1.1681259e-15 -3.2276347e-16 3.251414 0.5
1.4721856 18.861482 -9.0826239e-16 0 3.305262 0.5
4.9866077 20.659327 -8.291938e-16 -8.1595425e-16 3.841898 0.5
6.4446641 22.365349 -5.5537967e-16 -1.234584e-15 4.917041 0.5
5.3725467 6.5670363 0 0 1.726803 0.5
18.299724 23.394649 7.4321694e-16 -4.414894e-16 2.534849 0.5
23.753895 15.334418 0 0 1.985571 0.5
9.0054632 3.856328 0 0 5.636684 0.5
11.023293 23.398345 -1.5231784e-14 -5.422988e-15 0.642493 0.5
23.853172 4.8652926 0 0 5.796573 0.5
16.028345 1.8854167 0 0 4.738871 0.5
19.139204 26.407034 6.5585169e-15 -2.351469e-15 1.568073 0.5
25.237285 6.6318186 0 0 2.749741 0.5
2.4551946 20.877596 -5.2198423e-16 -7.3837124e-16 1.171823 0.5
8.4449252 1.7639589 0 0 2.226958 0.5
7.2462397 7.1119919 0 0 1.548545 0.5
0.68945484 12.224624 0 0 3.653333 0.5
0.57832377 13.344517 0 0 4.394256 0.5
7.5090098 5.9808991 0 0 0.605652 0.5
25.767223 10.273767 0 0 3.106146 0.5
25.327881 9.2013395 0 0 3.095002 0.5
24.581879 5.7205752 0 0 1.841384 0.5
11.891444 0.813598 0 0 6.034028 0.5
7.2493624 24.46534 -4.8385541e-15 -5.7897487e-15 1.857551 0.5
0.65666391 15.597358 -4.1801309e-16 -2.5682213e-15 1.702664 0.5
13.716036 25.22377 3.722179e-15 -2.3480056e-15 1.16125 0.5
21.774515 14.242126 0 0 4.720586 0.5
2.0035881 7.9465084 0 0 0.205718 0.5
2.7822101 15.443633 -2.7978136e-16 -1.6264881e-15 5.820667 0.5
25.171729 16.468044 0 0 3.894129 0.5
2.6419022 9.1960466 0 0 3.074393 0.5
23.056357 4.0734324 0 0 0.467747 0.5
14.579262 24.112383 2.3226851e-15 -2.0593287e-14 5.60533 0.5
2.4726642 18.352513 6.8429041e-16 2.0249745e-16 6.227367 0.5
4.6871824 4.3135565 0 0 5.177094 0.5
5.7838798 19.868292 8.2959439e-16 -8.241569e-16 0.203779 0.5
16.01411 3.1734039 0 0 6.095105 0.5
1.921404 19.890174 0 -3.679816e-16 5.150288 0.5
20.762748 5.0114443 0 0 3.059892 0.5
19.783791 5.7518685 0 0 3.692189 0.5
12.537461 27.358585 3.1301004e-15 8.7169373e-15 3.246869 0.5
4.1710184 8.5433459 0 0 2.032293 0.5
1.620627 13.777109 0 0 6.136396 0.5
6.4863396 2.8657443 0 0 4.563161 0.5
17.643322 22.48321 -5.3933836e-16 -7.4993186e-16 5.916686 0.5
5.1069328 15.480473 0 0 1.344992 0.5
24.445693 9.8960795 0 0 3.633442 0.5
22.059115 24.742354 0 0 2.78777 0.5
16.052506 0.75880359 0 0 1.483056 0.5
14.942269 0.93250704 0 0 0.879468 0.5
21.971838 6.1486141 0 0 4.923104 0.5
20.369402 22.19684 0 0 5.350229 0.5
15.900534 27.303691 9.9021468e-15 -2.1251454e-16 1.508644 0.5
13.644107 22.167657 4.5660848e-15 -3.4025816e-15 4.32761 0.5
1.540158 8.9718138 0 0 1.3724 0.5
5.2736826 16.686763 0 0 2.64206 0.5
27.034986 10.733519 0 0 2.466218 0.5
14.780258 21.863248 1.3691949e-15 -2.7740869e-16 0.69625 0.5
4.1648581 16.87883 0 0 0.502972 0.5
20.134423 24.809811 0 0 4.066135 0.5
23.229203 9.9244257 0 0 3.026607 0.5
24.340712 21.993095 0 0 6.171553 0.5
15.972178 25.069633 4.3739382e-15 1.4215959e-15 3.767955 0.5
4.2893429 6.2537794 0 0 5.349705 0.5
6.3757022 6.0416354 0 0 3.28374 0.5
7.4919597 21.960502 8.2421047e-16 -3.191083e-16 1.964272 0.5
22.19451 3.353967 0 0 1.170799 0.5
2.5516678 6.9632612 0 0 0.802835 0.5
2.1116146 17.27363 -4.5313695e-15 -4.9322477e-15 5.063896 0.5
8.0053915 8.0778401 0 0 2.243796 0.5
6.6166644 8.536612 0 0 5.270568 0.5
25.081012 15.348087 0 0 5.757172 0.5
7.2755517 23.12426 1.1574184e-15 -3.7477327e-16 5.271397 0.5
24.254455 12.9813 0 0 3.151318 0.5
16.853096 25.960638 0 0 0.221595 0.5
4.0355391 12.120243 0 0 1.510648 0.5
12.319798 12.356087 0.00011034982 -0.00014302396 5.29405 0.5
3.7601696 22.703141 -3.122296e-15 1.4015665e-16 2.737677 0.5
26.16151 15.854973 0 0 4.134415 0.5
1.6364442 14.91183 0 0 1.432456 0.5
4.6328656 17.930825 -2.3173896e-16 -4.337157e-16 2.840655 0.5
16.373179 6.7388419 0 0 2.899005 0.5
26.715234 9.6572966 0 0 4.137855 0.5
18.764087 3.9912421 0 0 1.992807 0.5
19.81816 4.3930439 0 0 0.375558 0.5
13.835604 13.338482 0 0 0.629977 0.5
20.109777 6.9895651 0 0 5.301885 0.5
10.142096 4.9076254 0 0 1.197725 0.5
19.283123 1.6741965 0 0 2.939026 0.5
20.562931 12.151445 0 0 3.912909 0.5
22.143041 7.9566761 0 0 3.115045 0.5
22.125322 10.145746 0 0 1.662001 0.5
17.288729 21.402809 0 0 0.131507 0.5
