# x y vx vy theta radius
11.887261 18.476023 0.53004341 -0.1673739 5.5759124 0.5
5.0655678 21.133287 -1.9471279e-07 7.222706e-07 1.764168 0.5
8.5969085 26.28857 0 0 3.951996 0.5
0.81319269 16.589617 -3.7373235e-07 -2.5180807e-07 4.259518 0.5
11.615572 26.102521 0 0 1.882067 0.5
7.302149 24.458304 1.784995e-06 4.22052e-08 0.92276 0.5
23.137859 7.4094103 0 0 4.981497 0.5
10.112967 20.309611 7.9654752e-06 -1.6377155e-08 0.663689 0.5
21.60255 18.919261 0 0 4.599871 0.5
25.311799 15.863809 0 0 3.315122 0.5
8.1574362 4.5247548 0 0 5.224588 0.5
8.2584907 9.2350935 0 0 4.739779 0.5
23.408726 4.4045892 0 0 0.624425 0.5
12.758983 15.650587 0 0 0.734434 0.5
3.9371818 21.061932 5.9545221e-08 2.9444382e-07 4.989084 0.5
3.9632978 16.00341 3.7305857e-07 1.0748539e-07 2.508867 0.5
13.659883 1.6100043 0 0 5.939565 0.5
15.724065 12.297063 0 0 0.028815 0.5
16.702331 17.549465 0 0 3.449449 0.5
20.013044 22.521182 0 0 0.592282 0.5
11.922024 27.270529 0 0 6.045768 0.5
15.204539 26.285262 0 0 0.890473 0.5
5.1574835 19.137443 8.2524465e-07 -2.7559056e-07 2.353219 0.5
21.594984 17.759725 0 0 1.672869 0.5
4.2192995 17.102646 1.7872325e-07 -1.2040953e-07 4.21507 0.5
24.684496 14.932831 0 0 0.4829 0.5
8.2546305 25.214945 -5.1940487e-10 -6.3014313e-07 6.274711 0.5
25.233661 21.374408 0 0 1.301021 0.5
19.596843 5.4766964 0 0 3.538852 0.5
2.7248997 13.592593 2.4183353e-07 -1.8041786e-07 1.72413 0.5
25.374373 8.9306967 0 0 0.779811 0.5
26.493037 9.0479919 0 0 1.209651 0.5
27.142568 11.195194 0 0 5.377079 0.5
1.8713843 19.781823 4.4440732e-08 1.343483e-07 3.122843 0.5
14.512938 2.9773029 0 0 4.105439 0.5
4.4736313 20.046707 1.2494086e-06 -5.4947117e-07 2.246795 0.5
21.005461 3.8735335 0 0 3.468535 0.5
5.0319564 4.0357202 0 0 5.532293 0.5
22.730282 18.903594 0 0 0.531572 0.5
24.202892 7.0083656 0 0 5.261584 0.5
2.4152459 7.43785 0 0 0.040113 0.5
24.828942 7.9449333 0 0 4.576591 0.5
22.435024 6.5036611 0 0 0.209824 0.5
16.960874 1.9627845 0 0 1.770879 0.5
22.822016 22.687326 0 0 4.791815 0.5
26.304126 19.402121 0 0 2.522673 0.5
1.5916274 14.820258 -1.2007409e-07 -3.2135235e-07 3.232151 0.5
24.566139 10.348421 0 0 0.943125 0.5
20.238157 20.775102 0 0 1.031271 0.5
17.444667 25.907636 0 0 1.523797 0.5
24.873027 6.1043128 0 0 1.787492 0.5
6.1352108 14.052295 0 0 3.056837 0.5
23.877635 19.248849 0 0 3.332967 0.5
18.58756 20.601959 0 0 3.889918 0.5
2.7862805 19.126129 1.1338804e-07 3.0275902e-08 1.775857 0.5
19.583635 19.73638 0 0 4.33857 0.5
20.790004 4.9755158 0 0 2.652322 0.5
25.312251 18.868538 0 0 1.360759 0.5
16.869047 4.193453 0 0 1.350476 0.5
5.5034218 23.058892 -5.6801734e-09 -1.1142107e-07 3.139709 0.5
20.056996 3.269552 0 0 3.877928 0.5
12.063035 0.70481638 0 0 4.111005 0.5
1.7286012 15.935848 3.7030349e-07 1.7375121e-07 4.354529 0.5
8.1487677 5.6976977 0 0 1.958136 0.5
7.7994873 2.0782536 0 0 1.935129 0.5
22.164959 24.661047 0 0 0.983243 0.5
1.0760393 17.681682 5.1390068e-08 5.5354782e-08 4.524452 0.5
24.425708 16.568566 0 0 4.628506 0.5
6.0439885 15.202669 0 0 4.619789 0.5
3.3367551 20.108166 3.0221826e-07 3.5578422e-08 6.246698 0.5
2.3409638 18.094354 1.9713399e-07 2.8214614e-07 2.597917 0.5
1.9908224 17.027737 9.7846568e-08 2.0291213e-08 5.540445 0.5
15.868754 1.7018992 0 0 1.135786 0.5
27.386137 12.815675 0 0 0.649744 0.5
1.2140054 9.9047852 0 0 4.647872 0.5
23.563206 21.79921 0 0 3.116928 0.5
21.680598 2.9739633 0 0 1.058365 0.5
26.328029 14.144856 0 0 1.223223 0.5
25.387099 12.016542 0 0 6.185729 0.5
17.806405 19.259603 0 0 5.03693 0.5
10.355995 2.2270464 0 0 0.158334 0.5
8.7071553 23.013576 5.8326703e-07 5.9448235e-08 0.09489 0.5
27.03158 17.279704 0 0 3.182579 0.5
16.347878 26.210957 0 0 5.999337 0.5
25.810156 20.410452 0 0 0.712677 0.5
18.845335 3.8476588 0 0 1.70588 0.5
25.641676 10.021234 0 0 5.092516 0.5
14.130561 8.4821944 0 0 0.506989 0.5
0.56707045 14.354621 -1.4976759e-07 -5.3669893e-07 4.452103 0.5
7.1750736 20.327305 4.2043768e-07 8.5291468e-07 3.429354 0.5
14.838185 27.403545 0 0 5.942963 0.5
4.0159776 12.642483 1.9192475e-07 -1.170272e-06 2.062723 0.5
20.913696 19.839318 0 0 2.598321 0.5
1.7173378 12.575935 2.641018e-07 -4.6313347e-07 6.159219 0.5
27.396104 15.063252 0 0 1.488917 0.5
10.2413 5.6691416 0 0 1.927238 0.5
9.299535 2.6188927 0 0 3.98558 0.5
24.224031 20.881407 0 0 3.515453 0.5
13.964159 26.688924 0 0 3.362574 0.5
10.809193 27.034862 0 0 2.617045 0.5
23.051315 23.930368 0 0 4.416501 0.5
25.29425 17.484931 0 0 2.357123 0.5
17.171365 23.164273 0 0 0.027213 0.5
16.73652 3.0638825 0 0 3.270335 0.5
10.954606 0.91119446 0 0 5.133302 0.5
25.932918 13.090685 0 0 4.163048 0.5
15.846454 16.750596 0 0 3.93618 0.5
23.506365 6.1268665 0 0 5.951127 0.5
9.1771951 21.531476 2.7649375e-06 5.5902928e-06 4.082451 0.5
8.8699571 20.38212 -6.1198096e-07 4.3220699e-06 1.780305 0.5
19.068869 23.136048 0 0 2.847882 0.5
24.175747 5.2244583 0 0 1.767937 0.5
3.4662162 18.02409 5.034052e-07 -5.6417666e-07 0.00135 0.5
3.5892372 5.5030469 0 0 5.312468 0.5
22.639962 21.158719 0 0 0.320289 0.5
6.9141582 21.558682 4.1545961e-07 -6.6376408e-07 0.581132 0.5
15.961868 27.293894 0 0 3.087421 0.5
0.64306465 15.475595 7.7589357e-08 -2.263944e-07 3.560403 0.5
9.0729919 3.8658324 0 0 0.555117 0.5
7.2477801 3.6946128 0 0 6.220608 0.5
22.574075 3.6539318 0 0 5.652715 0.5
11.441166 4.1960751 0 0 0.827952 0.5
26.505243 12.119549 0 0 1.054048 0.5
12.857362 11.659953 0 0 0.319962 0.5
18.78725 25.328965 0 0 2.464344 0.5
21.21764 25.325061 0 0 3.780782 0.5
23.8495 23.140132 0 0 0.745414 0.5
19.425853 21.564526 0 0 3.348875 0.5
18.151613 26.780818 0 0 5.365761 0.5
12.845777 3.8556793 0 0 0.445642 0.5
7.1892436 25.57822 -2.2171092e-07 -3.1778802e-07 2.979068 0.5
13.05049 27.364447 0 0 2.813895 0.5
5.8892791 3.2857767 0 0 4.039246 0.5
15.822761 8.7392423 0 0 4.602055 0.5
17.731605 24.813041 0 0 1.676583 0.5
15.43365 0.646185 0 0 1.207935 0.5
12.792467 26.267379 0 0 6.164191 0.5
21.914451 22.020987 0 0 1.491784 0.5
21.542323 20.876466 0 0 6.269379 0.5
19.175128 24.264212 0 0 0.35856 0.5
18.414062 22.104468 0 0 0.326238 0.5
0.58465725 13.2301 9.4778634e-08 -8.5941341e-07 1.608548 0.5
27.438368 13.941012 0 0 2.616667 0.5
4.2457014 7.127828 0 0 0.410672 0.5
14.584549 4.1068825 0 0 3.210668 0.5
4.8617521 14.263274 -1.0176906e-08 -2.4904468e-07 0.309541 0.5
4.746729 22.225507 -5.1246099e-08 -5.3219276e-07 1.761874 0.5
15.712585 3.9868041 0 0 4.731547 0.5
3.8202352 14.887195 5.6134849e-07 -2.8650741e-07 0.313065 0.5
18.705425 1.4131746 0 0 0.087229 0.5
13.409174 2.7482914 0 0 5.713071 0.5
20.14972 23.63773 0 0 0.34983 0.5
12.433364 10.469388 0 0 2.015368 0.5
0.90301807 10.993226 3.0710576e-07 -1.1213856e-06 0.42176 0.5
21.093392 22.830413 0 0 5.580866 0.5
20.331121 6.3314359 0 0 4.066321 0.5
13.187509 0.5877689 0 0 5.863794 0.5
6.3292128 4.4122081 0 0 5.355125 0.5
9.6524481 26.715332 0 0 5.404824 0.5
7.6189607 23.368775 3.2523632e-07 2.1484908e-07 1.361005 0.5
4.6329534 6.0061219 0 0 5.19755 0.5
5.2845977 24.224749 -1.0084456e-07 3.9746234e-08 5.853071 0.5
6.8262553 2.6417275 0 0 2.830697 0.5
5.8506608 21.948869 8.7428109e-07 -4.7417027e-07 3.251414 0.5
3.0016469 21.720082 -1.6334094e-07 2.7746757e-07 3.305262 0.5
5.1967169 13.082897 0 0 3.841898 0.5
19.063678 2.7457377 0 0 4.917041 0.5
18.158867 17.544403 0 0 1.726803 0.5
2.8734893 12.477159 5.0322231e-08 -3.7188052e-07 2.534849 0.5
3.9135129 19.071008 -3.6526016e-07 -1.0664679e-06 1.985571 0.5
19.739829 1.849177 0 0 5.636684 0.5
20.170759 24.786471 0 0 0.642493 0.5
25.180405 13.925397 0 0 5.796573 0.5
26.024984 11.076631 0 0 4.738871 0.5
26.081057 16.682625 0 0 1.568073 0.5
26.035941 8.0224765 0 0 2.749741 0.5
6.6700675 22.734305 4.4872286e-07 -3.3537367e-07 1.171823 0.5
11.176571 3.0627456 0 0 2.226958 0.5
1.6067855 13.697328 3.3531772e-07 -3.7765179e-07 1.548545 0.5
1.7902199 8.3880945 0 0 3.653333 0.5
0.69551532 12.110937 1.905878e-07 -7.4681592e-07 4.394256 0.5
8.223399 3.1182013 0 0 0.605652 0.5
21.902162 4.5551071 0 0 3.106146 0.5
4.5868685 18.16718 3.0675665e-07 1.3760031e-08 3.095002 0.5
6.2405476 12.464929 0 0 1.841384 0.5
8.8196201 1.6000684 0 0 6.034028 0.5
8.5289643 24.123941 -6.0818371e-08 3.8638477e-07 1.857551 0.5
4.4516324 23.455987 1.3248149e-07 -3.0015471e-07 1.702664 0.5
6.1962858 24.925608 7.4553814e-07 3.5354012e-07 1.16125 0.5
10.113897 14.935803 -1.3162036e-15 -6.0503429e-15 4.720586 0.5
3.1084629 16.923585 1.4190238e-07 -5.8108551e-08 0.205718 0.5
4.9070696 15.388596 -4.029809e-08 2.201575e-08 5.820667 0.5
3.8371597 13.759386 5.8713703e-07 1.8836418e-07 3.894129 0.5
14.30901 0.64523844 0 0 3.074393 0.5
12.286953 2.8758761 0 0 0.467747 0.5
9.6566617 23.898258 0 0 5.60533 0.5
11.438822 1.9254195 0 0 6.227367 0.5
15.62921 2.8237276 0 0 5.177094 0.5
7.8120966 22.256409 1.2257823e-07 1.4382665e-06 0.203779 0.5
12.542798 1.7222116 0 0 6.095105 0.5
3.688245 22.610754 2.6117801e-07 4.1954138e-07 5.150288 0.5
24.579468 22.286682 0 0 3.059892 0.5
2.8515859 15.830196 9.347574e-07 -1.6486198e-07 3.692189 0.5
24.705393 12.908394 0 0 3.246869 0.5
21.136041 24.205515 0 0 2.032293 0.5
16.040515 6.016157 0 0 6.136396 0.5
9.2960917 4.9836668 0 0 4.563161 0.5
10.368619 4.5344441 0 0 5.916686 0.5
20.734031 2.3704518 0 0 1.344992 0.5
9.3658629 25.40046 1.2457526e-06 2.0548843e-07 3.633442 0.5
18.126363 23.758265 0 0 2.78777 0.5
1.4288477 18.748656 2.0513877e-07 3.9254531e-07 1.483056 0.5
18.057216 4.6587888 0 0 0.879468 0.5
10.357535 24.779785 0 0 4.923104 0.5
26.267409 15.266005 0 0 5.350229 0.5
27.260853 16.179283 0 0 1.508644 0.5
17.637852 1.06619 0 0 4.32761 0.5
10.104444 3.4113469 0 0 1.3724 0.5
17.196863 16.265074 0 0 2.64206 0.5
22.651349 5.3923842 0 0 2.466218 0.5
7.9628178 21.1363 2.0037496e-06 8.7802374e-07 0.69625 0.5
22.208848 19.954794 0 0 0.502972 0.5
6.3283104 19.216621 1.98511e-06 8.7876392e-08 4.066135 0.5
20.226775 25.9083 0 0 3.026607 0.5
16.545728 0.80572876 0 0 6.171553 0.5
16.637449 25.11398 0 0 3.767955 0.5
2.3945792 20.775786 2.136042e-07 4.4622417e-07 5.349705 0.5
9.8732314 1.2126172 0 0 3.28374 0.5
26.712931 18.356286 0 0 1.964272 0.5
2.6515404 10.602253 1.141704e-06 -1.3763949e-06 1.170799 0.5
2.7108765 14.715963 3.5961203e-07 -1.8288065e-07 0.802835 0.5
17.068788 27.080751 0 0 5.063896 0.5
2.9141018 6.4100324 0 0 2.243796 0.5
10.939626 6.6430171 0 0 5.270568 0.5
22.020921 23.479938 0 0 5.757172 0.5
14.756634 1.8544968 0 0 5.271397 0.5
19.841528 4.3720694 0 0 3.151318 0.5
24.410234 11.461643 0 0 0.221595 0.5
24.796637 19.90909 0 0 1.510648 0.5
6.0963333 20.669152 1.2015916e-06 -2.7451316e-07 5.29405 0.5
1.9200466 11.470974 1.0674642e-06 -9.8089756e-08 2.737677 0.5
19.204344 26.388116 0 0 4.134415 0.5
20.821781 21.737617 0 0 1.432456 0.5
10.4699 25.939326 0 0 2.840655 0.5
6.3466963 23.811002 2.582358e-07 -6.4404604e-07 2.899005 0.5
23.305502 20.236096 0 0 4.137855 0.5
5.1666931 16.482792 5.4583017e-07 -1.0189692e-07 1.992807 0.5
24.113113 8.9237659 0 0 0.375558 0.5
15.444774 24.953359 0 0 0.629977 0.5
16.382204 24.017267 0 0 5.301885 0.5
25.494846 7.0389315 0 0 1.197725 0.5
17.806619 3.4183235 0 0 2.939026 0.5
18.026097 2.316693 0 0 3.912909 0.5
26.862376 10.108158 0 0 3.115045 0.5
21.563715 5.791479 0 0 1.662001 0.5
11.567251 24.975813 0 0 0.131507 0.5
