# x y vx vy theta radius
11.216736 5.2998122 -0.64638469 -0.16910606 2.8011882 0.5
18.196102 18.655247 0 0 1.764168 0.5
12.457489 26.298185 0 0 3.951996 0.5
25.24256 15.647722 0 0 4.259518 0.5
19.361787 26.32253 0 0 1.882067 0.5
23.488073 9.9752275 0 0 0.92276 0.5
18.24011 3.3828369 0 0 4.981497 0.5
4.6912883 22.06556 0 0 0.663689 0.5
18.774796 6.9655265 0 0 4.599871 0.5
23.412363 18.249866 0 0 3.315122 0.5
17.921964 26.853076 0 0 5.224588 0.5
16.913439 14.295755 0 0 4.739779 0.5
27.405539 14.943005 0 0 0.624425 0.5
21.357432 25.240764 0 0 0.734434 0.5
7.4821906 23.288371 0 0 4.989084 0.5
25.192889 12.294686 0 0 2.508867 0.5
18.348434 8.0060615 0 0 5.939565 0.5
2.6855234 12.359472 0 0 0.028815 0.5
19.441346 5.121424 0 0 3.449449 0.5
23.919422 23.066368 0 0 0.592282 0.5
1.7011948 12.92071 0 0 6.045768 0.5
17.063332 3.827549 0 0 0.890473 0.5
11.783363 10.249071 0.00031416597 4.2663257e-05 2.353219 0.5
15.731653 0.69812663 0 0 1.672869 0.5
11.347237 26.115753 0 0 4.21507 0.5
20.75233 17.654089 0 0 0.4829 0.5
5.1483495 13.276463 0 0 6.274711 0.5
16.842177 0.88095378 0 0 1.301021 0.5
23.145782 5.6789286 0 0 3.538852 0.5
2.8784843 15.918812 0 0 1.72413 0.5
26.344974 19.310545 0 0 0.779811 0.5
27.375461 12.699215 0 0 1.209651 0.5
24.253455 16.178377 0 0 5.377079 0.5
3.1219988 20.540542 -2.8637378e-11 -3.8625544e-11 3.122843 0.5
4.1548393 20.981437 4.6687701e-10 1.9928494e-10 4.105439 0.5
0.81754304 11.394032 -1.1861431e-10 6.1479844e-10 2.246795 0.5
24.604349 10.129809 0 0 3.468535 0.5
20.475219 18.809116 0 0 5.532293 0.5
20.61292 21.962345 0 0 0.531572 0.5
21.735949 7.134807 0 0 5.261584 0.5
23.106407 14.838535 0 0 0.040113 0.5
17.422504 8.6439515 0 0 4.576591 0.5
25.511479 9.4627084 0 0 0.209824 0.5
23.7337 17.174379 0 0 1.770879 0.5
27.436404 13.820241 0 0 4.791815 0.5
13.488157 0.59794429 0 0 2.522673 0.5
24.533714 18.197073 0 0 3.232151 0.5
0.69304424 15.866579 1.1951333e-11 -3.9529361e-11 0.943125 0.5
25.289298 21.289909 0 0 1.031271 0.5
18.548385 5.8273547 0 0 1.523797 0.5
17.73535 22.625987 0 0 1.787492 0.5
24.427697 5.5273939 0 0 3.056837 0.5
9.1334157 25.593274 0 0 3.332967 0.5
7.2164054 24.391763 0 0 3.889918 0.5
20.903938 6.37617 0 0 1.775857 0.5
1.8789689 8.1979668 2.9140851e-11 -3.3560017e-11 4.33857 0.5
14.611888 0.57913905 0 0 2.652322 0.5
23.660231 8.0946326 0 0 1.360759 0.5
17.609006 6.9460004 0 0 1.350476 0.5
0.58635114 14.748682 4.1373091e-11 2.199784e-11 3.139709 0.5
17.262755 21.601783 0 0 3.877928 0.5
15.547429 16.772086 0 0 4.111005 0.5
24.64177 22.206875 0 0 4.354529 0.5
13.692424 8.4804125 0 0 1.958136 0.5
22.339 4.8983829 0 0 1.935129 0.5
25.09683 6.4303807 0 0 0.983243 0.5
1.8119502 16.275799 0 0 4.524452 0.5
2.7077415 13.557086 0 0 4.628506 0.5
15.903184 26.299528 0 0 4.619789 0.5
9.4914548 26.658004 0 0 6.246698 0.5
20.073203 2.0126967 0 0 2.597917 0.5
6.2122081 3.0628633 0 0 5.540445 0.5
0.8978054 16.977935 3.686818e-11 -5.0915239e-11 1.135786 0.5
21.463928 20.9642 0 0 0.649744 0.5
11.339258 24.967409 0 0 4.647872 0.5
22.824215 6.8547837 0 0 3.116928 0.5
24.945316 11.199495 0 0 1.058365 0.5
6.1117583 24.879866 0 0 1.223223 0.5
21.995019 3.2037403 0 0 6.185729 0.5
24.356568 13.943409 0 0 5.03693 0.5
20.395194 25.81933 0 0 0.158334 0.5
5.2320994 24.171435 0 0 0.09489 0.5
24.046669 19.213172 0 0 3.182579 0.5
19.027567 1.5386955 0 0 5.999337 0.5
18.423154 9.2520551 0 0 0.712677 0.5
14.036364 24.301129 0 0 1.70588 0.5
7.086448 25.515972 0 0 5.092516 0.5
10.250555 25.790648 0 0 0.506989 0.5
19.231287 3.9189822 0 0 4.452103 0.5
4.1105549 19.718323 0 0 3.429354 0.5
22.922949 9.0051223 0 0 5.942963 0.5
24.179774 9.0901768 0 0 2.062723 0.5
14.828443 25.210326 0 0 2.598321 0.5
15.08808 1.6750219 0 0 6.159219 0.5
17.689468 23.772556 0 0 1.488917 0.5
2.4769572 18.418487 0 0 1.927238 0.5
24.573241 20.425323 0 0 3.98558 0.5
4.8620064 14.624355 0 0 3.515453 0.5
25.142524 19.457892 0 0 3.362574 0.5
12.464238 25.16721 0 0 2.617045 0.5
26.748717 18.25057 0 0 4.416501 0.5
26.097569 11.628072 0 0 2.357123 0.5
13.591882 25.343888 0 0 0.027213 0.5
21.530446 16.75184 0 0 3.270335 0.5
1.0822298 10.302086 -4.4243489e-11 6.2795324e-12 5.133302 0.5
22.870138 3.9071473 0 0 4.163048 0.5
12.078094 0.8344016 0 0 3.93618 0.5
4.4001948 23.403525 0 0 5.951127 0.5
18.22847 4.6605023 0 0 4.082451 0.5
2.6046462 9.2240995 3.3718222e-10 -8.5067619e-11 1.780305 0.5
21.805121 19.009131 0 0 2.847882 0.5
22.709069 11.001531 0 0 1.767937 0.5
17.936059 1.1562777 0 0 0.00135 0.5
23.142236 16.019391 0 0 5.312468 0.5
10.916309 0.92589463 0 0 0.320289 0.5
5.0757452 9.6121344 1.2407947e-10 2.1318219e-09 0.581132 0.5
25.628817 18.445942 0 0 3.087421 0.5
18.155383 2.2633282 0 0 3.560403 0.5
23.832295 11.044723 0 0 0.555117 0.5
2.2136941 10.345513 4.901304e-10 2.2253691e-10 6.220608 0.5
20.32972 23.417332 0 0 5.652715 0.5
23.896007 6.5179953 0 0 0.827952 0.5
26.253618 12.74265 0 0 1.054048 0.5
16.608586 27.182906 0 0 0.319962 0.5
24.205113 12.831083 0 0 2.464344 0.5
19.413349 24.06566 0 0 3.780782 0.5
20.403422 24.646519 0 0 0.745414 0.5
21.310165 23.978693 0 0 3.348875 0.5
22.621856 17.01421 0 0 5.365761 0.5
11.758953 27.246398 0 0 0.445642 0.5
1.6567276 14.043646 0 0 2.979068 0.5
13.596894 26.476445 0 0 2.813895 0.5
7.5917827 21.830833 0 0 4.039246 0.5
18.646601 21.952269 0 0 4.602055 0.5
1.9534835 11.4926 0 0 1.676583 0.5
3.0928103 6.1697591 1.8113417e-10 1.440735e-10 1.207935 0.5
20.370733 4.4743933 0 0 6.164191 0.5
25.346062 13.406748 0 0 1.491784 0.5
3.1965119 17.069759 0 0 6.269379 0.5
22.902436 19.249941 0 0 0.35856 0.5
22.044721 6.0353463 0 0 0.326238 0.5
22.051469 15.751694 0 0 1.608548 0.5
18.351203 25.808346 0 0 2.616667 0.5
5.2865438 3.7913022 0 0 0.410672 0.5
15.462585 27.339544 0 0 3.210668 0.5
19.636358 22.532225 0 0 0.309541 0.5
3.8035438 5.247029 7.614337e-11 -1.0692191e-10 1.761874 0.5
19.21213 2.7375531 0 0 4.731547 0.5
21.923119 17.892823 0 0 0.313065 0.5
8.7749465 22.194099 0 0 0.087229 0.5
25.341801 14.529528 0 0 5.713071 0.5
1.4664652 9.2468199 -1.3125709e-09 -5.0746987e-10 0.34983 0.5
15.163869 24.129539 0 0 2.015368 0.5
2.4147985 7.2052855 -1.4601702e-10 1.0493896e-10 0.42176 0.5
3.7087985 9.485431 4.9265197e-10 -3.1188285e-10 5.580866 0.5
2.0913358 17.364243 0 0 4.066321 0.5
6.3452563 23.643404 0 0 5.863794 0.5
19.234535 20.968003 0 0 5.355125 0.5
1.1911068 18.063885 3.4302876e-11 -5.3106993e-11 5.404824 0.5
1.6383651 15.166479 0 0 1.361005 0.5
23.68223 4.6836298 0 0 5.19755 0.5
21.055075 19.845089 0 0 5.853071 0.5
18.764723 19.745961 0 0 2.830697 0.5
25.083529 8.4235053 0 0 3.251414 0.5
25.85861 20.322432 0 0 3.305262 0.5
16.628968 24.254657 0 0 3.841898 0.5
14.577948 17.527613 0 0 4.917041 0.5
16.152436 18.153457 0 0 1.726803 0.5
24.208057 15.056266 0 0 2.534849 0.5
5.5748476 22.764658 0 0 1.985571 0.5
22.253757 20.166311 0 0 5.636684 0.5
18.712709 23.187138 0 0 0.642493 0.5
19.757146 7.5140234 0 0 5.796573 0.5
19.407012 25.189431 0 0 4.738871 0.5
23.128284 23.862682 0 0 1.568073 0.5
22.031712 21.93307 0 0 2.749741 0.5
22.821564 21.135395 0 0 1.171823 0.5
3.3895191 8.3960741 -1.1939313e-10 -2.4514047e-10 2.226958 0.5
6.4424449 13.94571 0 0 1.548545 0.5
20.414625 8.8695737 0 0 3.653333 0.5
23.203277 22.201792 0 0 4.394256 0.5
20.226159 3.3602281 0 0 0.605652 0.5
25.848811 10.533444 0 0 3.106146 0.5
3.0022109 19.413229 0 0 3.095002 0.5
26.208104 8.3824619 0 0 1.841384 0.5
17.047125 26.148423 0 0 6.034028 0.5
9.4686402 5.6802067 0 0 1.857551 0.5
23.377617 12.071405 0 0 1.702664 0.5
22.26827 24.584775 0 0 1.16125 0.5
9.7438395 1.2739506 0 0 4.720586 0.5
8.0874567 26.043945 0 0 0.205718 0.5
1.5813093 19.134482 -2.2702398e-11 -4.3341437e-11 5.820667 0.5
21.299012 22.851093 0 0 3.894129 0.5
0.64538043 12.50588 3.376619e-11 2.2017439e-10 3.074393 0.5
21.050305 2.5869731 0 0 0.467747 0.5
2.0634903 20.156704 -1.8057495e-10 3.8183935e-10 5.60533 0.5
4.8748919 4.8579524 3.0891069e-16 -1.2749621e-16 6.227367 0.5
3.959858 13.87335 0 0 5.177094 0.5
16.691746 10.121694 0 0 0.203779 0.5
13.951528 1.8969444 0 0 6.095105 0.5
3.2622311 10.780288 -3.846028e-10 1.4336618e-09 5.150288 0.5
3.7227169 15.061451 0 0 3.059892 0.5
8.3015207 24.794372 0 0 3.692189 0.5
17.40744 25.079648 0 0 3.246869 0.5
19.918386 19.796164 0 0 2.032293 0.5
19.607681 9.6709132 0 0 6.136396 0.5
0.57069384 13.626321 3.2137542e-11 7.6561437e-11 4.563161 0.5
15.767004 3.4184698 0 0 5.916686 0.5
22.411799 22.998551 0 0 1.344992 0.5
24.56784 7.4238964 0 0 3.633442 0.5
14.323514 27.415598 0 0 2.78777 0.5
24.860514 17.122969 0 0 1.483056 0.5
18.434282 24.622841 0 0 0.879468 0.5
27.279187 16.06271 0 0 4.923104 0.5
23.469589 20.218839 0 0 5.350229 0.5
23.925685 21.342308 0 0 1.508644 0.5
27.220376 11.587294 0 0 4.32761 0.5
21.457834 4.1934408 0 0 1.3724 0.5
4.4649535 6.3888356 0 0 2.64206 0.5
27.059466 17.169065 0 0 2.466218 0.5
14.296133 23.195027 0 0 0.69625 0.5
15.963389 25.176743 0 0 0.502972 0.5
21.201128 9.6782748 0 0 4.066135 0.5
19.78128 6.2600519 0 0 3.026607 0.5
2.9654794 21.663083 0 0 6.171553 0.5
19.332145 8.5640696 0 0 3.767955 0.5
4.129424 16.381692 0 0 5.349705 0.5
4.505883 8.0040108 1.8038649e-10 -6.2945934e-11 3.28374 0.5
3.660316 22.546325 0 0 1.964272 0.5
2.6581157 14.689329 0 0 1.170799 0.5
12.758831 23.992772 0 0 0.802835 0.5
21.655981 8.6403309 0 0 5.063896 0.5
20.349098 20.83341 0 0 2.243796 0.5
22.302489 9.9525536 0 0 5.270568 0.5
10.621638 27.006203 0 0 5.757172 0.5
26.176298 16.271493 0 0 5.271397 0.5
26.296486 15.122332 0 0 3.151318 0.5
17.617059 19.639823 0 0 0.221595 0.5
20.848454 7.8264171 0 0 1.510648 0.5
6.672209 22.491971 0 0 5.29405 0.5
8.7549033 23.55052 0 0 2.737677 0.5
16.691446 20.299428 0 0 4.134415 0.5
14.759318 26.365203 0 0 1.432456 0.5
25.693282 7.3822306 0 0 2.840655 0.5
26.633893 9.4211091 0 0 2.899005 0.5
21.202533 5.2911446 0 0 4.137855 0.5
3.5524457 7.2830256 2.2843323e-10 -5.2208592e-11 1.992807 0.5
18.120294 20.813564 0 0 0.375558 0.5
22.545961 7.945357 0 0 0.629977 0.5
26.325744 13.983657 0 0 5.301885 0.5
26.971024 10.492562 0 0 1.197725 0.5
16.228853 1.8251307 0 0 2.939026 0.5
17.03924 2.607684 0 0 3.912909 0.5
22.255593 12.028364 0 0 3.115045 0.5
25.955284 17.371999 0 0 1.662001 0.5
12.877192 27.359845 0 0 0.131507 0.5
