# x y vx vy theta radius
19.643157 5.8782166 0.092606401 0.0070070812 5.7607346 0.5
19.845171 8.2059721 -0.0021580245 -3.4614438e-06 1.764168 0.5
9.3205898 26.596933 0 0 3.951996 0.5
25.187665 15.640247 -0.0056349929 0.013783193 4.259518 0.5
19.666407 26.18414 -0.002778488 0.0019666416 1.882067 0.5
23.101239 9.2303239 0.0023537696 0.0023007891 0.92276 0.5
16.33478 1.8527688 7.3757162e-14 3.5483134e-13 4.981497 0.5
9.0475094 4.5811039 0 0 0.663689 0.5
11.725106 3.0857487 0 0 4.599871 0.5
23.719547 17.263056 -0.0024984977 0.0069480595 3.315122 0.5
17.322466 27.020991 2.6734348e-13 -8.5165604e-13 5.224588 0.5
18.748877 3.7148 -0.13284325 -0.17029651 4.739779 0.5
27.431883 14.415681 -0.00050038694 0.006892858 0.624425 0.5
21.614541 25.073149 -0.0013080094 0.0015121077 0.734434 0.5
10.653849 24.838314 0 0 4.989084 0.5
23.961985 11.718131 -0.0021225913 0.0047409312 2.508867 0.5
23.666763 8.0888096 -0.002733952 -0.02319888 5.939565 0.5
2.5174909 18.880645 0 0 0.028815 0.5
20.053917 4.0965409 -0.0073011736 -0.0029472249 3.449449 0.5
24.123099 22.838754 -0.00055174229 0.0011567238 0.592282 0.5
0.59644039 14.051695 0 0 6.045768 0.5
18.600345 2.5454025 -0.033693816 -0.020772164 0.890473 0.5
4.763574 4.3297699 0 0 2.353219 0.5
13.965344 1.4070183 0 0 1.672869 0.5
19.509091 21.562636 0 0 4.21507 0.5
21.74856 13.114734 -0.0061457185 0.00046058627 0.4829 0.5
14.738198 13.089726 0 0 6.274711 0.5
5.8652233 4.9151037 0 0 1.301021 0.5
22.948626 5.3816616 0.0026371991 -0.0071745047 3.538852 0.5
2.3944642 9.8697299 0 0 1.72413 0.5
26.49829 18.936943 0.0024927288 0.0052202212 0.779811 0.5
27.312428 12.173012 0.0015955321 0.0010921684 1.209651 0.5
24.213874 15.076103 0.0017121839 0.0064478249 5.377079 0.5
12.530979 24.195538 0 0 3.122843 0.5
8.2827006 26.157469 0 0 4.105439 0.5
4.0204406 8.5846645 0 0 2.246795 0.5
24.652479 10.098936 0.0090787831 0.021279026 3.468535 0.5
22.596239 17.257282 0 0 5.532293 0.5
20.720023 23.11304 -0.0018913154 0.00050920615 0.531572 0.5
23.039917 7.1552448 0.00037783298 -0.018385246 5.261584 0.5
22.011562 15.304635 3.9845888e-05 -5.2777345e-05 0.040113 0.5
21.820695 16.411768 0.0015727784 0.001003097 4.576591 0.5
25.751863 10.331086 -0.013608208 0.012071233 0.209824 0.5
24.031213 16.1835 0.00085749854 0.0011735233 1.770879 0.5
27.419946 13.29105 0.0042200748 0.001498159 4.791815 0.5
21.800541 9.076765 -0.0065209119 0.0067996077 2.522673 0.5
24.6965 17.82155 0.00076737799 0.0032233544 3.232151 0.5
2.1778987 16.5226 0 0 0.943125 0.5
25.451842 21.032154 -0.00071953377 0.00025021039 1.031271 0.5
17.750723 4.3862693 -0.030106211 0.014766821 1.523797 0.5
17.85187 24.852374 -0.0036944503 0.0018734706 1.787492 0.5
23.317297 4.3160471 -0.011122231 0.0017436647 3.056837 0.5
6.3400632 25.030393 0 0 3.332967 0.5
4.6124965 23.594383 0 0 3.889918 0.5
21.054732 6.5233975 -0.0070736171 0.0030382741 1.775857 0.5
4.6472842 7.5594268 0 0 4.33857 0.5
12.788033 1.6767405 0 0 2.652322 0.5
24.311331 7.1671109 0.0036884101 -0.0035777699 1.360759 0.5
20.513831 5.1937735 0.17119242 -0.20165571 1.350476 0.5
0.87281351 15.169821 0 0 3.139709 0.5
16.769397 25.150357 5.5828695e-13 -9.7923667e-13 3.877928 0.5
21.451559 17.475274 6.6604838e-05 0.0011804233 4.111005 0.5
24.825311 21.963381 -0.00061259597 0.0014888561 4.354529 0.5
11.971344 0.73372648 0 0 1.958136 0.5
22.204628 4.4978346 -0.018744482 -0.011224728 1.935129 0.5
24.091901 5.1291166 0.0036602649 0.00076438944 0.983243 0.5
12.307753 16.359973 0 0 4.524452 0.5
8.5680421 3.0964099 0 0 4.628506 0.5
14.27299 26.420297 -2.8433081e-12 -1.1438562e-14 4.619789 0.5
8.7656097 25.142885 0 0 6.246698 0.5
14.81081 0.58691457 -3.55418e-12 -6.7720139e-12 2.597917 0.5
3.5247215 7.5479902 0 0 5.540445 0.5
5.7365632 7.2454106 0 0 1.135786 0.5
22.415229 21.648236 -0.0068224789 0.0065379453 0.649744 0.5
8.6132824 23.865322 0 0 4.647872 0.5
22.309743 6.3047473 -0.00126325 0.001503504 3.116928 0.5
23.541918 10.306739 0.00088982283 0.0047662788 1.058365 0.5
5.4456151 24.34795 0 0 1.223223 0.5
19.320047 1.6606293 0.0053670675 -0.0095212065 6.185729 0.5
24.170386 12.836628 -0.009180108 0.0022785358 5.03693 0.5
20.664058 25.669513 -0.001119552 0.0010585253 0.158334 0.5
3.8675385 22.754181 0 0 0.09489 0.5
24.291795 18.867335 -0.0016444701 0.0065968607 3.182579 0.5
16.037784 0.72855646 -2.3486222e-16 0 5.999337 0.5
22.19222 18.320295 0.00077937446 0.0008984983 0.712677 0.5
7.6163243 23.148245 0 0 1.70588 0.5
7.2842092 25.63795 0 0 5.092516 0.5
9.8109188 25.582151 0 0 0.506989 0.5
17.142468 0.94844706 -6.8537019e-12 8.3588944e-12 4.452103 0.5
9.6137044 24.401078 0 0 3.429354 0.5
21.087418 8.2016411 -4.9862219e-05 -7.5651793e-05 5.942963 0.5
24.215892 9.0682691 0.0050556484 -3.2419662e-05 2.062723 0.5
14.527796 25.326427 -4.7326018e-12 -2.0976211e-12 2.598321 0.5
13.064015 3.3831671 0 0 6.159219 0.5
12.217657 23.043737 0 0 1.488917 0.5
2.0313411 19.926692 0 0 1.927238 0.5
24.840874 20.090793 -0.0054180886 0.0040423337 3.98558 0.5
11.419805 24.013365 0 0 3.515453 0.5
25.387091 19.111245 0.0023813784 0.0032489491 3.362574 0.5
11.756417 25.103046 0 0 2.617045 0.5
26.893622 17.789067 -0.0038495006 0.0019802268 4.416501 0.5
26.048242 11.4212 -0.0082291661 0.0020766748 2.357123 0.5
10.905734 25.937631 0 0 0.027213 0.5
23.092803 14.973389 0.00027689434 0.0024582619 3.270335 0.5
8.0705988 11.3465 0 0 5.133302 0.5
21.301433 2.7454861 -0.007947711 -0.0065842533 4.163048 0.5
23.686063 6.2341358 -0.0035855539 -0.0071021493 3.93618 0.5
10.372503 23.564764 0 0 5.951127 0.5
18.675821 18.765272 0 0 4.082451 0.5
4.227756 6.5154054 0 0 1.780305 0.5
19.114601 17.696875 0 0 2.847882 0.5
23.050831 12.691044 -0.0048146624 -0.00057776423 1.767937 0.5
10.577728 2.041961 0 0 0.00135 0.5
13.516587 18.240191 0 0 5.312468 0.5
11.676081 17.313426 0 0 0.320289 0.5
3.2278311 5.9874455 0 0 0.581132 0.5
25.791818 18.065338 -0.0019572704 0.0063585659 3.087421 0.5
13.094402 0.59183981 0 0 3.560403 0.5
22.937212 11.25877 -0.0023394892 0.0001525417 0.555117 0.5
2.8765921 8.6721972 0 0 6.220608 0.5
19.836769 23.805531 0.00044127375 0.0013640005 5.652715 0.5
24.797156 6.0009428 0.0017716334 0.0023933287 0.827952 0.5
26.245899 12.525785 -0.0029989564 -0.00094863106 1.054048 0.5
16.059333 27.273935 0 0 0.319962 0.5
25.147021 12.280446 -0.008296038 -0.0049703857 2.464344 0.5
18.835734 24.313391 -0.0024859417 0.0011128751 3.780782 0.5
19.792683 24.960201 0 0 0.745414 0.5
20.879469 24.224248 0.0001196991 0.00083618639 3.348875 0.5
22.903394 16.094049 -4.5753937e-16 -1.8651977e-16 5.365761 0.5
11.498806 27.200047 0 0 0.445642 0.5
2.0488854 7.9048769 0 0 2.979068 0.5
12.014062 26.200885 0 0 2.813895 0.5
11.750729 14.441413 0 0 4.039246 0.5
20.542445 22.003897 0.00024886505 6.5088815e-05 4.602055 0.5
5.341785 16.47513 0 0 1.676583 0.5
9.6088824 1.3364042 0 0 1.207935 0.5
17.658967 3.2174269 -0.0012489173 0.012017951 6.164191 0.5
25.257213 13.397498 -0.00573453 -0.0084751311 1.491784 0.5
13.153065 15.400251 0 0 6.269379 0.5
23.314773 18.310902 0.00054598326 -0.00089332754 0.35856 0.5
21.591867 5.4452949 0.039763316 0.013165267 0.326238 0.5
20.553326 19.587393 -0.0031391935 0.00032650293 1.608548 0.5
18.614919 26.620817 1.9157467e-13 -1.0050753e-12 2.616667 0.5
6.6310548 2.977615 0 0 0.410672 0.5
14.93907 27.399352 0 0 3.210668 0.5
19.651583 22.688381 -0.0015374867 0.0011816238 0.309541 0.5
10.828442 0.94596151 0 0 1.761874 0.5
15.194324 1.6504362 -1.3777461e-11 5.5542585e-12 4.731547 0.5
20.342105 10.840466 0 0 0.313065 0.5
16.383153 24.045525 0 0 0.087229 0.5
25.269821 14.521237 0.00057942634 -0.0082928517 5.713071 0.5
1.5941526 8.9406305 0 0 0.34983 0.5
13.781753 24.454208 0 0 2.015368 0.5
3.9393914 5.1024623 0 0 0.42176 0.5
21.645722 19.328384 -4.30831e-05 0.0030697918 5.580866 0.5
1.0845094 17.386512 0 0 4.066321 0.5
8.4842081 22.222292 0 0 5.863794 0.5
20.31725 20.684696 -0.00013465027 0.00061895886 5.355125 0.5
2.2124759 17.679663 0 0 5.404824 0.5
1.2147407 10.121786 0 0 1.361005 0.5
22.232531 3.3768737 -0.0036621268 0.011044513 5.19755 0.5
22.767545 19.293033 -0.00083634663 0.0030557335 5.853071 0.5
20.977453 14.074502 -2.3158883e-05 -2.2219393e-06 2.830697 0.5
25.347199 9.1896705 0.012101775 0.0032811352 3.251414 0.5
25.998854 20.052103 0.0019908696 0.001720195 3.305262 0.5
15.653092 25.271723 -2.5708717e-12 5.7937783e-13 3.841898 0.5
19.816407 18.648767 -0.0055253869 0.00091424664 4.917041 0.5
16.64986 22.92435 0 0 1.726803 0.5
24.282581 13.955989 -0.00011343976 -0.00046001177 2.534849 0.5
3.1420142 21.893485 0 0 1.985571 0.5
22.074169 20.366214 -0.0023291382 -0.00093926845 5.636684 0.5
18.628957 23.192209 0 0 0.642493 0.5
20.893283 15.205833 -4.670085e-16 0 5.796573 0.5
18.785192 25.489108 -0.00040879724 -0.00032234495 4.738871 0.5
23.350292 23.652598 -0.00081765609 0.00054411337 1.568073 0.5
23.119067 20.776062 -0.0041800724 0.011670514 2.749741 0.5
23.745056 19.846154 -0.002196636 0.0070646966 1.171823 0.5
0.70344091 12.892454 0 0 2.226958 0.5
13.228735 13.756708 0 0 1.548545 0.5
21.692475 10.997424 -0.0018225686 -0.0028778005 3.653333 0.5
22.703406 22.732691 0.00048918408 0.0018457435 4.394256 0.5
19.634636 3.0387419 0.015166486 -0.06522314 0.605652 0.5
24.948503 11.177052 -0.0030089244 0.013595218 3.106146 0.5
20.693414 16.323652 0 0 3.095002 0.5
25.977271 7.9053958 -0.00083397015 -0.0024643338 1.841384 0.5
15.395951 26.364819 -2.5843939e-13 2.3107597e-13 6.034028 0.5
9.6108597 2.637047 0 0 1.857551 0.5
20.286533 17.436544 0 0 1.702664 0.5
22.512185 24.399193 -0.00055369978 0.0004810775 1.16125 0.5
11.699714 1.9548757 0 0 4.720586 0.5
7.7683241 24.615539 0 0 0.205718 0.5
2.8231019 20.807454 0 0 5.820667 0.5
21.605671 22.423996 -0.0045743369 0.003309159 3.894129 0.5
14.150328 14.750751 0 0 3.074393 0.5
18.257933 1.2542328 -0.012963712 -0.0034621839 0.467747 0.5
4.2544566 21.681037 0 0 5.60533 0.5
7.5372824 2.2476462 0 0 6.227367 0.5
8.5462589 1.7281561 0 0 5.177094 0.5
20.924896 18.46834 -0.0039671168 0.0014980995 0.203779 0.5
22.11004 12.045944 -0.0021482559 0.0024884149 6.095105 0.5
7.6393138 3.7552566 0 0 5.150288 0.5
1.3471067 18.483353 0 0 3.059892 0.5
5.9187873 23.29855 0 0 3.692189 0.5
16.511937 26.243425 -2.1835897e-13 -1.4142038e-12 3.246869 0.5
19.437589 19.711192 -0.0012995135 0.00014416807 2.032293 0.5
22.367573 10.083317 0.0016565901 0.00046140082 6.136396 0.5
6.3465594 20.029646 0 0 4.563161 0.5
20.240815 9.3255825 -0.0021590989 0.0015722754 5.916686 0.5
21.803176 23.528914 -0.0022545045 -0.0011362148 1.344992 0.5
24.874642 8.1497658 -0.0029872813 -0.0070866992 3.633442 0.5
13.789008 27.434147 -1.2215058e-12 2.5488398e-12 2.78777 0.5
25.010502 16.745211 0.0035748124 0.019210537 1.483056 0.5
17.703254 25.964845 -2.1684703e-05 0.00016225833 0.879468 0.5
27.350958 15.534722 -0.0035063851 -0.0017796614 4.923104 0.5
24.214445 21.021857 -0.0054617942 0.0042173274 5.350229 0.5
23.510204 21.898165 -0.00038053399 0.00047176282 1.508644 0.5
27.115126 11.068845 -0.002899128 -0.0026933475 4.32761 0.5
20.339267 2.1505745 0.01438562 -0.012738236 1.3724 0.5
5.6260943 3.5548653 0 0 2.64206 0.5
27.175422 16.643724 -0.0021125452 0.0049721434 2.466218 0.5
12.874 25.268375 0 0 0.69625 0.5
15.029562 24.280759 0 0 0.502972 0.5
21.163025 10.007122 -0.001710539 -0.00029106818 4.066135 0.5
17.446022 2.036573 -6.0050523e-12 9.0346506e-12 3.026607 0.5
1.755996 13.809259 0 0 6.171553 0.5
22.103605 14.182817 0.0028070658 -0.0014181401 3.767955 0.5
4.9582714 5.6544361 0 0 5.349705 0.5
11.114661 22.717994 0 0 3.28374 0.5
5.3836988 21.32584 0 0 1.964272 0.5
0.76127731 16.294689 0 0 1.170799 0.5
6.8367939 23.972735 0 0 0.802835 0.5
10.476074 10.042971 0 0 5.063896 0.5
21.349372 21.223305 0.00011101942 0.00014485761 2.243796 0.5
21.8304 7.3365893 -0.0021082083 0.0010336609 5.270568 0.5
10.403025 26.941718 0 0 5.757172 0.5
26.283929 15.882791 0.0018989548 0.010727899 5.271397 0.5
26.365632 14.764885 -0.0040044269 0.0011480049 3.151318 0.5
18.056325 21.616169 0 0 0.221595 0.5
19.161062 4.8566106 -0.11363826 -0.21686512 1.510648 0.5
9.5747284 22.739562 0 0 5.29405 0.5
5.1206642 22.481541 0 0 2.737677 0.5
17.575993 19.459261 0 0 4.134415 0.5
13.148539 26.363148 0 0 1.432456 0.5
25.424342 6.9308433 0.0082736177 0.012711962 2.840655 0.5
26.443031 8.9286309 -0.00054560502 -0.00082274871 2.899005 0.5
21.21916 3.9224567 -0.017645129 -0.0049790331 4.137855 0.5
2.5884625 6.9142608 0 0 1.992807 0.5
18.775192 20.712959 0 0 0.375558 0.5
22.547959 8.2391918 -0.004088441 0.0026196697 0.629977 0.5
26.354717 13.642627 -0.0016051364 -0.0010708559 5.301885 0.5
26.823701 9.9829128 0.002022367 0.0082637316 1.197725 0.5
10.83921 4.5712103 0 0 2.939026 0.5
16.555649 3.0050743 -0.015269477 -0.0028830318 3.912909 0.5
23.170355 13.811544 -0.013455009 -0.0019563901 3.115045 0.5
26.106744 16.989407 -0.0014219853 0.0067350515 1.662001 0.5
12.619071 27.355514 0 0 0.131507 0.5
