# x y vx vy theta radius
18.809286 19.239521 -0.33271217 -0.39737364 2.8613351 0.5
22.502016 17.417152 -8.7215022e-07 1.6454512e-07 1.764168 0.5
4.7009695 9.3882836 0 0 3.951996 0.5
15.670165 3.7322718 0 0 4.259518 0.5
8.3434002 16.347684 0 0 1.882067 0.5
26.110386 16.322012 1.3315353e-07 -5.9835678e-07 0.92276 0.5
25.75735 7.4923615 1.1183484e-07 6.3454461e-07 4.981497 0.5
20.90643 9.7056021 0 0 0.663689 0.5
21.182178 2.6416574 -9.125398e-07 -4.3753333e-07 4.599871 0.5
6.3353087 22.222415 0 0 3.315122 0.5
13.986656 27.42699 4.1242061e-14 -7.9083025e-14 5.224588 0.5
22.105284 3.2807948 -6.6102503e-07 -2.7727134e-07 4.739779 0.5
27.017729 10.664989 5.8247019e-07 -8.3692671e-07 0.624425 0.5
22.693943 22.95022 -6.7615313e-06 1.3255891e-05 0.734434 0.5
12.569356 26.298606 4.4891093e-15 -2.4759543e-14 4.989084 0.5
21.1779 8.193331 -2.5955496e-07 1.547853e-07 2.508867 0.5
21.855862 9.0944284 -9.5139331e-07 5.7301205e-07 5.939565 0.5
18.133096 24.270236 -0.00022499142 4.150869e-05 0.028815 0.5
13.835574 24.347906 -1.2720497e-13 -3.4727586e-13 3.449449 0.5
20.294217 19.202537 0 0 0.592282 0.5
3.8342998 22.789134 0 0 6.045768 0.5
2.8231967 19.222907 0 0 0.890473 0.5
5.2687704 5.2668427 0 0 2.353219 0.5
5.9862855 3.2401258 0 0 1.672869 0.5
1.1487704 10.084166 0 0 4.21507 0.5
10.3564 25.888081 -1.7891871e-14 3.3342987e-14 0.4829 0.5
9.4344798 23.014189 0 0 6.274711 0.5
10.612715 1.0613798 0 0 1.301021 0.5
23.210331 13.132455 -6.7589044e-07 7.0774041e-07 3.538852 0.5
1.99716 7.9645485 0 0 1.72413 0.5
26.690197 18.422539 -1.0622864e-07 -7.8077616e-08 0.779811 0.5
25.173601 6.533344 -2.9303819e-07 -1.5662796e-07 1.209651 0.5
7.2938739 25.626987 0 0 5.377079 0.5
22.237606 13.949834 0 0 3.122843 0.5
8.3076117 23.357447 0 0 4.105439 0.5
2.2731247 9.972439 0 0 2.246795 0.5
20.27635 3.3049626 -6.7823108e-07 4.9562435e-07 3.468535 0.5
10.357329 23.653773 0 0 5.532293 0.5
5.0601828 11.320044 0 0 0.531572 0.5
22.564789 6.5762497 1.3442467e-07 -1.6206559e-07 5.261584 0.5
23.775913 4.7789575 -1.3898924e-07 -1.3365899e-07 0.040113 0.5
21.533085 19.241478 -6.1663533e-07 -9.9346623e-07 4.576591 0.5
21.760875 5.7655559 0 0 0.209824 0.5
22.134654 12.809398 -1.1234719e-06 -3.3566994e-07 1.770879 0.5
26.690439 9.5788063 -5.4967996e-07 -1.3651103e-06 4.791815 0.5
26.150317 11.539524 1.1621843e-07 -9.6484863e-07 2.522673 0.5
17.269279 19.820994 0 0 3.232151 0.5
15.917864 25.184583 -1.2511026e-05 -1.4349027e-05 0.943125 0.5
22.891647 24.066447 1.6972209e-05 -2.3269783e-06 1.031271 0.5
8.0047934 7.8373793 0 0 1.523797 0.5
9.5429508 26.672857 -1.8745086e-13 1.4562731e-13 1.787492 0.5
10.047246 24.752852 0 0 3.056837 0.5
3.3623365 15.234626 0 0 3.332967 0.5
18.677173 26.576678 -7.1342427e-05 3.2942399e-05 3.889918 0.5
13.367653 25.505809 0 0 1.775857 0.5
26.290316 12.654145 -1.4702061e-06 -5.6454804e-08 4.33857 0.5
0.87691008 11.179311 0 0 2.652322 0.5
23.795128 10.344429 -1.611652e-06 -2.5391823e-07 1.360759 0.5
16.969633 0.89626905 0 0 1.350476 0.5
4.5302518 15.427906 0 0 3.139709 0.5
15.387469 26.187333 -8.234352e-14 -1.2225356e-13 3.877928 0.5
13.822119 15.570277 0 0 4.111005 0.5
21.777007 23.597801 -1.6570813e-06 -5.9253175e-06 4.354529 0.5
6.1363775 4.5429394 0 0 1.958136 0.5
22.898884 9.6599331 0 0 1.935129 0.5
25.079293 11.894942 -6.4106587e-07 -3.7254156e-07 0.983243 0.5
1.9603892 17.127797 0 0 4.524452 0.5
5.9688735 9.2635193 0 0 4.628506 0.5
9.302075 21.359172 0 0 4.619789 0.5
1.5150367 18.963911 0 0 6.246698 0.5
12.720017 1.8013639 0 0 2.597917 0.5
13.835346 2.0029267 0 0 5.540445 0.5
3.0900182 10.758805 0 0 1.135786 0.5
19.7808 26.037837 3.811627e-05 3.3624662e-06 0.649744 0.5
1.6582927 14.893659 0 0 4.647872 0.5
3.2746075 5.9035933 0 0 3.116928 0.5
6.0738269 15.931545 0 0 1.058365 0.5
6.8144518 20.939985 0 0 1.223223 0.5
24.470126 7.4086945 -6.1617551e-07 -1.0017957e-06 6.185729 0.5
18.121285 1.2231087 0 0 5.03693 0.5
7.2189204 23.035542 0 0 0.158334 0.5
3.7612956 13.961199 0 0 0.09489 0.5
20.891876 25.474373 -1.1873122e-05 1.6478546e-07 3.182579 0.5
11.787318 0.79654217 0 0 5.999337 0.5
3.1364528 21.909143 0 0 0.712677 0.5
18.252528 2.3421052 0 0 1.70588 0.5
5.5892015 23.065141 0 0 5.092516 0.5
2.3588514 18.181484 0 0 0.506989 0.5
13.19732 0.64663736 0 0 4.452103 0.5
22.518176 18.694746 -4.3825244e-06 -3.9637998e-06 3.429354 0.5
21.89373 11.542714 0 0 5.942963 0.5
7.4868537 24.2586 0 0 2.062723 0.5
17.765705 25.908688 -5.1157861e-05 2.5622717e-05 2.598321 0.5
1.5242435 9.0218337 0 0 6.159219 0.5
7.1291593 9.3086454 0 0 1.488917 0.5
1.971011 19.990764 0 0 1.927238 0.5
24.200461 20.186801 -1.5696632e-05 -2.2096614e-05 3.98558 0.5
24.075357 21.303442 -3.8642392e-06 -1.536597e-06 3.515453 0.5
24.734626 17.731815 2.3479639e-07 2.511064e-07 3.362574 0.5
11.456332 26.143467 -1.1664441e-14 -1.6572199e-15 2.617045 0.5
23.794388 23.196019 3.2336729e-05 7.6226185e-06 4.416501 0.5
23.673005 6.3793424 0 0 2.357123 0.5
21.35482 6.8161845 -2.0671301e-07 -5.1420972e-07 0.027213 0.5
24.332666 13.695814 -9.0297398e-07 4.5912896e-07 3.270335 0.5
22.817598 8.5143587 -1.0106314e-06 6.1792221e-07 5.133302 0.5
20.616272 5.8604039 0 0 4.163048 0.5
22.971808 3.9947069 -4.6137391e-07 -4.8467022e-07 3.93618 0.5
15.112331 27.354925 -1.6148437e-14 -7.5995968e-14 5.951127 0.5
25.22695 13.015035 3.9530457e-07 2.0149173e-08 4.082451 0.5
21.844972 10.347079 0 0 1.780305 0.5
18.249725 3.8867997 0 0 2.847882 0.5
27.388126 15.131038 -7.361353e-11 -2.4217637e-07 1.767937 0.5
1.7953131 12.237459 0 0 0.00135 0.5
1.9948855 11.067481 0 0 5.312468 0.5
26.33609 13.775766 1.881558e-07 7.8086615e-07 0.320289 0.5
2.6733126 14.303914 0 0 0.581132 0.5
12.781202 23.837317 6.0697831e-15 -2.0734187e-13 3.087421 0.5
15.467725 0.66268495 0 0 3.560403 0.5
2.8633729 16.371585 0 0 0.555117 0.5
0.86140074 16.80663 0 0 6.220608 0.5
5.4386319 24.357141 0 0 5.652715 0.5
23.93609 8.4179977 -7.4881638e-07 -6.6108375e-08 0.827952 0.5
25.361827 14.333637 -2.5517877e-07 1.9052265e-07 1.054048 0.5
3.7760554 12.716154 0 0 0.319962 0.5
14.330827 0.58776008 0 0 2.464344 0.5
26.266224 19.466388 3.0426737e-07 2.0817571e-07 3.780782 0.5
2.8639172 11.862692 0 0 0.745414 0.5
26.272137 15.007038 0 0 3.348875 0.5
27.242461 16.245188 1.6069561e-06 -8.6080623e-06 5.365761 0.5
8.3305387 26.183849 0 0 0.445642 0.5
4.7920171 7.3573166 0 0 2.979068 0.5
9.2775824 25.574132 -9.4030962e-15 -3.7047695e-14 2.813895 0.5
4.8681458 12.426968 0 0 4.039246 0.5
20.991921 12.226471 0 0 4.602055 0.5
8.6878464 9.0874147 0 0 1.676583 0.5
14.55607 25.22278 2.0965408e-13 -1.7622102e-13 1.207935 0.5
15.390954 19.17625 0 0 6.164191 0.5
25.005278 16.63998 1.3218312e-08 -5.3050912e-08 1.491784 0.5
22.08017 4.6795803 -1.163989e-07 -1.2216027e-07 6.269379 0.5
25.129349 19.555987 2.267723e-05 -1.2033755e-05 0.35856 0.5
22.967306 12.031757 -2.5776095e-06 1.4189265e-06 0.326238 0.5
24.306856 18.771948 7.4285579e-08 6.3017595e-09 1.608548 0.5
17.37318 26.966724 -1.0231115e-05 2.7083144e-05 2.616667 0.5
22.823187 10.911352 -1.2490897e-06 7.1403594e-07 0.410672 0.5
22.872066 15.261609 -6.9438495e-07 6.0479783e-07 3.210668 0.5
22.034503 20.263541 2.9976224e-07 -1.2723454e-06 0.309541 0.5
19.367406 6.2118693 0 0 1.761874 0.5
6.5764214 8.2580357 0 0 4.731547 0.5
17.124329 16.410151 0 0 0.313065 0.5
20.239347 6.9438131 -2.6941556e-07 3.0493596e-08 0.087229 0.5
25.191718 21.436946 3.8520423e-05 5.5320565e-06 5.713071 0.5
20.896493 24.303608 -3.7683283e-05 -3.6058593e-05 0.34983 0.5
11.574948 23.998419 -2.6540165e-13 -1.5109446e-13 2.015368 0.5
16.618762 26.063277 -4.6942263e-05 2.2910042e-05 0.42176 0.5
27.0102 17.345499 4.7390306e-07 7.1586744e-07 5.580866 0.5
2.6191276 6.873598 0 0 4.066321 0.5
25.289762 15.553028 0 0 5.863794 0.5
11.466816 1.8790472 0 0 5.355125 0.5
0.57650278 14.535458 0 0 5.404824 0.5
20.831957 10.99051 0 0 1.361005 0.5
20.207948 2.0810338 -8.3313042e-07 -1.2455605e-06 5.19755 0.5
19.877741 24.786296 2.8290913e-07 -8.5934607e-05 5.853071 0.5
7.5939321 21.949596 0 0 2.830697 0.5
22.855317 5.4920079 2.5119779e-07 -3.8102327e-07 3.251414 0.5
23.126341 21.904504 -2.3783115e-05 -2.6989974e-05 3.305262 0.5
6.3365038 25.036986 0 0 3.841898 0.5
11.840734 9.420449 0 0 4.917041 0.5
13.322704 3.0991883 0 0 1.726803 0.5
24.438534 9.4218992 -6.6033647e-07 2.3937903e-07 2.534849 0.5
2.513072 20.974805 0 0 1.985571 0.5
3.7434431 6.9356148 0 0 5.636684 0.5
6.0500107 11.914236 0 0 0.642493 0.5
20.395434 4.7309166 0 0 5.796573 0.5
16.307606 2.7398413 0 0 4.738871 0.5
9.8383808 8.8558771 0 0 1.568073 0.5
24.531817 22.347343 -1.8950259e-07 7.1120883e-07 2.749741 0.5
16.090413 1.602546 0 0 1.171823 0.5
6.4365027 23.840523 0 0 2.226958 0.5
11.159026 10.403321 0 0 1.548545 0.5
13.396468 22.803551 0 0 3.653333 0.5
21.973361 24.717003 8.1916004e-07 -1.8806977e-05 4.394256 0.5
19.1839 1.6081069 0 0 0.605652 0.5
23.957124 11.48124 -2.1297958e-06 -2.6559242e-07 3.106146 0.5
1.7151159 13.658165 0 0 3.095002 0.5
25.560507 9.3761385 -1.3317332e-06 -3.0428634e-07 1.841384 0.5
12.254533 25.208234 0 0 6.034028 0.5
14.187503 12.410589 0 0 1.857551 0.5
1.7821631 16.013047 0 0 1.702664 0.5
23.870932 17.012857 -4.2803651e-07 1.4251156e-06 1.16125 0.5
11.436995 6.8062046 0 0 4.720586 0.5
3.5826358 9.5221744 0 0 0.205718 0.5
19.387053 3.9902389 0 0 5.820667 0.5
4.218347 10.475045 0 0 3.894129 0.5
0.59927996 13.404923 0 0 3.074393 0.5
6.3266263 7.1407101 0 0 0.467747 0.5
10.828178 11.49328 0 0 5.60533 0.5
22.142031 7.6173291 -2.6443808e-07 3.0052793e-08 6.227367 0.5
11.135198 25.060562 5.6317044e-14 2.7951741e-14 5.177094 0.5
24.844022 10.77498 -7.9332007e-07 -4.0475622e-07 0.203779 0.5
8.2702268 25.06297 0 0 6.095105 0.5
10.828641 5.6779103 0 0 5.150288 0.5
0.67358644 12.284625 0 0 3.059892 0.5
4.6039654 23.606194 0 0 3.692189 0.5
5.2431743 8.3871379 0 0 3.246869 0.5
23.103751 20.643847 0 0 2.032293 0.5
2.650684 8.8948477 0 0 6.136396 0.5
4.1083469 8.423459 0 0 4.563161 0.5
2.714759 13.124719 0 0 5.916686 0.5
18.762949 25.372001 -2.8085877e-05 -6.8955309e-05 1.344992 0.5
4.8870841 14.223159 0 0 3.633442 0.5
22.939503 16.382323 2.8969337e-07 1.8124665e-07 2.78777 0.5
24.347525 14.819874 1.6016612e-07 8.4725904e-07 1.483056 0.5
14.233092 26.307326 -5.6131813e-14 -9.3377061e-15 0.879468 0.5
27.250993 11.764048 3.3811819e-07 -1.0822342e-06 4.923104 0.5
23.443511 18.051227 -2.388376e-07 6.6533999e-07 5.350229 0.5
12.261717 11.349884 0 0 1.508644 0.5
24.511472 5.6268734 3.9132387e-09 -3.3928548e-08 4.32761 0.5
17.168358 2.00256 0 0 1.3724 0.5
25.057733 8.3725735 -7.9000388e-07 3.9106305e-07 2.64206 0.5
25.548035 18.512056 5.092488e-07 5.0429682e-07 2.466218 0.5
11.732975 27.245765 2.051915e-14 4.1709495e-15 0.69625 0.5
10.621971 27.001545 -1.8826328e-13 -3.5639251e-14 0.502972 0.5
1.1411417 17.899477 0 0 4.066135 0.5
19.141266 5.100952 0 0 3.026607 0.5
23.347529 7.4569033 -8.8450623e-07 -1.4342976e-06 6.171553 0.5
25.865146 17.433556 1.535324e-06 -5.0609576e-06 3.767955 0.5
21.212385 3.9610072 -3.6172266e-07 2.7533177e-07 5.349705 0.5
5.4669634 6.4176377 0 0 3.28374 0.5
21.66011 22.441386 -6.7586588e-06 -3.6559715e-06 1.964272 0.5
4.4074729 6.0160831 0 0 1.170799 0.5
3.1255214 7.8764767 0 0 0.802835 0.5
4.9281875 4.1466869 0 0 5.063896 0.5
16.255461 27.133398 -2.967556e-15 -3.7848702e-15 2.243796 0.5
19.301114 2.7446117 -5.8938474e-07 4.2911611e-07 5.270568 0.5
9.0361747 24.238099 0 0 5.757172 0.5
27.391798 12.880853 3.9526076e-07 -5.8109226e-07 5.271397 0.5
25.774316 20.476955 -1.536239e-06 5.8270744e-07 3.151318 0.5
23.371635 19.426556 1.7652084e-07 -1.4141795e-07 0.221595 0.5
22.116859 21.410435 -5.5183955e-06 -3.2608442e-06 1.510648 0.5
11.907175 8.2498851 0 0 5.29405 0.5
5.4258422 10.255151 0 0 2.737677 0.5
4.0874994 4.939626 0 0 4.134415 0.5
12.851817 27.385499 -1.5075033e-13 -5.438267e-14 1.432456 0.5
3.9579792 11.589152 0 0 2.840655 0.5
23.352471 14.245986 -1.9104444e-07 -2.5902132e-07 2.899005 0.5
14.933323 1.6937543 0 0 4.137855 0.5
24.189995 12.580702 -8.2337335e-07 -6.0094065e-07 1.992807 0.5
4.0884253 21.256137 0 0 0.375558 0.5
17.377441 3.1465112 0 0 0.629977 0.5
24.057469 15.904725 -2.1708171e-07 -7.3866893e-08 5.301885 0.5
25.917103 10.440703 -1.6806268e-07 4.7583893e-07 1.197725 0.5
0.66945975 15.69467 0 0 2.939026 0.5
10.060648 10.116897 0 0 3.912909 0.5
26.259482 8.4962638 3.0243126e-07 2.1696933e-07 3.115045 0.5
27.43566 14.005482 -1.7369846e-07 1.6556865e-06 1.662001 0.5
6.5397976 10.408545 0 0 0.131507 0.5
