# x y vx vy theta radius
14.89838 3.5228409 0.8408563 0.21115626 0.16308047 0.5
4.1294242 11.749709 0 0 1.764168 0.5
5.11675 12.298254 0 0 3.951996 0.5
7.4806313 4.7571432 1.8605626e-13 1.9230293e-13 4.259518 0.5
2.1575612 10.661421 -3.1289638e-14 5.1893776e-13 1.882067 0.5
25.571631 18.439228 0 0 0.92276 0.5
27.00835 10.628615 0 0 4.981497 0.5
7.3026832 7.7982005 0 0 0.663689 0.5
8.3655253 5.4833909 8.5808019e-13 8.1475596e-13 4.599871 0.5
3.8647722 12.852046 0 0 3.315122 0.5
17.483446 3.1456329 0 0 5.224588 0.5
21.18929 2.6466938 0 0 4.739779 0.5
24.553773 20.478333 0 0 0.624425 0.5
15.013305 25.297287 0 0 0.734434 0.5
9.0067519 22.791294 0 0 4.989084 0.5
11.445413 26.009094 0 0 2.508867 0.5
18.133547 1.239209 0 0 5.939565 0.5
5.585747 15.280137 0 0 0.028815 0.5
9.1474502 1.471534 0.0020745624 0.0021866388 3.449449 0.5
20.917652 5.1749521 0 0 0.592282 0.5
4.3392386 21.722726 8.4749149e-14 -3.1343023e-14 6.045768 0.5
3.0270573 17.904662 0 0 0.890473 0.5
8.334879 3.0209898 0.0019928564 4.4751624e-06 2.353219 0.5
16.099046 1.8217374 3.5630618e-05 0.00017074862 1.672869 0.5
1.3977232 9.334858 -0.0012191024 0.0019210152 4.21507 0.5
4.1391066 17.400884 0 0 0.4829 0.5
6.5409561 25.178502 4.9465328e-13 1.4515729e-13 6.274711 0.5
14.725901 0.5873014 -4.5181591e-05 0.0001404613 1.301021 0.5
9.3813731 2.5697258 0.002297508 0.0032140304 3.538852 0.5
4.3136724 9.5282887 4.0641291e-13 5.5317022e-13 1.72413 0.5
23.699022 19.689569 0 0 0.779811 0.5
8.4253868 12.580628 0 0 1.209651 0.5
8.5066301 26.264575 7.5902943e-13 2.6187946e-13 5.377079 0.5
16.455102 27.194035 0 0 3.122843 0.5
5.3827757 21.308808 0 0 4.105439 0.5
4.1755788 8.4042187 0.0010419725 0.0012202735 2.246795 0.5
4.4066413 4.5926457 1.008327e-13 3.0115629e-13 3.468535 0.5
10.33085 25.869149 0 0 5.532293 0.5
1.6539694 14.005666 -4.5170456e-14 7.2466804e-13 0.531572 0.5
26.102375 11.728079 0 0 5.261584 0.5
20.442902 3.4951494 0 0 0.040113 0.5
6.4180432 8.5009517 3.5453868e-13 5.3257828e-14 4.576591 0.5
18.909351 23.298496 0 0 0.209824 0.5
24.798567 17.617567 0 0 1.770879 0.5
24.705271 7.9080787 0 0 4.791815 0.5
24.518687 5.6360946 0 0 2.522673 0.5
18.421493 21.247095 0 0 3.232151 0.5
6.2041493 22.076049 0 0 0.943125 0.5
16.700047 25.423492 0 0 1.031271 0.5
2.9328097 8.5508517 -0.0019065922 -0.0023528739 1.523797 0.5
11.744019 27.246325 0 0 1.787492 0.5
5.511153 11.188306 0 0 3.056837 0.5
3.6008024 19.678271 0 0 3.332967 0.5
19.672034 26.170384 0 0 3.889918 0.5
13.026977 27.390485 0 0 1.775857 0.5
27.438183 13.969941 0 0 4.33857 0.5
0.79757844 11.495438 -0.00022678815 0.00096166486 2.652322 0.5
23.098975 22.284068 0 0 1.360759 0.5
10.210616 1.1082924 0.00089842739 -0.0014218133 1.350476 0.5
2.499485 9.5860736 -0.017675409 0.032277154 3.139709 0.5
6.9060307 6.5013305 0 0 3.877928 0.5
9.5021449 20.774271 0 0 4.111005 0.5
18.833578 25.376519 0 0 4.354529 0.5
4.9766611 7.2550718 5.4633562e-14 -1.4202957e-14 1.958136 0.5
27.393972 15.092368 0 0 1.935129 0.5
26.257616 12.84799 0 0 0.983243 0.5
1.6085366 19.201055 4.7384783e-14 1.3459901e-13 4.524452 0.5
8.115757 1.9177583 -0.0057716591 -0.0046666835 4.628506 0.5
9.6315811 12.384545 0 0 4.619789 0.5
2.7709003 15.737377 2.1165393e-13 2.0948808e-13 6.246698 0.5
6.1976905 3.100361 0.00027332265 -0.00052962047 2.597917 0.5
19.49476 4.3093543 0 0 5.540445 0.5
1.7235574 12.875472 -5.5185172e-14 -6.2686776e-14 1.135786 0.5
5.9149182 23.324299 0 0 0.649744 0.5
2.6653535 13.495234 -8.4381504e-14 1.8848985e-13 4.647872 0.5
7.3584189 3.6045388 0.0031989321 -0.0043330486 3.116928 0.5
13.119014 25.420282 0 0 1.058365 0.5
9.9077895 23.53255 0 0 1.223223 0.5
10.755979 3.3097691 -0.00019158897 6.8960878e-05 6.185729 0.5
12.418068 0.6938867 0.0014108514 0.0019081612 5.03693 0.5
4.7427728 20.386458 3.7480608e-14 -1.477672e-14 0.158334 0.5
1.7851027 16.277454 -1.1361908e-13 8.0234171e-14 0.09489 0.5
16.138596 20.29884 0 0 3.182579 0.5
11.828906 3.8679867 -0.0092508613 0.016468 5.999337 0.5
3.0897447 11.291273 3.5811305e-13 2.9349928e-13 0.712677 0.5
19.463755 2.9356144 0 0 1.70588 0.5
3.6984878 20.798175 2.5212939e-14 -8.5466302e-15 5.092516 0.5
2.0388901 17.371237 9.5464074e-15 4.1169986e-14 0.506989 0.5
22.852887 5.8410323 0 0 4.452103 0.5
20.068253 23.464248 0 0 3.429354 0.5
24.208903 13.549805 0 0 5.942963 0.5
10.730247 11.272573 3.5294432e-10 5.0183607e-10 2.062723 0.5
14.915617 23.958662 0 0 2.598321 0.5
1.837375 8.3022529 -0.00048118431 -3.1942912e-05 6.159219 0.5
10.482441 13.228375 0 0 1.488917 0.5
1.6686606 15.16007 6.1302552e-14 1.7654056e-14 1.927238 0.5
24.300219 18.691275 0 0 3.98558 0.5
24.314162 22.572873 0 0 3.515453 0.5
26.701189 18.386069 0 0 3.362574 0.5
5.7724999 14.102844 0 0 2.617045 0.5
15.908176 24.60963 0 0 4.416501 0.5
22.979542 4.0024041 0 0 2.357123 0.5
15.881675 26.226707 0 0 0.027213 0.5
27.388155 12.844028 0 0 3.270335 0.5
7.3824123 20.24029 0 0 5.133302 0.5
21.923475 10.346959 0 0 4.163048 0.5
23.612528 7.6408036 0 0 3.93618 0.5
18.09779 24.527375 0 0 5.951127 0.5
22.111709 3.2886512 0 0 4.082451 0.5
19.357731 24.382526 0 0 1.780305 0.5
23.783727 4.7872834 0 0 2.847882 0.5
26.272846 15.151262 0 0 1.767937 0.5
0.6338581 12.605874 -2.2651863e-06 1.5363592e-05 0.00135 0.5
5.4332451 9.4472648 1.9097798e-13 -1.0382181e-14 5.312468 0.5
27.245194 11.728178 0 0 0.320289 0.5
4.6945458 14.550675 0 0 0.581132 0.5
7.5015545 25.763093 4.8411392e-13 2.5146132e-13 3.087421 0.5
14.819244 1.7552588 0 0 3.560403 0.5
2.9507238 6.354197 2.0865277e-13 -1.4948473e-13 0.555117 0.5
0.91608838 17.067393 -4.2493547e-14 -6.9279795e-14 6.220608 0.5
5.634245 24.516804 4.907487e-13 1.8746367e-13 5.652715 0.5
25.656275 10.362978 0 0 0.827952 0.5
24.835357 16.364232 0 0 1.054048 0.5
3.1784426 16.783343 0 0 0.319962 0.5
10.854363 15.646395 0 0 2.464344 0.5
22.408091 23.195782 0 0 3.780782 0.5
3.4251001 10.219975 0.0032289893 0.0022215994 0.745414 0.5
27.256105 16.208015 0 0 3.348875 0.5
23.989433 21.488092 0 0 5.365761 0.5
9.5506999 26.680573 0 0 0.445642 0.5
8.0094894 23.309723 0 0 2.979068 0.5
21.371698 4.1366301 0 0 2.813895 0.5
1.2177162 18.148641 7.7485993e-15 3.1529756e-14 4.039246 0.5
17.553404 26.958721 0 0 4.602055 0.5
17.766448 23.44454 0 0 1.676583 0.5
8.3175861 21.015876 0 0 1.207935 0.5
4.8156202 19.263905 0 0 6.164191 0.5
13.010297 1.6740732 0.016382806 0.0043428057 1.491784 0.5
18.566234 3.6591193 0 0 6.269379 0.5
25.711461 20.525868 0 0 0.35856 0.5
19.825618 5.4467125 0 0 0.326238 0.5
25.148513 19.481853 0 0 1.608548 0.5
15.34524 27.368109 0 0 2.616667 0.5
18.410955 2.4989859 0 0 0.410672 0.5
5.2916877 3.7671001 -0.0057830862 0.0012355115 3.210668 0.5
25.899212 17.363573 0 0 0.309541 0.5
19.194291 1.6087529 0 0 1.761874 0.5
22.240093 13.65888 0 0 4.731547 0.5
9.0161155 13.585176 0 0 0.313065 0.5
25.330607 13.493289 0 0 0.087229 0.5
21.584973 24.954621 0 0 5.713071 0.5
19.337121 22.185368 0 0 0.34983 0.5
3.710433 15.091814 0 0 2.015368 0.5
14.76132 26.402924 0 0 0.42176 0.5
27.023321 17.309221 0 0 5.580866 0.5
3.6504625 5.4464029 -0.0023533001 -0.00055712702 4.066321 0.5
25.269838 14.64662 0 0 5.863794 0.5
6.3954099 11.898034 0 0 5.355125 0.5
0.58902824 14.848411 -5.1785077e-14 -1.4744833e-13 5.404824 0.5
17.215719 20.70476 0 0 1.361005 0.5
10.449503 2.207282 0.00098774791 -0.0029817166 5.19755 0.5
16.980524 24.270312 0 0 5.853071 0.5
3.9137153 18.594173 0 0 2.830697 0.5
23.758222 6.5105165 0 0 3.251414 0.5
23.543753 23.447722 0 0 3.305262 0.5
7.0547448 24.169958 0 0 3.841898 0.5
14.025001 24.730001 0 0 4.917041 0.5
13.584398 0.66196463 -0.00010577181 -0.0004336136 1.726803 0.5
23.631454 12.318908 0 0 2.534849 0.5
5.0950791 22.552712 0 0 1.985571 0.5
6.4098557 4.2154607 -1.500499e-05 -0.0035845163 5.636684 0.5
6.0916933 7.4202847 2.183229e-13 3.4103883e-14 0.642493 0.5
18.479964 5.0546656 0 0 5.796573 0.5
22.425972 6.940966 0 0 4.738871 0.5
3.708198 13.968978 0 0 1.568073 0.5
20.679212 25.655904 0 0 2.749741 0.5
6.569235 5.4187797 -3.6649018e-13 2.6723066e-13 1.171823 0.5
9.1112445 25.318692 1.4512039e-13 -2.2620693e-13 2.226958 0.5
8.0661241 24.792898 0 0 1.548545 0.5
10.02672 24.668808 0 0 3.653333 0.5
21.424271 23.794742 0 0 4.394256 0.5
17.042113 0.94084647 0 0 0.605652 0.5
26.68055 9.5524432 0 0 3.106146 0.5
0.56402962 13.726163 -8.8153251e-15 -3.3918852e-13 3.095002 0.5
18.728052 7.5059957 0 0 1.841384 0.5
10.643512 27.007574 0 0 6.034028 0.5
8.0478517 22.170798 0 0 1.857551 0.5
2.0858334 20.217033 -9.3360948e-14 -2.3055184e-13 1.702664 0.5
18.627503 26.612403 0 0 1.16125 0.5
7.1646676 21.463803 0 0 4.720586 0.5
5.3032733 8.3318142 4.7291873e-13 1.3275171e-13 0.205718 0.5
4.7457601 5.7029534 0.0011179789 -0.0022927993 5.820667 0.5
2.8329333 12.385145 -4.8390653e-14 2.6120846e-14 3.894129 0.5
1.8922314 11.762706 -3.5258639e-14 -6.0412387e-14 3.074393 0.5
4.0538906 6.5917315 -0.0012200602 -0.0034315728 0.467747 0.5
15.210133 9.6214054 0 0 5.60533 0.5
16.086328 23.495722 0 0 6.227367 0.5
18.825308 6.1458674 0 0 5.177094 0.5
25.763991 7.5042912 0 0 0.203779 0.5
6.9587594 22.907015 0 0 6.095105 0.5
2.6548837 14.618055 -3.5256604e-14 8.808087e-14 5.150288 0.5
1.0537047 10.402878 -0.0010174269 0.0028921595 3.059892 0.5
4.7853084 23.782087 1.8867649e-13 1.5296951e-13 3.692189 0.5
6.0071437 12.989099 0 0 3.246869 0.5
22.131285 21.682111 0 0 2.032293 0.5
2.351645 7.3045927 0.0091008834 0.0044530324 6.136396 0.5
20.534646 24.528741 0 0 4.563161 0.5
12.496356 2.8904147 0.029075813 0.014604462 5.916686 0.5
2.7126182 18.989015 0 0 1.344992 0.5
6.3318263 20.709093 0 0 3.633442 0.5
26.290076 19.432578 0 0 2.78777 0.5
24.748557 12.533178 0 0 1.483056 0.5
14.166301 27.432948 0 0 0.879468 0.5
25.179255 6.5446362 0 0 4.923104 0.5
16.754458 21.751299 0 0 5.350229 0.5
9.7618433 15.037945 0 0 1.508644 0.5
21.656422 6.0471456 0 0 4.32761 0.5
11.311222 0.88302295 0.0019612101 0.0053150234 1.3724 0.5
20.211017 2.0957741 0 0 2.64206 0.5
22.961516 20.73369 0 0 2.466218 0.5
12.499424 26.397936 0 0 0.69625 0.5
13.628843 26.420838 0 0 0.502972 0.5
2.6463925 21.189734 -1.1546098e-13 -2.6945386e-13 4.066135 0.5
11.585349 2.0487936 0.0073360524 0.011627423 3.026607 0.5
8.9693944 4.10812 0 0 6.171553 0.5
26.033008 16.248079 0 0 3.767955 0.5
22.237302 4.8920783 0 0 5.349705 0.5
3.447395 7.5510342 0.014546183 0.00087902323 3.28374 0.5
26.317179 14.02897 0 0 1.964272 0.5
22.030222 12.181544 0 0 1.170799 0.5
7.9743318 14.123456 0 0 0.802835 0.5
7.1374958 2.4683494 -0.0013758621 0.0002004146 5.063896 0.5
4.8565822 13.397789 0 0 2.243796 0.5
17.285764 2.0396293 0 0 5.270568 0.5
4.0006212 22.978405 1.3634502e-13 5.0933447e-14 5.757172 0.5
26.265501 8.5090272 0 0 5.271397 0.5
25.115634 21.54111 0 0 3.151318 0.5
17.793957 25.810853 0 0 0.221595 0.5
6.8782616 13.86294 0 0 1.510648 0.5
17.611971 4.3267559 0 0 5.29405 0.5
5.4994594 4.8700154 -0.021900941 0.010937066 2.737677 0.5
4.5046765 10.676671 0 0 4.134415 0.5
8.9173112 24.060959 0 0 1.432456 0.5
25.048824 11.339637 0 0 2.840655 0.5
22.537624 24.347349 0 0 2.899005 0.5
5.7429277 6.2795616 0 0 4.137855 0.5
7.3063452 12.714439 0 0 1.992807 0.5
3.2862522 22.1123 1.5298029e-13 1.5321953e-14 0.375558 0.5
15.925408 0.7090926 0.00044515429 0.00028102952 0.629977 0.5
8.4879949 15.136794 0 0 5.301885 0.5
18.025634 22.335618 0 0 1.197725 0.5
0.7056721 15.964803 -3.1022372e-14 7.4237929e-15 2.939026 0.5
4.1067756 16.142754 0 0 3.912909 0.5
22.943234 10.991085 0 0 3.115045 0.5
25.213672 8.9204938 0 0 1.662001 0.5
5.8557045 19.690555 0 0 0.131507 0.5
