# x y vx vy theta radius
6.373638 14.193237 0.64490307 -0.03311893 5.3570664 0.5
7.4100772 24.514718 -0.00010220527 -0.0007826107 1.764168 0.5
13.889548 26.308512 0 0 3.951996 0.5
17.033228 27.089502 0 0 4.259518 0.5
13.68727 27.429537 -0.0004470565 0.00042097239 1.882067 0.5
4.5272191 17.808688 0.030662402 0.068139327 0.92276 0.5
10.138928 23.413979 0 0 4.981497 0.5
26.381139 15.42898 0 0 0.663689 0.5
2.9126299 16.575527 0.035590932 -0.033787911 4.599871 0.5
4.4033185 4.6038064 -1.8849308e-09 1.7907455e-09 3.315122 0.5
23.128116 12.558229 0 0 5.224588 0.5
3.2862145 7.9437225 0.0013610071 -0.00017503015 4.739779 0.5
26.575691 9.2617624 0 0 0.624425 0.5
10.52186 25.809739 0 0 0.734434 0.5
15.274922 14.603662 0 0 4.989084 0.5
1.6454336 12.844826 0.0083369442 -0.019116019 2.508867 0.5
25.596621 7.2362431 0 0 5.939565 0.5
17.270489 25.973153 0 0 0.028815 0.5
2.6007147 14.349719 0.0010739703 -0.0014351567 3.449449 0.5
23.250337 15.093822 0 0 0.592282 0.5
3.8924041 12.27158 0 0 6.045768 0.5
3.6559676 14.893825 -0.010613878 -0.038626364 0.890473 0.5
3.5743649 5.567218 -4.9834505e-09 1.820681e-08 2.353219 0.5
21.78366 16.243226 0 0 1.672869 0.5
13.657769 24.209519 0 0 4.21507 0.5
12.252941 25.153694 0 0 0.4829 0.5
16.683178 22.808804 0 0 6.274711 0.5
13.140059 1.7062815 0 0 1.301021 0.5
23.970487 11.386365 0 0 3.538852 0.5
1.9601439 19.96682 0.0020346068 0.0051173313 1.72413 0.5
9.0673992 1.4993173 2.6835102e-12 -6.1476291e-13 0.779811 0.5
27.270782 16.114387 0 0 1.209651 0.5
10.365344 26.926336 -0.0004608809 0.00016389607 5.377079 0.5
3.5139674 20.432581 0.0058911705 0.010803259 3.122843 0.5
19.48017 16.151479 0 0 4.105439 0.5
1.5950989 15.069303 0.015849217 -0.015304877 2.246795 0.5
15.821034 11.130572 0 0 3.468535 0.5
25.269178 21.321544 0 0 5.532293 0.5
25.845686 17.60774 0 0 0.531572 0.5
23.361343 7.5603927 0 0 5.261584 0.5
26.00682 10.981854 0 0 0.040113 0.5
8.0512659 5.6687436 8.8240558e-09 3.2603223e-09 4.576591 0.5
27.437522 13.838805 0 0 0.209824 0.5
3.3199506 17.635898 -6.5194317e-06 -0.0030480931 1.770879 0.5
25.443314 18.656015 0 0 4.791815 0.5
26.417124 14.307002 0 0 2.522673 0.5
4.6915468 7.11332 0.0024196187 0.00090992688 3.232151 0.5
27.046788 17.218104 0 0 0.943125 0.5
22.24145 24.613193 0 0 1.031271 0.5
8.8082107 3.8738647 5.9622659e-09 -3.2333015e-09 1.523797 0.5
20.682379 16.023752 0 0 1.787492 0.5
9.8641097 2.3004875 3.5356433e-12 -2.8426155e-10 3.056837 0.5
7.265958 25.629851 -0.00047499344 -9.6848298e-05 3.332967 0.5
25.840628 20.354829 0 0 3.889918 0.5
0.86840163 11.172463 -0.0015467418 -0.0030179403 1.775857 0.5
4.0249686 16.752112 0.019596044 0.024500662 4.33857 0.5
20.874404 22.903257 0 0 2.652322 0.5
22.905776 16.210389 0 0 1.360759 0.5
22.851156 11.278819 0 0 1.350476 0.5
20.38627 24.653619 0 0 3.139709 0.5
16.751559 24.977554 0 0 3.877928 0.5
27.40345 14.961266 0 0 4.111005 0.5
4.4440454 8.3194745 0 0 4.354529 0.5
11.818281 23.712906 0 0 1.958136 0.5
3.4710381 13.606807 0.0011390423 0.00038796078 1.935129 0.5
24.482072 7.4489753 0 0 0.983243 0.5
6.318953 25.026262 0.00013378687 -0.00018984304 4.524452 0.5
18.849752 17.122906 0 0 4.628506 0.5
1.529953 9.024579 0.00054555551 -2.1353705e-05 4.619789 0.5
5.4233034 24.345741 -0.00016291956 -0.0004887012 6.246698 0.5
19.720447 5.3580192 0 0 2.597917 0.5
15.627937 25.173177 0 0 5.540445 0.5
7.847866 3.2903843 5.4105828e-09 -1.2398993e-08 1.135786 0.5
26.732951 18.2965 0 0 0.649744 0.5
22.560342 21.427174 0 0 4.647872 0.5
9.4560679 10.57517 2.0099932e-07 3.9750102e-07 3.116928 0.5
25.661394 9.9133983 0 0 1.058365 0.5
22.721913 6.6148277 0 0 1.223223 0.5
25.315091 14.089154 0 0 6.185729 0.5
17.10219 23.850555 0 0 5.03693 0.5
22.129043 15.167143 0 0 0.158334 0.5
1.1331335 17.885696 0.0076248526 0.005675852 0.09489 0.5
24.302635 13.590102 0 0 3.182579 0.5
11.618445 26.083964 0 0 5.999337 0.5
22.954936 22.478779 0 0 0.712677 0.5
24.112107 15.813625 0 0 1.70588 0.5
26.132533 8.2302438 0 0 5.092516 0.5
20.79653 18.260327 0 0 0.506989 0.5
7.3406935 16.411634 0 0 4.452103 0.5
2.5297173 9.5697702 0.00041986104 -0.0011153878 3.429354 0.5
3.1275172 21.887191 0.0013353147 0.00095071159 5.942963 0.5
24.246619 5.3271257 0 0 2.062723 0.5
11.455636 27.195409 -0.00010115535 -0.00053757846 2.598321 0.5
1.8482632 11.729314 0.0017443477 0.0011127745 6.159219 0.5
23.677518 21.613703 0 0 1.488917 0.5
0.57364468 13.401162 -0.012506478 -0.011090164 1.927238 0.5
4.3969076 19.646277 0.0034538475 0.0047633839 3.98558 0.5
23.099789 23.888738 0 0 3.515453 0.5
15.929603 27.298175 0 0 3.362574 0.5
19.86287 14.560212 0 0 2.617045 0.5
24.617623 22.23589 0 0 4.416501 0.5
24.953182 19.667109 0 0 2.357123 0.5
20.357067 25.837612 0 0 0.027213 0.5
23.797048 16.892864 0 0 3.270335 0.5
3.6249021 9.2108041 0 0 5.133302 0.5
12.746713 26.24789 0 0 4.163048 0.5
4.8253559 15.876735 0.047665865 0.030349664 3.93618 0.5
23.226942 13.971525 0 0 5.951127 0.5
26.330073 19.34443 0 0 4.082451 0.5
0.58775758 14.560572 -0.0048409283 0.00041153806 1.780305 0.5
21.564365 20.749661 0 0 2.847882 0.5
26.159675 16.529908 0 0 1.767937 0.5
27.190711 11.430463 0 0 0.00135 0.5
24.619906 9.4947473 0 0 5.312468 0.5
5.2218403 3.8282637 -2.4039659e-09 -2.2192745e-09 0.320289 0.5
20.779386 21.553118 0 0 0.581132 0.5
15.548295 23.004639 0 0 3.087421 0.5
6.9063242 3.9152355 1.1592237e-08 -1.7839947e-08 3.560403 0.5
4.9834718 22.307198 0.00047637372 5.3518353e-05 0.555117 0.5
2.553081 7.0177508 0.0021532928 -2.5565861e-05 6.220608 0.5
19.331556 26.332743 0 0 5.652715 0.5
19.788499 2.0214622 0 0 0.827952 0.5
17.077964 7.2921115 0 0 1.054048 0.5
9.2947646 26.587916 -0.00026989599 -0.00022342988 0.319962 0.5
7.0121474 5.2225096 1.6129896e-08 1.1112208e-08 2.464344 0.5
26.429936 13.184513 0 0 3.780782 0.5
18.874094 24.167613 0 0 0.745414 0.5
6.6822028 23.65999 0.00047998555 -0.00060294873 3.348875 0.5
11.161924 24.831495 0 0 5.365761 0.5
2.5091677 18.42838 0.001245447 0.012180956 0.445642 0.5
12.56603 27.362004 -0.00024807066 -0.00053611317 2.979068 0.5
8.2603909 26.150666 2.7501265e-05 0.0003741554 2.813895 0.5
4.6400629 5.9471782 -2.5734451e-09 2.4576167e-08 4.039246 0.5
17.680808 13.028358 0 0 4.602055 0.5
22.158153 23.272498 0 0 1.676583 0.5
21.000029 14.817132 0 0 1.207935 0.5
14.696481 0.62807946 0 0 6.164191 0.5
23.847815 6.5017554 0 0 1.491784 0.5
14.511655 25.291305 0 0 6.269379 0.5
21.985226 18.303323 0 0 0.35856 0.5
21.763115 22.21739 0 0 0.326238 0.5
15.012666 26.302991 0 0 1.608548 0.5
24.332087 14.712291 0 0 2.616667 0.5
14.310292 1.7127072 0 0 0.410672 0.5
18.273188 18.339404 0 0 3.210668 0.5
25.157252 11.76024 0 0 0.309541 0.5
2.1274502 10.640339 0.0015931505 -0.0050182045 1.761874 0.5
21.465095 2.8624318 0 0 4.731547 0.5
17.929474 23.080125 0 0 0.313065 0.5
17.682874 2.2100707 0 0 0.087229 0.5
18.315434 14.184246 0 0 5.713071 0.5
8.9852137 22.967681 0 0 0.34983 0.5
7.0490511 2.4997433 0 0 2.015368 0.5
15.741666 1.1964375 0 0 0.42176 0.5
19.050186 22.990797 0 0 5.580866 0.5
10.075348 24.537729 0 0 4.066321 0.5
5.6491975 23.210959 -0.0004228184 0.0008672755 5.863794 0.5
9.0264485 24.094859 0 0 5.355125 0.5
13.379789 25.303911 0 0 5.404824 0.5
18.390191 25.690672 0 0 1.361005 0.5
10.034231 4.5561273 1.5138647e-10 2.1591269e-10 5.19755 0.5
15.772037 13.179603 0 0 5.853071 0.5
8.8341597 2.7508266 3.8605436e-09 -4.8208205e-11 2.830697 0.5
3.8208804 22.771827 -4.8621162e-05 -0.00037083455 3.251414 0.5
2.1288943 17.373843 0.025914786 0.0084944677 3.305262 0.5
4.1884909 21.510706 0.00023888851 -1.6710403e-05 3.841898 0.5
8.4114944 25.034445 -0.00017687926 5.4385971e-05 4.917041 0.5
10.964646 1.9202702 1.6280492e-11 1.7940512e-11 1.726803 0.5
21.354973 19.235381 0 0 2.534849 0.5
16.347429 12.12977 0 0 1.985571 0.5
6.6626187 6.3864916 -9.4770745e-09 8.7737772e-09 5.636684 0.5
19.014992 19.188032 0 0 0.642493 0.5
22.060391 12.998408 0 0 5.796573 0.5
19.732057 3.146216 0 0 4.738871 0.5
21.327447 25.265375 0 0 1.568073 0.5
23.455029 9.6301151 0 0 2.749741 0.5
1.5067764 18.941513 0.0057931778 0.017385403 1.171823 0.5
10.139887 1.1515536 3.0459049e-12 2.2276216e-11 2.226958 0.5
7.8818478 4.5096428 4.860515e-09 3.2739793e-09 1.548545 0.5
2.7580271 12.662215 -0.00061530298 -0.011033876 3.653333 0.5
1.1495531 10.084108 -9.2464141e-05 -0.00012116951 4.394256 0.5
4.925407 14.646161 0.024398368 -0.023962333 0.605652 0.5
26.924917 10.33538 0 0 3.106146 0.5
23.886272 8.5894197 0 0 3.095002 0.5
25.027354 8.444371 0 0 1.841384 0.5
10.908912 3.0547351 6.1230702e-11 4.7814876e-11 6.034028 0.5
4.9521015 20.671403 0.0047055189 0.00076145007 1.857551 0.5
0.85375547 16.797718 0.051963113 0.027842847 1.702664 0.5
16.142228 26.195227 0 0 1.16125 0.5
21.362875 17.28754 0 0 4.720586 0.5
2.1680284 8.0868654 -0.00013217837 -0.00015041395 0.205718 0.5
3.8176138 18.686055 0.0062971341 0.0095836564 5.820667 0.5
22.903005 18.952978 0 0 3.894129 0.5
9.8464431 3.4284026 -1.0175989e-10 -3.1703209e-11 3.074393 0.5
24.951406 6.2736495 0 0 0.467747 0.5
17.8721 24.681962 0 0 5.60533 0.5
2.5000536 20.952034 0.00072229984 0.00018941085 6.227367 0.5
6.1045689 3.1287576 9.7819e-12 6.6845219e-12 5.177094 0.5
6.0401537 15.554597 0.019239142 0.25324394 0.203779 0.5
21.972853 4.7396286 0 0 6.095105 0.5
2.6703866 15.483406 0.020531982 -0.030372508 5.150288 0.5
14.841401 24.207274 0 0 3.059892 0.5
11.09674 4.1629635 8.9789404e-10 -2.6238375e-10 3.692189 0.5
14.810927 27.407534 0.005623943 -0.00010924749 3.246869 0.5
5.7549979 5.7173508 1.5380462e-08 4.575158e-09 2.032293 0.5
0.66961682 15.694421 0.021707874 0.047369634 6.136396 0.5
8.0342742 1.9597182 -1.1010963e-09 1.7095847e-09 4.563161 0.5
20.145507 19.175437 0 0 5.916686 0.5
15.980261 24.099159 0 0 1.344992 0.5
26.270555 12.073333 0 0 3.633442 0.5
23.893433 23.094662 0 0 2.78777 0.5
11.320885 0.85057915 3.1827927e-11 7.1403058e-12 1.483056 0.5
13.573105 0.60563008 0 0 0.879468 0.5
23.393783 17.942062 0 0 4.923104 0.5
23.244539 20.536784 0 0 5.350229 0.5
18.128115 26.785991 0 0 1.508644 0.5
22.293914 19.89634 0 0 4.32761 0.5
1.5453425 13.955398 0.0046484476 -0.07688501 1.3724 0.5
3.3790365 10.392824 0 0 2.64206 0.5
24.277805 12.467091 0 0 2.466218 0.5
22.489645 17.276412 0 0 0.69625 0.5
2.9779574 19.449138 0.0056213506 0.01310254 0.502972 0.5
21.287662 23.981732 0 0 4.066135 0.5
23.833373 19.581023 0 0 3.026607 0.5
24.360579 20.659915 0 0 6.171553 0.5
19.993701 23.599585 0 0 3.767955 0.5
6.034614 4.624583 -3.0535366e-10 3.268385e-09 5.349705 0.5
12.440652 0.70468199 3.2824673e-11 -3.7163056e-12 3.28374 0.5
9.4445705 25.474316 0.001592697 0.00067822715 1.964272 0.5
23.096665 5.5420961 0 0 1.170799 0.5
3.6351516 6.7092003 0.00041247126 -0.0016947206 0.802835 0.5
1.8279775 16.243876 0.015293164 0.0042842776 5.063896 0.5
22.758509 8.6312518 0 0 2.243796 0.5
20.245883 17.0942 0 0 5.270568 0.5
24.323462 18.571056 0 0 5.757172 0.5
7.8997136 23.457778 0 0 5.271397 0.5
25.339033 12.910737 0 0 3.151318 0.5
19.397078 25.194036 0 0 0.221595 0.5
12.990819 5.5491453 0 0 1.510648 0.5
0.67529837 12.278719 0.00083249621 -0.0036624942 5.29405 0.5
4.590073 23.592657 0.00012429532 -0.00023457196 2.737677 0.5
25.039839 16.445477 0 0 4.134415 0.5
2.9583479 11.470459 0 0 1.432456 0.5
7.7397428 6.7670037 -4.8389856e-09 6.0987286e-09 2.840655 0.5
6.9064841 13.013946 0 0 2.899005 0.5
27.352894 12.544982 0 0 4.137855 0.5
18.431909 1.3401452 0 0 1.992807 0.5
22.349214 3.6392074 0 0 0.375558 0.5
24.779566 10.608137 0 0 0.629977 0.5
12.653093 10.00169 0 0 5.301885 0.5
8.9567011 4.9877472 1.3140967e-08 2.2195839e-09 1.197725 0.5
23.342055 4.3895871 0 0 2.939026 0.5
24.726243 17.523268 0 0 3.912909 0.5
4.6263342 13.54123 -0.00063614306 0.0039764028 3.115045 0.5
25.260408 15.343733 0 0 1.662001 0.5
19.898104 22.253238 0 0 0.131507 0.5
