# x y vx vy theta radius
12.421265 16.923329 -0.74547728 -0.065476595 3.8556173 0.5
6.7453003 24.058829 0 0 1.764168 0.5
14.473561 26.441904 0 0 3.951996 0.5
17.927052 26.850355 0 0 4.259518 0.5
13.936701 27.436819 0 0 1.882067 0.5
4.3526608 21.730293 0 0 0.92276 0.5
15.152253 23.235614 0 0 4.981497 0.5
26.364416 13.425845 0 0 0.663689 0.5
2.1221874 17.863634 0 0 4.599871 0.5
6.2161089 3.2249426 0 0 3.315122 0.5
24.234346 11.187829 0 0 5.224588 0.5
4.2407418 14.06571 0 0 4.739779 0.5
25.513879 7.0787604 0 0 0.624425 0.5
9.8137223 25.581042 0 0 0.734434 0.5
22.151289 24.673253 0 0 4.989084 0.5
4.7743189 17.870969 0 0 2.508867 0.5
23.219991 4.225734 0 0 5.939565 0.5
18.135476 25.683953 0 0 0.028815 0.5
0.67741315 12.242331 0 0 3.449449 0.5
26.328185 19.291382 0 0 0.592282 0.5
7.3342569 4.9009301 0 0 6.045768 0.5
6.3417082 8.8586382 0 0 0.890473 0.5
4.5759327 6.1725954 0 0 2.353219 0.5
18.130878 4.7124645 0 0 1.672869 0.5
10.355211 22.367952 0 0 4.21507 0.5
12.908806 25.349077 0 0 0.4829 0.5
13.02235 24.225255 0 0 6.274711 0.5
20.026844 15.965219 0 0 1.301021 0.5
11.856046 15.813573 -0.017982121 0.0066959207 3.538852 0.5
2.619411 18.874077 0 0 1.72413 0.5
12.256785 0.76814601 0 0 0.779811 0.5
27.398342 14.91083 0 0 1.209651 0.5
10.595724 27.000048 0 0 5.377079 0.5
6.7685558 22.757478 0 0 3.122843 0.5
12.052202 20.467645 0 0 4.105439 0.5
0.87091433 11.135709 0 0 2.246795 0.5
19.266993 21.323414 0 0 3.468535 0.5
21.24753 15.202525 0 0 5.532293 0.5
24.444217 14.785481 0 0 0.531572 0.5
20.969857 6.6312923 0 0 5.261584 0.5
23.765091 6.1259783 0 0 0.040113 0.5
16.645232 3.0021243 0 0 4.576591 0.5
27.208179 11.5307 0 0 0.209824 0.5
4.4861087 20.104913 0 0 1.770879 0.5
25.63373 16.731668 0 0 4.791815 0.5
22.435759 14.901425 0 0 2.522673 0.5
2.9620935 6.3345244 0 0 3.232151 0.5
27.28057 16.032061 0 0 0.943125 0.5
23.87596 23.11166 0 0 1.031271 0.5
18.034131 14.057937 0 0 1.523797 0.5
12.795107 19.601128 0 0 1.787492 0.5
15.766484 0.69359223 0 0 3.056837 0.5
7.477807 25.74696 0 0 3.332967 0.5
25.266074 18.926734 0 0 3.889918 0.5
1.3879038 9.3609553 0 0 1.775857 0.5
8.6804521 21.570959 0 0 4.33857 0.5
19.577291 23.74713 0 0 2.652322 0.5
12.424637 21.986002 0 0 1.360759 0.5
13.521004 22.768159 0 0 1.350476 0.5
22.001804 23.441978 0 0 3.139709 0.5
15.855624 24.182773 0 0 3.877928 0.5
27.367173 12.643423 0 0 4.111005 0.5
14.7059 14.887784 2.4342455e-06 4.6983976e-06 4.354529 0.5
8.7559515 22.891642 0 0 1.958136 0.5
6.0879421 18.946924 0 0 1.935129 0.5
21.331335 3.9327247 0 0 0.983243 0.5
6.5190556 25.161834 0 0 4.524452 0.5
3.6810013 11.537292 -1.1142038e-13 -1.0793321e-14 4.628506 0.5
3.8103331 7.0830659 0 0 4.619789 0.5
5.6116028 24.494126 0 0 6.246698 0.5
18.382491 2.2627298 0 0 2.597917 0.5
15.254934 25.635553 0 0 5.540445 0.5
8.3943445 4.174512 0 0 1.135786 0.5
26.743682 17.018676 0 0 0.649744 0.5
21.246824 21.134833 0 0 4.647872 0.5
4.038023 17.009456 0 0 3.116928 0.5
24.319637 7.1062163 0 0 1.058365 0.5
19.804556 4.2991451 0 0 1.223223 0.5
24.188279 12.31567 0 0 6.185729 0.5
17.947184 23.43777 0 0 5.03693 0.5
22.280198 13.6487 0 0 0.158334 0.5
1.4559913 18.794863 0 0 0.09489 0.5
25.312695 14.046984 0 0 3.182579 0.5
10.887279 25.915449 0 0 5.999337 0.5
23.569979 21.83311 0 0 0.712677 0.5
25.353747 12.92377 0 0 1.70588 0.5
24.890323 6.1366485 0 0 5.092516 0.5
10.332376 16.319956 0 0 0.506989 0.5
5.2936611 21.054436 0 0 4.452103 0.5
2.8829027 10.440146 0 0 3.429354 0.5
3.1255498 21.86778 0 0 5.942963 0.5
20.393898 3.3128629 0 0 2.062723 0.5
11.693865 27.238096 0 0 2.598321 0.5
12.226634 9.3824879 0 0 6.159219 0.5
23.197506 17.1387 0 0 1.488917 0.5
2.9273334 15.856726 0 0 1.927238 0.5
10.897088 20.343341 0 0 3.98558 0.5
24.637126 22.19747 0 0 3.515453 0.5
16.840085 27.134008 0 0 3.362574 0.5
22.099723 6.7430597 0 0 2.617045 0.5
24.228106 20.923803 0 0 4.416501 0.5
25.656261 17.870319 0 0 2.357123 0.5
19.19645 25.311178 0 0 0.027213 0.5
25.076398 15.717899 0 0 3.270335 0.5
4.9037018 7.4505955 0 0 5.133302 0.5
12.238292 26.251723 0 0 4.163048 0.5
3.4118388 18.013712 0 0 3.93618 0.5
15.975849 13.089868 0 0 5.951127 0.5
26.74991 18.154118 0 0 4.082451 0.5
1.7544007 10.436879 0 0 1.780305 0.5
22.419283 20.569095 0 0 2.847882 0.5
27.435595 13.765939 0 0 1.767937 0.5
26.547591 9.1910647 0 0 0.00135 0.5
22.751624 5.6400886 0 0 5.312468 0.5
12.071193 4.0339014 0 0 0.320289 0.5
22.81631 22.667951 0 0 0.581132 0.5
12.448296 23.128779 0 0 3.087421 0.5
5.4087015 5.1814795 0 0 3.560403 0.5
4.9958719 22.651616 0 0 0.555117 0.5
5.6750264 6.4852873 0 0 6.220608 0.5
20.213246 25.897543 0 0 5.652715 0.5
16.894753 0.91247628 0 0 0.827952 0.5
17.264219 2.0531169 0 0 1.054048 0.5
9.5237202 26.665973 0 0 0.319962 0.5
6.253394 4.4012681 0 0 2.464344 0.5
26.140512 11.182857 0 0 3.780782 0.5
13.185633 21.104162 0 0 0.745414 0.5
7.6843488 23.443337 0 0 3.348875 0.5
11.777131 25.22823 0 0 5.365761 0.5
3.635688 20.866582 0 0 0.445642 0.5
12.808605 27.385639 0 0 2.979068 0.5
8.4804158 26.251872 0 0 2.813895 0.5
7.1597643 2.4429999 0 0 4.039246 0.5
15.833111 3.8026985 0 0 4.602055 0.5
22.8174 19.07602 0 0 1.676583 0.5
21.457615 9.1178105 0 0 1.207935 0.5
14.577937 0.58700577 0 0 6.164191 0.5
23.595068 8.1373149 0 0 1.491784 0.5
14.03167 25.409542 0 0 6.269379 0.5
23.570558 15.518802 0 0 0.35856 0.5
21.423781 22.453902 0 0 0.326238 0.5
15.860848 26.584545 0 0 1.608548 0.5
26.298842 12.295033 0 0 2.616667 0.5
16.156198 1.7650011 0 0 0.410672 0.5
20.222931 20.427049 0 0 3.210668 0.5
25.197022 11.79178 0 0 0.309541 0.5
3.4086804 8.1749335 0 0 1.761874 0.5
20.395112 2.1860172 0 0 4.731547 0.5
18.610035 24.344401 0 0 0.313065 0.5
18.031215 1.1954089 0 0 0.087229 0.5
7.8041229 22.27619 0 0 5.713071 0.5
9.6799696 24.464442 0 0 0.34983 0.5
8.2885717 3.0305065 0 0 2.015368 0.5
19.358414 1.685988 0 0 0.42176 0.5
3.821212 15.134331 0 0 5.580866 0.5
10.771955 24.726066 0 0 4.066321 0.5
5.839504 23.392622 0 0 5.863794 0.5
8.6511516 24.015112 0 0 5.355125 0.5
13.351747 26.395869 0 0 5.404824 0.5
20.16868 24.735674 0 0 1.361005 0.5
15.183084 5.4151065 0 0 5.19755 0.5
23.193025 12.979646 0 0 5.853071 0.5
15.55505 2.7133565 0 0 2.830697 0.5
3.8422413 22.749672 0 0 3.251414 0.5
1.9127756 19.829326 0 0 3.305262 0.5
7.549421 20.561605 0 0 3.841898 0.5
7.7053211 24.647778 0 0 4.917041 0.5
17.274147 5.5494813 0 0 1.726803 0.5
11.892823 24.107461 0 0 2.534849 0.5
23.385567 14.16151 0 0 1.985571 0.5
19.962408 8.1826422 0 0 5.636684 0.5
10.892312 23.562917 0 0 0.642493 0.5
24.295215 9.0268879 0 0 5.796573 0.5
21.235258 7.7386362 0 0 4.738871 0.5
21.209496 25.325656 0 0 1.568073 0.5
22.402127 7.9663554 0 0 2.749741 0.5
3.7991894 19.091005 0 0 1.171823 0.5
13.431772 0.61374113 0 0 2.226958 0.5
8.2177288 1.8831241 0 0 1.548545 0.5
2.3589291 7.2893951 0 0 3.653333 0.5
1.8332206 8.3007207 0 0 4.394256 0.5
2.8889172 17.002952 0 0 0.605652 0.5
26.055198 8.0734189 0 0 3.106146 0.5
22.186675 4.6662264 0 0 3.095002 0.5
24.004607 5.0292817 0 0 1.841384 0.5
15.040551 1.6296687 0 0 6.034028 0.5
9.7851407 23.340836 0 0 1.857551 0.5
0.78298276 16.383881 0 0 1.702664 0.5
17.065048 26.034273 0 0 1.16125 0.5
18.896458 22.830486 0 0 4.720586 0.5
6.6742539 5.94047 0 0 0.205718 0.5
5.9158364 22.002099 0 0 5.820667 0.5
17.366368 24.863856 0 0 3.894129 0.5
10.638718 4.1190488 0 0 3.074393 0.5
22.368706 3.4908502 0 0 0.467747 0.5
16.296593 25.215208 0 0 5.60533 0.5
2.5068188 20.917218 0 0 6.227367 0.5
7.304817 3.6371091 0 0 5.177094 0.5
4.4079582 4.6033033 0 0 0.203779 0.5
20.773346 4.9068541 0 0 6.095105 0.5
1.9137064 16.405182 0 0 5.150288 0.5
14.082068 23.745081 0 0 3.059892 0.5
14.655667 20.996798 0 0 3.692189 0.5
15.070955 27.393406 0 0 3.246869 0.5
6.3669136 7.466285 0 0 2.032293 0.5
0.72239854 15.262107 0 0 6.136396 0.5
9.2510204 1.4388803 0 0 4.563161 0.5
18.775606 15.973184 0 0 5.916686 0.5
14.810957 24.60148 0 0 1.344992 0.5
25.432222 9.0533292 0 0 3.633442 0.5
25.291413 21.284891 0 0 2.78777 0.5
16.664515 6.5708948 0 0 1.483056 0.5
17.793653 3.2459394 0 0 0.879468 0.5
22.486221 16.026813 0 0 4.923104 0.5
22.24788 21.678436 0 0 5.350229 0.5
18.970284 26.435687 0 0 1.508644 0.5
20.550952 23.171175 0 0 4.32761 0.5
5.1600914 9.0601844 0 0 1.3724 0.5
3.0317641 19.919928 0 0 2.64206 0.5
24.603936 10.115222 0 0 2.466218 0.5
23.446862 20.111056 0 0 0.69625 0.5
9.7900845 21.39762 0 0 0.502972 0.5
23.020876 23.960321 0 0 4.066135 0.5
24.017113 19.143118 0 0 3.026607 0.5
24.798646 19.950032 0 0 6.171553 0.5
6.9565191 21.531664 0 0 3.767955 0.5
5.2669103 3.8539752 0 0 5.349705 0.5
17.101117 4.1307682 0 0 3.28374 0.5
8.7278009 25.15658 0 0 1.964272 0.5
19.940379 6.0064704 0 0 1.170799 0.5
3.6794754 5.4630056 0 0 0.802835 0.5
1.0300145 17.511 0 0 5.063896 0.5
21.623696 5.6481029 0 0 2.243796 0.5
17.201725 14.912984 0 0 5.270568 0.5
25.860459 20.315565 0 0 5.757172 0.5
11.208591 21.48615 0 0 5.271397 0.5
25.727177 10.138181 0 0 3.151318 0.5
21.127218 24.146258 0 0 0.221595 0.5
18.796552 3.8014113 0 0 1.510648 0.5
2.0313662 11.544542 0 0 5.29405 0.5
4.765549 23.751529 0 0 2.737677 0.5
26.334641 14.552118 0 0 4.134415 0.5
4.6836937 15.898097 0 0 1.432456 0.5
4.9679433 19.050478 0 0 2.840655 0.5
11.457114 22.589293 0 0 2.899005 0.5
26.882408 10.270743 0 0 4.137855 0.5
23.171588 7.096113 0 0 1.992807 0.5
19.374412 2.8365788 0 0 0.375558 0.5
24.929241 8.0494952 0 0 0.629977 0.5
13.002509 1.8377473 0 0 5.301885 0.5
16.24989 4.8828342 0 0 1.197725 0.5
21.405146 2.7874378 0 0 2.939026 0.5
26.200437 15.690394 0 0 3.912909 0.5
1.8934338 15.223985 0 0 3.115045 0.5
24.350537 13.450656 0 0 1.662001 0.5
16.844121 23.649662 0 0 0.131507 0.5
