# x y vx vy theta radius
16.582964 7.4427265 0.082028939 0.49527815 0.84333754 0.5
7.347935 24.077786 0 0 1.764168 0.5
7.8433234 11.855597 0 0 3.951996 0.5
8.0891181 23.233996 0 0 4.259518 0.5
17.342219 26.041721 0 0 1.882067 0.5
9.060905 25.393517 0 0 0.92276 0.5
20.205499 5.4413014 0 0 4.981497 0.5
14.811937 11.575563 0 0 0.663689 0.5
19.894307 11.471579 0 0 4.599871 0.5
26.207871 15.424414 0 0 3.315122 0.5
12.57613 1.6302059 0 0 5.224588 0.5
15.738955 3.7950676 0 0 4.739779 0.5
24.495429 5.6086188 0 0 0.624425 0.5
6.2935953 23.692047 0 0 0.734434 0.5
4.6558629 22.157131 0 0 4.989084 0.5
2.8092063 21.432298 0 0 2.508867 0.5
13.278041 23.192933 0 0 5.939565 0.5
26.11305 11.769714 0 0 0.028815 0.5
1.5714697 8.8885369 0 0 3.449449 0.5
15.513931 22.926222 0 0 0.592282 0.5
14.177326 25.258473 0 0 6.045768 0.5
6.6927741 19.784635 0 0 0.890473 0.5
1.7250212 16.169072 0 0 2.353219 0.5
19.225966 23.053782 0 0 1.672869 0.5
4.2554267 23.227595 0 0 4.21507 0.5
22.71343 8.1356269 0 0 0.4829 0.5
9.3255081 23.220199 0 0 6.274711 0.5
25.670519 20.648962 0 0 1.301021 0.5
15.762629 15.721496 0 0 3.538852 0.5
0.62418673 14.308816 0 0 1.72413 0.5
25.876134 10.664656 0 0 0.779811 0.5
26.657663 9.5276307 0 0 1.209651 0.5
27.240003 11.699518 0 0 5.377079 0.5
2.404207 18.309224 0 0 3.122843 0.5
20.200977 3.2342701 0 0 4.105439 0.5
3.3215248 20.355568 0 0 2.246795 0.5
23.75484 4.7613723 0 0 3.468535 0.5
2.3702928 10.23965 0 0 5.532293 0.5
22.953515 18.588715 0 0 0.531572 0.5
21.090362 6.5255478 0 0 5.261584 0.5
11.82534 0.73894864 0 0 0.040113 0.5
24.327838 9.4031456 0 0 4.576591 0.5
18.689475 8.7647026 2.5180318e-06 8.2097628e-08 0.209824 0.5
13.791265 2.7354197 0 0 1.770879 0.5
24.438752 20.691144 0 0 4.791815 0.5
26.981038 17.442757 0 0 2.522673 0.5
3.1374403 8.1290624 0 0 3.232151 0.5
21.731727 7.5203424 0 0 0.943125 0.5
19.460307 25.227995 0 0 1.031271 0.5
11.17147 20.931645 0 0 1.523797 0.5
25.738373 7.4778791 0 0 1.787492 0.5
11.480293 1.878078 0 0 3.056837 0.5
22.00978 22.135864 0 0 3.332967 0.5
18.1171 22.661402 0 0 3.889918 0.5
4.2634205 19.737464 0 0 1.775857 0.5
20.248691 23.569493 0 0 4.33857 0.5
19.258035 3.847738 0 0 2.652322 0.5
26.121739 16.552927 0 0 1.360759 0.5
13.29164 3.7677025 0 0 1.350476 0.5
12.368171 26.231763 0 0 3.139709 0.5
21.539124 4.2483586 0 0 3.877928 0.5
11.539718 3.0276733 0 0 4.111005 0.5
4.8604378 7.3459406 0 0 4.354529 0.5
3.7173467 7.1635336 0 0 1.958136 0.5
7.359314 3.5860857 0 0 1.935129 0.5
22.46459 24.419103 0 0 0.983243 0.5
7.8267631 19.904922 0 0 4.524452 0.5
10.05905 21.342966 0 0 4.628506 0.5
12.381541 15.059769 0 0 4.619789 0.5
5.4590251 22.941294 0 0 6.246698 0.5
1.2821576 18.342248 0 0 2.597917 0.5
20.726913 18.068627 0 0 5.540445 0.5
9.50853 1.3407755 0 0 1.135786 0.5
27.365701 13.944027 0 0 0.649744 0.5
3.2340694 5.9613509 0 0 4.647872 0.5
25.015091 19.725524 0 0 3.116928 0.5
22.069035 3.2559596 0 0 1.058365 0.5
23.62481 12.388912 0 0 1.223223 0.5
24.399413 11.556667 0 0 6.185729 0.5
21.876504 20.705298 0 0 5.03693 0.5
5.5708757 5.0219007 0 0 0.158334 0.5
10.283457 26.912943 0 0 0.09489 0.5
10.404701 23.570747 0 0 3.182579 0.5
10.324847 22.449134 0 0 5.999337 0.5
26.646633 18.528407 0 0 0.712677 0.5
22.407139 4.9642025 0 0 1.70588 0.5
24.767933 10.438137 0 0 5.092516 0.5
10.108216 25.803882 0 0 0.506989 0.5
3.6975701 18.660947 0 0 4.452103 0.5
13.034039 9.9350922 0 0 3.429354 0.5
14.64007 26.285707 0 0 5.942963 0.5
17.08287 1.9717061 0 0 2.062723 0.5
5.5965768 17.930807 0 0 2.598321 0.5
1.6651127 13.349006 0 0 6.159219 0.5
27.375527 15.091401 0 0 1.488917 0.5
23.566121 17.62764 0 0 1.927238 0.5
5.4546631 6.1655202 0 0 3.98558 0.5
26.195014 19.643008 0 0 3.515453 0.5
15.542541 24.05149 0 0 3.362574 0.5
13.603881 27.426799 0 0 2.617045 0.5
23.337133 23.610778 0 0 4.416501 0.5
17.984149 23.804145 0 0 2.357123 0.5
17.53153 24.931217 0 0 0.027213 0.5
17.512005 3.1915969 0 0 3.270335 0.5
11.783671 4.1738487 0 0 5.133302 0.5
24.878016 17.025641 0 0 4.163048 0.5
23.840267 19.329338 0 0 3.93618 0.5
25.107253 8.5314997 0 0 5.951127 0.5
12.214072 16.35842 0 0 4.082451 0.5
2.0748409 17.236149 0 0 1.780305 0.5
19.087099 15.238275 0 0 2.847882 0.5
25.157067 6.5161897 0 0 1.767937 0.5
4.3607016 17.705994 0 0 0.00135 0.5
8.3187941 2.9969008 0 0 5.312468 0.5
20.997816 21.647166 0 0 0.320289 0.5
7.9719104 25.010975 0 0 0.581132 0.5
15.846328 27.307138 0 0 3.087421 0.5
0.68011089 15.75792 0 0 3.560403 0.5
22.453482 19.691355 0 0 0.555117 0.5
6.4973552 2.8613998 0 0 6.220608 0.5
22.949686 3.9765363 0 0 5.652715 0.5
25.059021 12.467412 0 0 0.827952 0.5
26.206879 12.919641 0 0 1.054048 0.5
12.997598 17.198705 0 0 0.319962 0.5
18.402809 25.642024 0 0 2.464344 0.5
21.460379 25.174933 0 0 3.780782 0.5
24.174837 22.777954 0 0 0.745414 0.5
4.816799 18.755151 0 0 3.348875 0.5
15.297013 25.159964 0 0 5.365761 0.5
19.968546 7.5411887 2.2916964e-14 -6.7603222e-14 0.445642 0.5
6.913324 25.398233 0 0 2.979068 0.5
14.72645 27.408747 0 0 2.813895 0.5
4.7236806 4.2815696 0 0 4.039246 0.5
21.330339 19.616135 0 0 4.602055 0.5
10.830166 24.93961 0 0 1.676583 0.5
16.762476 0.87599209 0 0 1.207935 0.5
8.6004589 4.0887427 0 0 6.164191 0.5
22.254252 23.309645 0 0 1.491784 0.5
17.082967 23.133247 0 0 6.269379 0.5
18.217215 26.755174 0 0 0.35856 0.5
16.474216 25.313972 0 0 0.326238 0.5
0.71371367 12.664528 0 0 1.608548 0.5
26.223085 14.291663 0 0 2.616667 0.5
5.5872884 3.5226945 0 0 0.410672 0.5
22.154578 6.1394717 0 0 3.210668 0.5
20.713072 20.557099 0 0 0.309541 0.5
5.0709577 24.034177 0 0 1.761874 0.5
16.415505 2.8743922 0 0 4.731547 0.5
11.445179 23.998767 0 0 0.313065 0.5
14.832869 1.5727088 0 0 0.087229 0.5
10.723575 0.98099049 0 0 5.713071 0.5
20.454173 24.67563 0 0 0.34983 0.5
14.587643 3.532518 0 0 2.015368 0.5
18.779432 7.6235285 0.45749268 0.13823388 0.42176 0.5
21.393025 24.047843 0 0 5.580866 0.5
23.218785 5.7535391 0 0 4.066321 0.5
10.37054 2.0618426 0 0 5.863794 0.5
2.6034672 6.8915098 0 0 5.355125 0.5
11.374412 27.178465 0 0 5.404824 0.5
11.229162 26.054159 0 0 1.361005 0.5
5.4077376 8.7380028 0 0 5.19755 0.5
8.183056 26.11445 0 0 5.853071 0.5
4.3289865 6.2215071 0 0 2.830697 0.5
3.4884548 22.368088 0 0 3.251414 0.5
2.8146259 19.354078 0 0 3.305262 0.5
13.695503 1.5445973 0 0 3.841898 0.5
15.981835 1.6917141 0 0 4.917041 0.5
21.18419 22.935819 0 0 1.726803 0.5
17.740013 7.296638 0.088882145 -0.14949114 2.534849 0.5
3.7686899 10.061623 0 0 1.985571 0.5
19.073698 1.5685649 0 0 5.636684 0.5
19.28883 26.35033 0 0 0.642493 0.5
21.35016 5.3565107 0 0 5.796573 0.5
27.385086 12.814648 0 0 4.738871 0.5
10.787938 19.660078 0 0 1.568073 0.5
26.235701 8.4844953 0 0 2.749741 0.5
0.9518814 17.212622 0 0 1.171823 0.5
16.976462 6.1455567 0.041961204 -0.031161002 2.226958 0.5
10.630686 5.5214416 0 0 1.548545 0.5
7.248265 13.353414 0 0 3.653333 0.5
1.2247176 10.04004 0 0 4.394256 0.5
7.4544546 2.2709861 0 0 0.605652 0.5
23.954755 6.609613 0 0 3.106146 0.5
15.299358 2.6347149 0 0 3.095002 0.5
8.5784009 6.3783273 0 0 1.841384 0.5
8.4618566 1.7714237 0 0 6.034028 0.5
7.0503097 22.7966 0 0 1.857551 0.5
5.7577663 21.608701 0 0 1.702664 0.5
5.9677669 24.76621 0 0 1.16125 0.5
6.9375192 10.926541 0 0 4.720586 0.5
3.2467088 17.561376 0 0 0.205718 0.5
10.262894 18.321489 0 0 5.820667 0.5
1.6425603 15.042476 0 0 3.894129 0.5
6.4196209 4.2812029 0 0 3.074393 0.5
21.143832 2.6178154 0 0 0.467747 0.5
13.051717 25.266799 0 0 5.60533 0.5
4.063899 8.7666435 0 0 6.227367 0.5
14.281428 0.56433366 0 0 5.177094 0.5
9.2167001 26.557387 0 0 0.203779 0.5
9.3372577 2.523518 0 0 6.095105 0.5
8.7160737 24.168635 0 0 5.150288 0.5
25.042633 21.648087 0 0 3.059892 0.5
6.8816931 21.68359 0 0 3.692189 0.5
17.881167 15.211601 0 0 3.246869 0.5
23.897924 21.682796 0 0 2.032293 0.5
14.417423 7.3807909 -4.8270316e-09 -8.7178544e-09 6.136396 0.5
10.408874 3.1925554 0 0 4.563161 0.5
11.802704 18.941002 0 0 5.916686 0.5
20.419171 4.3354846 0 0 1.344992 0.5
9.7886597 24.515077 0 0 3.633442 0.5
20.177224 22.439271 0 0 2.78777 0.5
5.1475519 16.874433 0 0 1.483056 0.5
20.109723 2.0324388 0 0 0.879468 0.5
3.9348209 21.296225 0 0 4.923104 0.5
14.536147 23.523394 0 0 5.350229 0.5
25.538891 18.725336 0 0 1.508644 0.5
12.644136 2.7759312 0 0 4.32761 0.5
5.0305889 9.9125609 0 0 1.3724 0.5
4.9630149 20.662743 0 0 2.64206 0.5
24.615882 7.5196231 0 0 2.466218 0.5
13.678402 24.252986 0 0 0.69625 0.5
23.366858 20.355374 0 0 0.502972 0.5
12.483464 27.352923 0 0 4.066135 0.5
20.430922 25.798686 0 0 3.026607 0.5
17.967429 1.1623242 0 0 6.171553 0.5
12.550649 24.198586 0 0 3.767955 0.5
1.6922456 19.395437 0 0 5.349705 0.5
9.7465998 4.1330851 0 0 3.28374 0.5
27.229648 16.341549 0 0 1.964272 0.5
7.8013148 16.287103 0 0 1.170799 0.5
2.0450825 7.8652413 0 0 0.802835 0.5
15.759457 26.185729 0 0 5.063896 0.5
3.9446622 5.0919966 0 0 2.243796 0.5
18.17424 2.2660094 0 0 5.270568 0.5
22.818785 21.356362 0 0 5.757172 0.5
15.499215 0.65452941 0 0 5.271397 0.5
22.873156 7.0125843 0 0 3.151318 0.5
24.557376 18.160712 0 0 0.221595 0.5
25.825304 17.637615 0 0 1.510648 0.5
2.2017006 20.434169 0 0 5.29405 0.5
2.6676322 9.1563422 0 0 2.737677 0.5
16.951488 27.104261 0 0 4.134415 0.5
19.214508 21.861173 0 0 1.432456 0.5
13.489401 26.303844 0 0 2.840655 0.5
16.659646 24.19678 0 0 2.899005 0.5
23.073481 22.515182 0 0 4.137855 0.5
21.815444 18.488347 0 0 1.992807 0.5
23.838557 8.3562932 0 0 0.375558 0.5
17.370105 4.3178661 0 0 0.629977 0.5
19.062626 24.174877 0 0 5.301885 0.5
25.535017 9.5817003 0 0 1.197725 0.5
19.202131 2.7183536 0 0 2.939026 0.5
13.038759 0.60236535 0 0 3.912909 0.5
27.000247 10.599895 0 0 3.115045 0.5
18.447608 4.6362106 0 0 1.662001 0.5
11.933094 25.164312 0 0 0.131507 0.5
