# x y vx vy theta radius
13.037872 7.1758644 -0.5630154 -0.34342041 2.0936616 0.5
3.8762458 12.168278 0 0 1.764168 0.5
4.8426644 12.884469 0 0 3.951996 0.5
7.5046971 4.5721363 0 5.7636541e-16 4.259518 0.5
2.1350438 10.758098 0 0 1.882067 0.5
25.501103 18.504116 0 0 0.92276 0.5
27.063404 10.852824 0 0 4.981497 0.5
7.395409 7.612729 0 0 0.663689 0.5
8.5882345 4.148076 2.1792629e-16 2.9332448e-16 4.599871 0.5
3.6592151 13.27295 0 0 3.315122 0.5
14.803992 2.9238966 1.1212765e-08 -1.3541402e-09 5.224588 0.5
21.38613 2.7745347 0 0 4.739779 0.5
24.517346 20.547759 0 0 0.624425 0.5
14.870256 25.305012 0 0 0.734434 0.5
9.0503642 22.80866 0 0 4.989084 0.5
11.413517 25.976082 5.4205659e-16 -2.630855e-16 2.508867 0.5
18.089855 1.2020723 4.1604732e-16 3.5020245e-16 5.939565 0.5
5.7380187 17.075337 0 0 0.028815 0.5
8.865021 1.6373369 8.0678345e-16 4.1739062e-16 3.449449 0.5
21.548533 5.568574 0 0 0.592282 0.5
4.4050008 21.761026 -1.43785e-16 0 6.045768 0.5
3.2419771 18.044337 0 0 0.890473 0.5
8.7599992 2.7652525 0 0 2.353219 0.5
16.196058 1.7759676 -4.932703e-09 -5.8379379e-08 1.672869 0.5
1.3410317 9.5085863 -1.398743e-15 -3.4880405e-16 4.21507 0.5
4.3020142 17.57796 0 0 0.4829 0.5
6.6950626 25.279914 -2.9056309e-15 -2.082673e-15 6.274711 0.5
14.664688 0.5777158 -4.9717878e-09 -1.9062403e-08 1.301021 0.5
9.8272412 2.2422145 -3.1752268e-08 1.0731875e-07 3.538852 0.5
3.8386271 9.2057473 0 0 1.72413 0.5
23.752212 19.655215 0 0 0.779811 0.5
4.9804293 10.283379 0 0 1.209651 0.5
8.6735334 26.33803 -1.5436289e-16 0 5.377079 0.5
16.450562 27.211351 5.4083661e-16 8.2692779e-16 3.122843 0.5
5.4426413 21.330942 1.7018627e-16 -2.3438226e-16 4.105439 0.5
4.3738122 8.1803727 0 0 2.246795 0.5
4.2578958 4.7612612 7.1787554e-16 -1.4795859e-15 3.468535 0.5
10.307102 25.781382 -2.8203909e-15 -1.0853033e-15 5.532293 0.5
1.6188238 14.300311 0 -1.1225681e-16 0.531572 0.5
26.112359 11.540817 0 0 5.261584 0.5
20.931696 3.935183 0 0 0.040113 0.5
6.547882 8.7383602 0 0 4.576591 0.5
18.909351 23.298496 0 0 0.209824 0.5
24.723731 17.618079 0 0 1.770879 0.5
24.749296 7.9981309 0 0 4.791815 0.5
24.654805 5.8252204 0 0 2.522673 0.5
18.351073 21.607353 0 0 3.232151 0.5
6.2524656 22.109 3.4912908e-16 3.3521986e-16 0.943125 0.5
16.715888 25.574348 2.4833065e-16 -1.4091428e-15 1.031271 0.5
2.8749073 8.6152056 0 -1.4942222e-16 1.523797 0.5
11.908112 27.273906 5.5487182e-15 -1.2736757e-15 1.787492 0.5
5.0833854 11.778408 0 0 3.056837 0.5
3.6681949 19.727566 1.2476914e-16 -2.2364304e-16 3.332967 0.5
19.75054 26.127043 0 0 3.889918 0.5
13.025052 27.398454 7.2210741e-15 7.9995483e-16 1.775857 0.5
27.414952 14.200715 0 0 4.33857 0.5
0.7637563 11.675895 0 -2.4413478e-16 2.652322 0.5
23.073276 22.296544 0 0 1.360759 0.5
10.141641 1.1612773 -1.5722446e-07 -5.6052892e-08 1.350476 0.5
2.4541502 9.6626131 0 1.4078839e-15 3.139709 0.5
7.148558 6.5011628 0 0 3.877928 0.5
9.5021449 20.774271 0 0 4.111005 0.5
18.859198 25.441156 0 0 4.354529 0.5
5.0662021 6.9837528 0 0 1.958136 0.5
27.371903 15.323005 0 0 1.935129 0.5
26.25759 12.690722 0 0 0.983243 0.5
1.6810343 19.370298 5.591192e-16 1.0400845e-15 4.524452 0.5
7.8307742 2.0766555 1.3577533e-15 -9.2639263e-16 4.628506 0.5
12.096797 13.379791 0 0 4.619789 0.5
2.8074557 15.951567 1.0743411e-16 5.828187e-16 6.246698 0.5
5.927256 3.2623309 2.5018466e-15 -2.33917e-15 2.597917 0.5
19.791486 4.0147784 0 0 5.540445 0.5
1.7318271 12.975783 0 0 1.135786 0.5
5.9551009 23.38567 0 0 0.649744 0.5
2.6140729 13.699191 0 0 4.647872 0.5
7.694354 3.3689473 -1.9107659e-16 -1.6232996e-16 3.116928 0.5
13.102152 25.37126 1.7497819e-15 -6.4778073e-15 1.058365 0.5
9.9111306 23.535202 0 0 1.223223 0.5
11.913276 2.5427575 8.3538275e-15 1.5986048e-13 6.185729 0.5
12.406082 0.67816472 1.5363971e-08 5.6706103e-08 5.03693 0.5
4.7903501 20.413111 0 0 0.158334 0.5
1.8551907 16.551139 0 0 0.09489 0.5
15.720374 20.454683 0 0 3.182579 0.5
10.665986 3.1056635 1.064726e-15 9.6909849e-16 5.999337 0.5
3.0946434 11.356755 0 0 0.712677 0.5
19.475286 2.921934 0 0 1.70588 0.5
3.7537074 20.84681 1.8462066e-16 1.3465582e-16 5.092516 0.5
2.1842872 17.650927 0 0 0.506989 0.5
23.53863 6.0360611 0 0 4.452103 0.5
20.068253 23.464248 0 0 3.429354 0.5
24.125941 13.531959 0 0 5.942963 0.5
12.741751 8.7279141 -0.01853642 7.6862277e-05 2.062723 0.5
14.812089 23.884912 0 0 2.598321 0.5
1.7597678 8.4669566 -1.5982298e-16 -2.138176e-15 6.159219 0.5
8.9159153 8.250004 0 0 1.488917 0.5
1.6492509 15.444875 0 0 1.927238 0.5
24.313429 18.666547 0 0 3.98558 0.5
24.320372 22.592757 0 0 3.515453 0.5
26.619789 18.608467 0 0 3.362574 0.5
6.1707005 15.774262 0 0 2.617045 0.5
15.751939 24.6067 0 0 4.416501 0.5
23.151543 4.1588187 0 0 2.357123 0.5
15.836106 26.271797 8.3844645e-16 0 0.027213 0.5
27.40628 13.07352 0 0 3.270335 0.5
7.3985085 20.232358 6.9391959e-16 -3.4503837e-16 5.133302 0.5
21.924712 9.9251502 0 0 4.163048 0.5
23.56777 7.9722599 0 0 3.93618 0.5
17.981826 24.72244 0 0 5.951127 0.5
22.297471 3.4298356 0 0 4.082451 0.5
19.357731 24.382526 0 0 1.780305 0.5
23.938387 4.9598832 0 0 2.847882 0.5
26.246009 15.214361 0 0 1.767937 0.5
0.61645572 12.788684 -7.7244252e-16 -3.9413465e-15 0.00135 0.5
5.0030402 9.1434811 0 0 5.312468 0.5
27.282092 11.955739 0 0 0.320289 0.5
4.9713673 15.460413 0 0 0.581132 0.5
7.6619708 25.850077 -1.7089355e-15 -4.6010969e-16 3.087421 0.5
15.062023 1.6428187 -1.3496126e-08 -7.1907941e-08 3.560403 0.5
2.8477365 6.5053714 7.4096223e-16 -2.7741868e-15 0.555117 0.5
0.9611307 17.245678 -1.1746025e-15 -8.9528439e-16 6.220608 0.5
5.7794397 24.630188 2.8373962e-15 2.3799815e-15 5.652715 0.5
25.718792 10.275382 0 0 0.827952 0.5
24.835357 16.364232 0 0 1.054048 0.5
3.3710429 16.922531 0 0 0.319962 0.5
10.978301 17.270975 0 0 2.464344 0.5
22.388871 23.199143 0 0 3.780782 0.5
3.4110312 10.260022 0 0 0.745414 0.5
27.21563 16.435184 0 0 3.348875 0.5
23.832481 21.441222 0 0 5.365761 0.5
9.7219518 26.739514 1.7623848e-15 5.1381425e-16 0.445642 0.5
8.05345 23.333448 0 0 2.979068 0.5
21.908147 4.4896682 0 0 2.813895 0.5
1.2762664 18.323347 -8.1349075e-16 9.5616551e-16 4.039246 0.5
17.541719 26.944661 0 0 4.602055 0.5
17.72689 23.626004 0 0 1.676583 0.5
8.3175861 21.015876 0 0 1.207935 0.5
5.0860965 19.327844 0 0 6.164191 0.5
13.943058 1.7417952 6.0689848e-09 -1.6076595e-07 1.491784 0.5
16.240531 2.9884932 6.8601381e-15 3.5131197e-14 6.269379 0.5
25.656227 20.665403 0 0 0.35856 0.5
20.550245 5.0058562 0 0 0.326238 0.5
25.065817 19.552583 0 0 1.608548 0.5
15.319158 27.372118 0 0 2.616667 0.5
18.474905 2.351198 1.2252966e-08 2.6366939e-07 0.410672 0.5
5.0649976 3.9810646 1.8780088e-15 -2.1164132e-15 3.210668 0.5
25.836674 17.432123 0 0 0.309541 0.5
19.382212 1.688074 1.1724737e-07 1.8734368e-07 1.761874 0.5
23.327951 14.32516 0 0 4.731547 0.5
9.7960457 14.931542 0 0 0.313065 0.5
25.300454 13.524687 0 0 0.087229 0.5
21.632734 24.905324 0 0 5.713071 0.5
19.337121 22.185368 0 0 0.34983 0.5
3.8465041 15.511841 0 0 2.015368 0.5
14.72343 26.420047 -1.2061728e-16 3.4119145e-16 0.42176 0.5
26.964596 17.534136 0 0 5.580866 0.5
3.5135055 5.6013972 -1.7763795e-16 -1.1580494e-15 4.066321 0.5
25.269557 14.649695 0 0 5.863794 0.5
10.049675 13.63154 0 0 5.355125 0.5
0.60195601 15.031603 -1.1719695e-15 -5.924577e-16 5.404824 0.5
16.893932 20.8841 0 0 1.361005 0.5
10.929645 1.9853598 -6.3886199e-14 4.1913217e-14 5.19755 0.5
16.874434 24.447206 0 0 5.853071 0.5
4.1488341 18.709135 0 0 2.830697 0.5
24.193945 7.0162818 0 0 3.251414 0.5
23.543753 23.447722 0 0 3.305262 0.5
7.0547448 24.169958 0 0 3.841898 0.5
13.952496 24.637146 5.8309222e-15 -5.0582801e-15 4.917041 0.5
13.527302 0.61382249 -3.4471159e-08 -3.0571017e-07 1.726803 0.5
23.78395 11.876016 0 0 2.534849 0.5
5.1383201 22.611156 0 0 1.985571 0.5
6.3780391 4.3010597 2.9123389e-16 1.5686943e-16 5.636684 0.5
6.2434629 7.2212939 0 0 0.642493 0.5
18.933927 4.9382398 0 0 5.796573 0.5
22.491562 7.5437357 0 0 4.738871 0.5
3.6360668 14.3966 4.2564175e-16 -1.8410393e-16 1.568073 0.5
20.754794 25.616464 0 0 2.749741 0.5
6.6945247 5.4154064 0 0 1.171823 0.5
9.1142104 25.3046 0 0 2.226958 0.5
8.0662524 24.792379 0 0 1.548545 0.5
10.035207 24.662826 0 0 3.653333 0.5
21.40367 23.806435 0 0 4.394256 0.5
17.006399 0.9038947 2.4800304e-16 0 0.605652 0.5
26.756599 9.7727628 0 0 3.106146 0.5
0.56180411 13.909845 2.3834456e-16 -5.1695299e-16 3.095002 0.5
21.002821 6.8800934 0 0 1.841384 0.5
10.80426 27.052882 4.3781315e-15 6.8756063e-16 6.034028 0.5
8.0842811 22.206108 0 0 1.857551 0.5
2.1723431 20.379552 -2.6661929e-15 -2.8714663e-15 1.702664 0.5
18.675924 26.596728 0 0 1.16125 0.5
7.2038857 21.509479 2.7594133e-16 2.6348485e-16 4.720586 0.5
5.552217 8.1339087 0 0 0.205718 0.5
4.7025053 5.7946592 0 -1.4286377e-16 5.820667 0.5
2.8062719 12.532427 0 0 3.894129 0.5
1.9045417 11.862795 0 0 3.074393 0.5
3.967585 6.6456859 -1.3395304e-16 -1.4701726e-16 0.467747 0.5
16.327482 7.6780213 0.00015223156 5.8012865e-05 5.60533 0.5
16.094323 23.460196 0 0 6.227367 0.5
20.016528 6.027192 0 0 5.177094 0.5
25.87485 7.7094106 0 0 0.203779 0.5
6.9949621 22.959877 0 0 6.095105 0.5
2.6039089 14.845339 0 0 5.150288 0.5
1.0041974 10.579429 9.7926394e-16 1.3071151e-16 3.059892 0.5
4.9202205 23.905687 0 2.7487178e-16 3.692189 0.5
5.6853947 14.567112 0 0 3.246869 0.5
22.131285 21.682111 0 0 2.032293 0.5
2.2627703 7.4634197 0 -2.2754735e-15 6.136396 0.5
20.528968 24.511425 0 0 4.563161 0.5
13.497991 2.9073374 -1.7440241e-07 -5.9527322e-08 5.916686 0.5
2.7631021 19.063037 3.0273111e-16 -2.3900367e-16 1.344992 0.5
6.3931636 20.731835 5.8730758e-16 -4.3770318e-16 3.633442 0.5
26.187747 19.660643 0 0 2.78777 0.5
25.158277 12.398215 0 0 1.483056 0.5
14.166301 27.432948 0 0 0.879468 0.5
25.307567 6.7385249 0 0 4.923104 0.5
16.60016 21.990652 0 0 5.350229 0.5
9.6079687 16.172776 0 0 1.508644 0.5
22.404585 6.4132683 0 0 4.32761 0.5
11.237684 0.86572872 1.1277865e-08 -1.9215065e-08 1.3724 0.5
20.419038 2.2012126 0 0 2.64206 0.5
22.956417 20.729566 0 0 2.466218 0.5
12.485049 26.310526 1.401707e-15 -3.7234316e-15 0.69625 0.5
13.600915 26.433021 4.9910697e-16 3.6884265e-16 0.502972 0.5
2.7462797 21.344215 0 1.2803487e-15 4.066135 0.5
12.75936 1.7465938 1.4047227e-15 6.5896696e-14 3.026607 0.5
9.5767101 3.581791 0 0 6.171553 0.5
25.975344 16.305885 0 0 3.767955 0.5
22.750463 5.2340991 0 0 5.349705 0.5
3.383933 7.6059226 0 -1.3871626e-16 3.28374 0.5
26.282434 14.083309 0 0 1.964272 0.5
21.463377 10.967106 0 0 1.170799 0.5
8.539133 15.770673 0 0 0.802835 0.5
6.8512324 2.6248778 2.4243343e-15 -1.7402151e-15 5.063896 0.5
4.7088318 14.011305 0 0 2.243796 0.5
17.316601 2.164426 -3.1003468e-08 3.6376755e-08 5.270568 0.5
4.1250104 23.113455 1.4669397e-16 7.1823886e-16 5.757172 0.5
26.358551 8.7230987 0 0 5.271397 0.5
25.066134 21.625032 0 0 3.151318 0.5
17.805458 25.844779 1.1651544e-15 2.8895674e-16 0.221595 0.5
7.3006667 16.068065 0 0 1.510648 0.5
13.591982 4.1314448 -1.1311165e-07 4.1492273e-08 5.29405 0.5
5.5131499 5.0174866 1.1048372e-16 1.3765132e-16 2.737677 0.5
4.1922913 11.085097 0 0 4.134415 0.5
8.9175178 24.060742 0 0 1.432456 0.5
24.957539 11.23501 0 0 2.840655 0.5
22.600003 24.30751 0 0 2.899005 0.5
5.8285568 6.144781 0 0 4.137855 0.5
7.0912351 14.909233 0 0 1.992807 0.5
3.3982744 22.257944 1.3376011e-15 2.8465763e-15 0.375558 0.5
15.781324 0.72182529 8.9377927e-08 1.1474732e-08 0.629977 0.5
8.1100798 16.895343 0 0 5.301885 0.5
17.627429 22.503155 0 0 1.197725 0.5
0.73380904 16.14645 0 1.1757514e-15 2.939026 0.5
4.460275 16.464606 0 0 3.912909 0.5
23.013097 10.924133 0 0 3.115045 0.5
25.253035 9.0022502 0 0 1.662001 0.5
6.1760883 19.630044 0 -4.105096e-16 0.131507 0.5
