# x y vx vy theta radius
23.167009 13.114027 -0.14293277 -0.22598043 3.8609052 0.5
11.558383 23.000746 0 0 1.764168 0.5
17.267019 25.910032 0 0 3.951996 0.5
26.144228 16.686092 -0.014163435 0.015651827 4.259518 0.5
19.042989 26.441304 -4.632036e-11 2.7907463e-11 1.882067 0.5
18.450324 11.465075 0 0 0.92276 0.5
14.472138 2.3865037 0 0 4.981497 0.5
2.9636214 16.475946 0 0 0.663689 0.5
12.961417 1.8276317 0 0 4.599871 0.5
19.561667 11.233748 0 0 3.315122 0.5
17.978063 26.798344 7.0455351e-12 1.0043832e-12 5.224588 0.5
9.8318075 13.455867 0 0 4.739779 0.5
27.385955 15.174206 -0.0046425859 0.0076670855 0.624425 0.5
20.719215 24.36338 -3.6029632e-12 1.2604555e-11 0.734434 0.5
2.63329 13.121841 0 0 4.989084 0.5
25.026011 11.65783 -0.007211802 -0.0026102375 2.508867 0.5
16.438787 1.8147937 0 0 5.939565 0.5
2.6044804 9.0721806 0 0 0.028815 0.5
19.734573 8.2105645 0 0 3.449449 0.5
24.478153 22.414474 -1.0536518e-11 1.1758177e-11 0.592282 0.5
1.4303957 9.2588576 0 0 6.045768 0.5
3.6019749 14.847129 0 0 0.890473 0.5
13.139373 0.5960945 0 0 2.353219 0.5
10.539563 15.411998 0 0 1.672869 0.5
12.103341 26.198447 0 0 4.21507 0.5
15.791774 27.309583 -5.6148891e-11 9.8577792e-12 0.4829 0.5
2.5526763 6.9772337 0 0 6.274711 0.5
19.290361 1.649553 0 0 1.301021 0.5
23.495039 6.0079314 -0.0048723674 -0.0067855641 3.538852 0.5
3.8130844 18.322739 0 0 1.72413 0.5
26.241371 19.543798 -0.0075507265 0.0095651084 0.779811 0.5
25.93549 10.997014 -0.011336949 -0.0056126333 1.209651 0.5
2.9316515 19.649424 0 0 5.377079 0.5
15.937542 7.5344918 0 0 3.122843 0.5
8.1977194 21.357164 0 0 4.105439 0.5
6.3583006 7.5947269 0 0 2.246795 0.5
24.156236 9.2550984 -5.2359289e-11 1.6685761e-11 3.468535 0.5
18.883402 3.7661491 0 0 5.532293 0.5
17.064815 7.4114092 0 0 0.531572 0.5
4.7033422 4.2985799 0 0 5.261584 0.5
24.021188 14.651788 -4.7117834e-12 4.8208292e-12 0.040113 0.5
18.083902 8.1090949 0 0 4.576591 0.5
25.218701 8.8827903 -0.027430477 -0.075159309 0.209824 0.5
24.345647 18.20267 -0.025687644 0.011466869 1.770879 0.5
27.43602 14.050959 -0.0041277779 -0.0033905584 4.791815 0.5
15.318893 1.6359433 0 0 2.522673 0.5
23.145545 19.18625 -8.4186741e-11 -1.1966156e-11 3.232151 0.5
6.2508364 20.584838 0 0 0.943125 0.5
25.144178 21.502582 -3.0300013e-11 6.1396559e-11 1.031271 0.5
17.904736 4.4544881 0 0 1.523797 0.5
2.4682649 18.623644 0 0 1.787492 0.5
24.580759 5.7147889 -0.0061264029 -0.0088363202 3.056837 0.5
13.504846 27.351593 0 0 3.332967 0.5
3.641752 22.560573 0 0 3.889918 0.5
15.629108 2.7207221 0 0 1.775857 0.5
7.0874669 6.7032528 0 0 4.33857 0.5
17.012797 5.1439625 0 0 2.652322 0.5
23.140354 7.4202434 0 0 1.360759 0.5
14.011817 1.3470726 0 0 1.350476 0.5
4.0245451 16.970406 0 0 3.139709 0.5
16.576355 25.022857 -2.805906e-11 1.0184604e-11 3.877928 0.5
13.680501 16.276394 0 0 4.111005 0.5
24.031086 21.346556 0.0011088401 0.0027053251 4.354529 0.5
8.2874567 4.4908545 0 0 1.958136 0.5
22.762249 5.1554778 -1.2137911e-07 -2.4858754e-08 1.935129 0.5
25.234734 6.6256789 0.0002785856 -0.0016251472 0.983243 0.5
5.4832109 19.70447 0 0 4.524452 0.5
7.5349476 3.4182895 0 0 4.628506 0.5
6.0510908 18.67928 0 0 4.619789 0.5
10.079984 26.829793 0 0 6.246698 0.5
19.837117 3.1578221 0 0 2.597917 0.5
13.503556 23.572247 0 0 5.540445 0.5
4.9948172 7.0939391 0 0 1.135786 0.5
21.590295 22.384396 -3.6090329e-11 -2.3885703e-11 0.649744 0.5
15.94104 21.775472 0 0 4.647872 0.5
22.473908 6.4828 2.018058e-13 -4.0698321e-12 3.116928 0.5
24.688932 10.578415 -0.014190201 0.0019241661 1.058365 0.5
4.9091113 22.371852 0 0 1.223223 0.5
22.184025 3.3609625 -3.9008663e-11 -4.8866285e-11 6.185729 0.5
21.819768 9.0840729 0 0 5.03693 0.5
20.072998 25.988256 1.0715422e-11 -1.973904e-12 0.158334 0.5
7.2301604 25.309275 0 0 0.09489 0.5
19.885141 12.615509 0 0 3.182579 0.5
20.30424 2.1336814 0 0 5.999337 0.5
11.777883 1.8810162 0 0 0.712677 0.5
1.6991219 16.102934 0 0 1.70588 0.5
6.9584807 19.646768 0 0 5.092516 0.5
6.1211187 22.093383 0 0 0.506989 0.5
17.838502 3.3302081 0 0 4.452103 0.5
15.73799 3.8638422 0 0 3.429354 0.5
20.875883 7.9924379 -1.5953386e-11 2.3028817e-11 5.942963 0.5
23.210591 8.5998926 0 0 2.062723 0.5
12.737591 17.487806 0 0 2.598321 0.5
18.229403 1.2513553 0 0 6.159219 0.5
4.3201216 8.0085913 0 0 1.488917 0.5
4.5628481 20.454391 0 0 1.927238 0.5
23.338725 22.234603 -0.012701621 0.015867037 3.98558 0.5
21.5432 21.253917 0 0 3.515453 0.5
25.38852 18.812206 -0.0070002151 0.010878595 3.362574 0.5
6.5893169 5.564175 0 0 2.617045 0.5
26.656035 18.500943 0.0054817952 -0.005351503 4.416501 0.5
23.597984 10.248529 -0.015072226 -0.0046011197 2.357123 0.5
20.192224 20.808081 -1.1584074e-16 0 0.027213 0.5
23.278152 17.847448 -0.0073466021 -0.0021744468 3.270335 0.5
0.58701327 14.405974 0 0 5.133302 0.5
23.055179 4.0713563 2.3813568e-08 -8.8418383e-08 4.163048 0.5
8.6308145 3.1560883 0 0 3.93618 0.5
1.3493457 18.534277 0 0 5.951127 0.5
18.051844 5.5929426 0 0 4.082451 0.5
3.2286915 6.0359442 0 0 1.780305 0.5
24.30972 13.252805 -0.017152327 0.078316271 2.847882 0.5
18.947018 7.3767182 0 0 1.767937 0.5
18.952799 4.8873682 0 0 0.00135 0.5
25.185171 16.09874 -0.00099914251 -0.0024352734 5.312468 0.5
6.4475604 2.8843105 0 0 0.320289 0.5
15.997747 0.71362334 0 0 0.581132 0.5
24.265989 19.316228 -0.013043368 0.060245438 3.087421 0.5
20.856655 4.9187063 0 0 3.560403 0.5
16.937445 6.2808198 0 0 0.555117 0.5
1.5711933 14.951001 0 0 6.220608 0.5
22.857332 24.104476 -9.8100972e-12 -2.1388067e-11 5.652715 0.5
24.148815 6.9182825 -0.0038189019 -0.007857265 0.827952 0.5
26.179369 12.086857 -0.068709387 -0.070936041 1.054048 0.5
18.735475 24.413656 -6.272371e-12 -6.6484634e-11 0.319962 0.5
21.515812 7.0685512 1.2465735e-13 1.0646659e-12 2.464344 0.5
19.741917 9.7153395 0 0 3.780782 0.5
19.740766 24.914719 -2.5727633e-11 3.2863802e-11 0.745414 0.5
22.307629 20.135922 0 0 3.348875 0.5
23.986434 12.084623 -0.015416555 -0.039563722 5.365761 0.5
13.311496 26.217085 0 0 0.445642 0.5
2.9485684 17.604895 0 0 2.979068 0.5
16.181372 26.21389 0 0 2.813895 0.5
8.4106653 1.7805543 0 0 4.039246 0.5
18.01429 23.548533 0 0 4.602055 0.5
1.9390844 11.36245 0 0 1.676583 0.5
3.8819408 9.052247 0 0 1.207935 0.5
20.78327 6.2173314 -8.1329348e-12 -9.4500284e-12 6.164191 0.5
26.325002 13.265807 0.037006238 0.018722925 1.491784 0.5
5.2469769 24.185924 0 0 6.269379 0.5
4.9190224 18.564183 0 0 0.35856 0.5
21.74206 5.626379 -4.9059173e-11 2.1920053e-11 0.326238 0.5
21.661008 23.726726 -1.697429e-11 -3.3205866e-11 1.608548 0.5
14.541444 26.290657 0 0 2.616667 0.5
7.4099406 2.2949662 0 0 0.410672 0.5
16.899758 27.115706 -2.3896687e-11 1.3692548e-11 3.210668 0.5
23.477554 20.318724 -3.2652506e-11 -4.213458e-12 0.309541 0.5
3.4539352 20.64437 0 0 1.761874 0.5
10.907496 0.9295187 0 0 4.731547 0.5
5.3168065 21.305952 0 0 0.313065 0.5
13.481857 8.7108918 0 0 0.087229 0.5
26.367951 14.394431 -0.0023206473 -0.00065516848 5.713071 0.5
17.616955 12.234949 0 0 0.34983 0.5
6.7090307 23.719611 0 0 2.015368 0.5
2.0986997 10.240758 0 0 0.42176 0.5
1.0508243 10.664406 0 0 5.580866 0.5
4.0532945 19.451489 0 0 4.066321 0.5
2.3282152 20.658401 0 0 5.863794 0.5
19.057484 22.719836 0 0 5.355125 0.5
4.4175789 23.382555 0 0 5.404824 0.5
0.6654579 15.637328 0 0 1.361005 0.5
23.85282 4.8614406 -0.0013655267 -0.0016008666 5.19755 0.5
21.086022 12.364687 0 0 5.853071 0.5
2.0278899 7.9792426 0 0 2.830697 0.5
15.897055 5.0088666 0 0 3.251414 0.5
25.730827 20.543635 0.0099364578 0.013485386 3.305262 0.5
2.9598601 21.655867 0 0 3.841898 0.5
17.974984 6.7293616 0 0 4.917041 0.5
25.254835 13.878556 0.094013397 0.048358413 1.726803 0.5
25.313493 12.768605 -0.16563035 0.09326585 2.534849 0.5
6.8071973 8.8230321 0 0 1.985571 0.5
24.096385 15.772197 0 0 5.636684 0.5
3.154182 8.0548498 0 0 0.642493 0.5
5.5464867 3.5542133 0 0 5.796573 0.5
18.358087 25.548453 0 0 4.738871 0.5
21.980598 24.805588 -3.1030468e-11 1.4840259e-11 1.568073 0.5
17.047899 8.6688607 0 0 2.749741 0.5
22.804683 21.2175 -5.8697926e-12 7.6562695e-12 1.171823 0.5
9.8188412 1.2283728 0 0 2.226958 0.5
0.88351934 16.88323 0 0 1.548545 0.5
4.3566337 6.1619727 0 0 3.653333 0.5
23.653042 23.311757 9.6343757e-05 0.00033036911 4.394256 0.5
20.922862 3.7819033 0 0 0.605652 0.5
25.620393 9.9208412 -0.010695159 -0.045422855 3.106146 0.5
18.861961 9.0020409 0 0 3.095002 0.5
26.304553 8.5961765 -0.0036157559 -0.0056887783 1.841384 0.5
19.645553 23.700535 -3.0184257e-11 1.450361e-11 6.034028 0.5
2.6130688 15.400995 0 0 1.857551 0.5
17.848747 9.5426927 0 0 1.702664 0.5
21.050374 25.436237 4.0569598e-12 7.2994617e-12 1.16125 0.5
3.6884496 7.0665194 0 0 4.720586 0.5
12.381003 27.293353 0 0 0.205718 0.5
11.273162 3.3237233 0 0 5.820667 0.5
17.6348 24.637786 -6.3167219e-11 8.2283399e-12 3.894129 0.5
3.9291254 5.1120227 0 0 3.074393 0.5
21.273195 2.7026239 -1.8766901e-10 -1.3569785e-10 0.467747 0.5
4.1328607 21.540017 0 0 5.60533 0.5
1.8241887 17.510524 0 0 6.227367 0.5
5.4406643 8.2753377 0 0 5.177094 0.5
25.386102 14.988614 -0.013237822 0.022113672 0.203779 0.5
12.01371 0.72741423 0 0 6.095105 0.5
19.907806 4.2887717 0 0 5.150288 0.5
5.9487761 6.4898976 0 0 3.059892 0.5
7.8162896 24.116462 0 0 3.692189 0.5
18.775565 10.341355 0 0 3.246869 0.5
22.193146 8.0225176 0 0 2.032293 0.5
16.859519 4.0306395 0 0 6.136396 0.5
1.8042609 19.639008 0 0 4.563161 0.5
16.763725 2.9106906 0 0 5.916686 0.5
19.028264 6.2431945 0 0 1.344992 0.5
24.722003 7.8834271 -0.0067062587 -0.016396625 3.633442 0.5
15.235441 25.351466 0 0 2.78777 0.5
9.6590747 22.096063 0 0 1.483056 0.5
7.0539129 21.444709 0 0 0.879468 0.5
27.236004 16.303932 -2.0715245e-11 -1.4436421e-11 4.923104 0.5
24.61627 20.387756 0.0025552991 0.00078177796 5.350229 0.5
22.527137 23.012344 -1.0419246e-11 -1.9097961e-11 1.508644 0.5
27.262397 11.809789 0.037116147 -0.010884991 4.32761 0.5
21.884278 4.4488772 -2.4829038e-10 -2.0019105e-10 1.3724 0.5
5.1232652 5.3408112 0 0 2.64206 0.5
26.989743 17.428108 -0.0048716013 0.0035922444 2.466218 0.5
1.5107468 13.759607 0 0 0.69625 0.5
20.448814 22.027713 0 0 0.502972 0.5
5.9763652 4.6043165 0 0 4.066135 0.5
15.816172 6.153427 0 0 3.026607 0.5
6.1425102 24.88146 0 0 6.171553 0.5
1.6983649 12.500029 0 0 3.767955 0.5
0.76263179 11.755168 0 0 5.349705 0.5
14.876868 0.58997452 0 0 3.28374 0.5
5.7324059 23.165237 0 0 1.964272 0.5
0.65522556 13.002497 0 0 1.170799 0.5
7.1746773 22.650169 0 0 0.802835 0.5
8.2275803 8.6118269 0 0 5.063896 0.5
7.0990035 4.4538496 0 0 2.243796 0.5
19.641561 13.798106 0 0 5.270568 0.5
11.200106 26.918022 0 0 5.757172 0.5
25.806498 17.756971 -0.0043423157 0.0096373334 5.271397 0.5
26.336356 15.58141 0.0058339634 0.016284763 3.151318 0.5
20.688984 9.1017611 0 0 0.221595 0.5
2.5170982 14.264463 0 0 1.510648 0.5
7.7109504 5.5118803 0 0 5.29405 0.5
9.4203932 2.2802188 0 0 2.737677 0.5
22.640719 12.089725 -0.14074298 -0.30390119 4.134415 0.5
20.659327 23.204784 -1.5075486e-11 -3.7684392e-11 1.432456 0.5
25.811043 7.58904 -0.0072635507 -0.010520949 2.840655 0.5
26.708399 9.6420714 -0.0068953665 -0.01639743 2.899005 0.5
20.056951 7.0880776 0 0 4.137855 0.5
17.64767 2.2132353 0 0 1.992807 0.5
17.591585 10.658714 0 0 0.375558 0.5
19.89782 5.5248915 0 0 0.629977 0.5
27.395469 12.928999 -0.0025786658 -0.02135634 5.301885 0.5
27.029563 10.714317 -0.0040270809 -0.020824108 1.197725 0.5
17.146937 0.93928731 0 0 2.939026 0.5
18.770643 2.6479713 0 0 3.912909 0.5
3.3262633 10.028629 0 0 3.115045 0.5
24.801636 17.157685 0.0015062346 0.010029922 1.662001 0.5
14.642214 27.417541 0 0 0.131507 0.5
