# x y vx vy theta radius
19.89204 9.9006406 0.1947113 -0.02932937 4.902772 0.5
7.0402074 22.854022 0 0 1.764168 0.5
5.0597181 15.320143 0 0 3.951996 0.5
8.0017024 23.813762 0 0 4.259518 0.5
17.258102 25.996556 0 0 1.882067 0.5
8.224211 26.132382 0 0 0.92276 0.5
8.8303636 3.7294279 8.481418e-14 -1.180759e-13 4.981497 0.5
16.810849 14.056013 0 0 0.663689 0.5
17.917172 17.379381 0 0 4.599871 0.5
23.931447 11.501764 -0.00020964562 0.0012780701 3.315122 0.5
10.096893 2.1548835 -7.0213429e-14 4.464479e-15 5.224588 0.5
9.3115156 4.7852944 9.4091687e-15 2.2638495e-14 4.739779 0.5
23.387378 5.8799159 0.001059736 -0.00026410276 0.624425 0.5
6.0190032 23.36958 0 0 0.734434 0.5
3.4504956 20.318808 0 0 4.989084 0.5
2.3234417 20.597642 0 0 2.508867 0.5
10.713963 22.352319 0 0 5.939565 0.5
26.191036 11.532707 -0.0079686814 0.010173914 0.028815 0.5
1.268604 9.703867 0 0 3.449449 0.5
10.666913 11.740296 0 0 0.592282 0.5
13.195986 25.388363 0 0 6.045768 0.5
6.0871807 20.482749 0 0 0.890473 0.5
5.1852824 10.636541 0 0 2.353219 0.5
18.537388 22.150348 0 0 1.672869 0.5
3.5765453 22.481462 0 0 4.21507 0.5
22.459467 10.081779 0.00060142534 -0.00056894612 0.4829 0.5
4.7587931 18.015055 0 0 6.274711 0.5
25.268529 21.30895 -0.0014701995 0.0024547599 1.301021 0.5
7.0662268 11.882766 0 0 3.538852 0.5
0.56665757 14.167944 0 0 1.72413 0.5
23.236362 9.1975949 -0.00062673449 -0.00073066888 0.779811 0.5
26.673471 9.5311678 2.5241624e-06 6.2473331e-06 1.209651 0.5
27.266322 11.857181 -0.0028433088 0.0016653324 5.377079 0.5
1.0252922 17.499142 0 0 3.122843 0.5
20.683394 3.4707026 -9.0269409e-07 3.8284247e-06 4.105439 0.5
4.5774408 20.382203 0 0 2.246795 0.5
24.473235 5.5931053 0.00070863575 -0.000660862 3.468535 0.5
2.4409104 9.4529811 0 0 5.532293 0.5
22.904173 19.450815 0 0 0.531572 0.5
21.98807 7.2414451 -0.0010350012 0.0038083384 5.261584 0.5
10.500336 1.0287326 -1.0717311e-14 -2.6271991e-14 0.040113 0.5
25.541517 9.3522607 0.00055865934 6.5142864e-05 4.576591 0.5
18.373812 3.5823281 0 0 0.209824 0.5
11.857262 3.7140409 9.9243821e-15 6.2290814e-14 1.770879 0.5
24.489913 20.479795 0 0 4.791815 0.5
27.039151 17.242294 -0.0010941788 0.0018752925 2.522673 0.5
3.5161241 9.776233 0 0 3.232151 0.5
21.796254 4.164181 1.4362506e-07 2.5664498e-06 0.943125 0.5
19.381081 25.26969 0 0 1.031271 0.5
14.802708 24.292732 0 0 1.523797 0.5
25.726681 7.4564843 0.00058061846 0.0010779441 1.787492 0.5
9.0202383 2.5933426 -1.0331146e-13 -2.0110633e-13 3.056837 0.5
21.452124 21.191042 0 0 3.332967 0.5
20.637394 21.963725 0 0 3.889918 0.5
2.3951542 18.126088 0 0 1.775857 0.5
20.701245 23.085286 0 0 4.33857 0.5
19.661043 2.9308929 1.04797e-06 2.1294233e-07 2.652322 0.5
27.381437 15.220326 9.2551872e-05 0.0014683944 1.360759 0.5
3.8862331 14.175459 0 0 1.350476 0.5
12.444126 26.230166 0 0 3.139709 0.5
22.901232 3.9410082 -0.0041753837 -0.0041026755 3.877928 0.5
8.1733763 5.3782065 3.6894123e-14 1.2133656e-13 4.111005 0.5
3.6429564 7.4885271 0 0 4.354529 0.5
2.9476608 8.4415721 0 0 1.958136 0.5
4.140757 4.8746712 -3.6995243e-14 -1.5244551e-14 1.935129 0.5
22.251149 24.606793 0 0 0.983243 0.5
8.2339038 22.692925 0 0 4.524452 0.5
12.559887 24.233216 0 0 4.628506 0.5
15.452764 23.170999 0 0 4.619789 0.5
4.7161086 22.322493 0 0 6.246698 0.5
1.5942236 14.723469 0 0 2.597917 0.5
7.155344 7.8075215 9.4032694e-14 1.3102267e-13 5.540445 0.5
8.0822861 1.9648754 -3.0471845e-13 -1.0871317e-13 1.135786 0.5
27.398014 12.97151 -9.8855475e-05 0.0025115408 0.649744 0.5
4.8098756 7.572451 -1.4502571e-13 2.6772105e-13 4.647872 0.5
25.17014 19.448039 0 0 3.116928 0.5
23.717544 4.7407035 0.00057939172 8.791749e-05 1.058365 0.5
23.553928 10.33558 -0.0091992025 0.0022929369 1.223223 0.5
24.250802 12.992836 0 0 6.185729 0.5
21.730798 22.279188 0 0 5.03693 0.5
5.3459996 6.5842631 1.1232493e-13 3.2549946e-14 0.158334 0.5
10.327546 26.924986 0 0 0.09489 0.5
10.351401 23.518092 0 0 3.182579 0.5
9.6018486 22.079192 0 0 5.999337 0.5
26.33407 19.334961 0.00078436349 0.00013960873 0.712677 0.5
22.269722 6.1539801 -0.0067057175 -0.001655629 1.70588 0.5
20.824703 7.2093783 -0.0020227945 -3.8417893e-05 5.092516 0.5
9.1052985 25.416651 0 0 0.506989 0.5
3.0904271 12.504294 0 0 4.452103 0.5
4.6350984 9.6570088 0 0 3.429354 0.5
14.985512 26.308066 0 0 5.942963 0.5
16.195123 0.82029651 0 0 2.062723 0.5
6.811122 21.379296 0 0 2.598321 0.5
1.8250435 12.508242 0 0 6.159219 0.5
27.437507 14.095329 -0.00010378184 -0.0012091425 1.488917 0.5
23.79835 17.774443 0 0 1.927238 0.5
6.1834945 5.8099769 -1.207785e-14 -6.4071327e-15 3.98558 0.5
25.845294 20.34601 0.00032258334 -7.8795218e-05 3.515453 0.5
15.921096 24.192948 0 0 3.362574 0.5
13.661193 27.434233 0 0 2.617045 0.5
23.108169 23.881364 0 0 4.416501 0.5
17.628983 24.792615 0 0 2.357123 0.5
18.680726 24.389211 0 0 0.027213 0.5
19.41249 4.103672 0 0 3.270335 0.5
6.9916743 5.0242461 5.2970853e-14 -6.4782652e-14 5.133302 0.5
21.322566 9.9999655 -0.0053488152 0.017561185 4.163048 0.5
24.034643 19.347447 0 0 3.93618 0.5
24.976776 8.3807974 -0.00303115 0.003519525 5.951127 0.5
17.613893 22.927648 0 0 4.082451 0.5
1.7541527 15.837758 0 0 1.780305 0.5
18.571387 21.014096 0 0 2.847882 0.5
25.139663 6.4978474 -0.0017270996 -0.0055005169 1.767937 0.5
14.293132 23.282648 0 0 0.00135 0.5
6.0018205 4.4769994 -9.7347804e-14 -3.2034136e-14 5.312468 0.5
19.609801 21.510948 0 0 0.320289 0.5
8.0904621 24.936225 0 0 0.581132 0.5
16.1348 26.180529 0 0 3.087421 0.5
0.62384428 15.289978 0 0 3.560403 0.5
22.221821 20.366137 0 0 0.555117 0.5
4.9454551 4.0917208 1.717362e-14 -2.9069555e-14 6.220608 0.5
22.610118 5.0572253 -0.00071331714 -0.005482986 5.652715 0.5
22.552682 14.234162 0 0 0.827952 0.5
25.057617 11.55557 -0.0018526477 0.010594433 1.054048 0.5
6.0979238 15.912123 0 0 0.319962 0.5
18.333158 25.672446 0 0 2.464344 0.5
21.330929 25.252779 0 0 3.780782 0.5
23.900863 23.086532 0 0 0.745414 0.5
13.985319 16.327851 0 0 3.348875 0.5
15.43808 25.271234 0 0 5.365761 0.5
21.726062 8.6613214 9.6936874e-05 0.0025343539 0.445642 0.5
6.1232031 24.88491 0 0 2.979068 0.5
14.784169 27.413924 0 0 2.813895 0.5
4.2189174 6.5107382 -1.1529172e-13 1.4287535e-13 4.039246 0.5
23.334386 20.558253 0 0 4.602055 0.5
10.139146 24.656466 0 0 1.676583 0.5
17.305433 1.0077936 0 0 1.207935 0.5
5.1616768 5.3432667 1.4400474e-13 6.8843993e-14 6.164191 0.5
22.131558 23.327879 0 0 1.491784 0.5
16.407758 18.288654 0 0 6.269379 0.5
18.104775 26.796186 0 0 0.35856 0.5
16.55205 25.121323 0 0 0.326238 0.5
0.72674765 11.951662 0 0 1.608548 0.5
26.180579 15.066319 0 0 2.616667 0.5
3.4120629 5.7296025 6.9328326e-14 3.2463408e-13 0.410672 0.5
24.419276 9.3589974 -0.0030831816 -0.00045779813 3.210668 0.5
20.42139 20.731397 0 0 0.309541 0.5
4.4106333 23.404227 0 0 1.761874 0.5
11.426019 1.8964198 9.4957382e-14 2.3952595e-14 4.731547 0.5
11.222212 24.343951 0 0 0.313065 0.5
15.460794 1.7570664 0 0 0.087229 0.5
9.1532503 1.4738043 3.0872165e-15 5.7762421e-14 5.713071 0.5
20.35137 24.69996 0 0 0.34983 0.5
10.592932 5.3179094 -3.8692307e-12 7.244753e-13 2.015368 0.5
20.58041 5.9453154 -1.1309867e-05 -8.9807478e-06 0.42176 0.5
21.272694 24.053568 0 0 5.580866 0.5
23.104691 7.0178146 -0.0048304677 -9.053126e-06 4.066321 0.5
7.9047512 3.0878929 -1.0846336e-13 6.9405588e-13 5.863794 0.5
4.0811386 8.5307237 0 0 5.355125 0.5
11.425562 27.186591 0 0 5.404824 0.5
10.181016 25.799673 0 0 1.361005 0.5
7.3091789 6.1113311 8.9310856e-14 6.4282053e-15 5.19755 0.5
7.1135699 25.532646 0 0 5.853071 0.5
5.197691 8.6795493 -7.3355782e-14 6.9556087e-14 2.830697 0.5
2.907443 21.572463 0 0 3.251414 0.5
1.3626189 18.57034 0 0 3.305262 0.5
10.980191 2.9294495 2.9478203e-13 1.0951862e-13 3.841898 0.5
19.690587 5.2577765 -3.6893628e-06 2.6683321e-06 4.917041 0.5
19.410335 20.215394 0 0 1.726803 0.5
5.8811002 9.6305007 0 0 2.534849 0.5
24.573892 15.309102 0 0 1.985571 0.5
19.621698 1.8034815 0 0 5.636684 0.5
19.197184 26.38962 0 0 0.642493 0.5
21.504108 5.2711883 -0.0015192975 0.0024346376 5.796573 0.5
26.303386 12.670837 0.00061637682 0.0080499267 4.738871 0.5
13.678864 24.3306 0 0 1.568073 0.5
26.239287 8.4559982 0.0002944729 0.0015188112 2.749741 0.5
2.0724466 17.016371 0 0 1.171823 0.5
16.604931 1.9258646 0 0 2.226958 0.5
13.888489 0.57035622 5.829964e-14 -3.1809095e-15 1.548545 0.5
0.81322622 13.071225 0 0 3.653333 0.5
0.97311409 10.852644 0 0 4.394256 0.5
5.8002269 3.362212 -4.9714131e-14 1.0158857e-13 0.605652 0.5
24.227505 7.1674598 -0.00088206469 0.002150634 3.106146 0.5
15.942034 2.850511 0 0 3.095002 0.5
7.9930017 7.0478286 0 0 1.841384 0.5
6.8789717 2.6085449 5.1699704e-15 6.1072053e-15 6.034028 0.5
6.9076839 24.069427 0 0 1.857551 0.5
4.0178542 21.39637 0 0 1.702664 0.5
5.2403321 24.183493 0 0 1.16125 0.5
1.8715148 13.635089 0 0 4.720586 0.5
2.0560059 10.514139 0 0 0.205718 0.5
14.735013 12.122392 0 0 5.820667 0.5
6.1401501 11.24759 0 0 3.894129 0.5
6.4958737 6.8893776 -2.6509805e-14 8.9429447e-14 3.074393 0.5
21.744604 3.0214006 -1.6012236e-06 1.2287205e-06 0.467747 0.5
11.970699 25.190634 0 0 5.60533 0.5
4.145384 19.283912 0 0 6.227367 0.5
12.750888 0.62602801 2.3361537e-14 -8.0893898e-15 5.177094 0.5
9.26069 26.572495 0 0 0.203779 0.5
7.8474915 4.2846037 -2.1903052e-14 -2.5962663e-14 6.095105 0.5
9.2793105 23.168292 0 0 5.150288 0.5
24.624698 22.228412 0 0 3.059892 0.5
11.602694 23.220881 0 0 3.692189 0.5
18.534862 19.503506 0 0 3.246869 0.5
23.670009 21.636975 0 0 2.032293 0.5
19.730694 11.026325 -0.046180999 0.20724771 6.136396 0.5
9.9014147 3.3258067 4.4618721e-13 3.365261e-13 4.563161 0.5
17.346344 21.832781 0 0 5.916686 0.5
20.603447 4.5991391 -0.0023186133 -0.001722824 1.344992 0.5
9.081326 24.279644 0 0 3.633442 0.5
19.659665 22.638471 0 0 2.78777 0.5
5.2420871 21.289933 0 0 1.483056 0.5
20.640133 2.3259893 0 0 0.879468 0.5
2.8611026 19.214894 0 0 4.923104 0.5
16.363989 22.513062 0 0 5.350229 0.5
26.492101 18.222767 -0.0012118959 0.00030617633 1.508644 0.5
10.781221 4.0921138 2.0638907e-13 -8.8786571e-14 4.32761 0.5
1.6881234 8.6188808 0 0 1.3724 0.5
5.9902236 22.240744 0 0 2.64206 0.5
22.736417 8.0963376 -0.0024771815 -0.00086512023 2.466218 0.5
16.995577 23.865593 0 0 0.69625 0.5
25.345727 17.643717 -0.00065955805 0.0018437981 0.502972 0.5
12.536039 27.353581 0 0 4.066135 0.5
20.345456 25.844174 0 0 3.026607 0.5
18.377298 1.3437004 0 0 6.171553 0.5
14.315757 25.306822 0 0 3.767955 0.5
0.77815959 16.403131 0 0 5.349705 0.5
6.8648616 3.7385572 2.1496605e-13 4.1557102e-14 3.28374 0.5
26.758591 16.154076 -0.0031248912 0.00040794013 1.964272 0.5
2.4682813 11.560825 0 0 1.170799 0.5
2.1873917 7.6097281 -2.8768534e-14 4.8908597e-14 0.802835 0.5
15.904686 27.289161 0 0 5.063896 0.5
2.756585 6.6420159 -1.8145819e-15 -6.4501022e-15 2.243796 0.5
17.393458 2.7581066 0 0 5.270568 0.5
22.556589 21.45132 0 0 5.757172 0.5
15.071077 0.63015219 0 0 5.271397 0.5
23.8476 8.253413 -0.0075007351 -0.00096101993 3.151318 0.5
23.710967 14.200397 0 0 0.221595 0.5
25.719223 16.583634 -0.0026231775 -0.00047774646 1.510648 0.5
1.7900194 19.608696 0 0 5.29405 0.5
6.0134611 7.9079831 1.6212568e-14 5.1220525e-14 2.737677 0.5
17.02006 27.094595 0 0 4.134415 0.5
20.341533 19.587125 0 0 1.432456 0.5
13.84715 26.327052 0 0 2.840655 0.5
18.70085 23.264557 0 0 2.899005 0.5
22.917971 22.525356 0 0 4.137855 0.5
21.472013 19.525112 0 0 1.992807 0.5
24.685038 10.492877 0.013072133 0.0027658513 0.375558 0.5
12.146057 13.676439 0 0 0.629977 0.5
19.722935 23.762396 0 0 5.301885 0.5
25.852869 10.455641 0.025329141 -0.0047942731 1.197725 0.5
18.642279 2.4389779 -1.1452842e-05 -5.5325146e-06 2.939026 0.5
11.626146 0.77938113 7.4055529e-14 -3.183016e-13 3.912909 0.5
26.99762 10.652428 9.8376134e-06 -1.0084579e-05 3.115045 0.5
13.050585 3.7181969 1.2495586e-13 -2.6949341e-13 1.662001 0.5
11.272885 26.0699 0 0 0.131507 0.5
