# x y vx vy theta radius
13.485514 11.136695 0.60332379 -0.30385155 6.0829015 0.5
5.3110681 24.247282 0 0 1.764168 0.5
11.937346 27.279088 0 0 3.951996 0.5
26.324224 14.912401 0 0 4.259518 0.5
21.204071 25.340269 0 0 1.882067 0.5
10.86686 23.867851 0 0 0.92276 0.5
12.531371 1.6707492 0 0 4.981497 0.5
3.090203 16.561272 0 0 0.663689 0.5
25.426621 8.8426742 0 0 4.599871 0.5
2.2289172 8.0684709 0 0 3.315122 0.5
14.177324 21.047935 1.4782084e-08 2.1136558e-08 5.224588 0.5
4.2201202 17.099804 0 0 4.739779 0.5
26.890754 10.208465 0 0 0.624425 0.5
16.449093 25.211891 0 0 0.734434 0.5
24.965269 11.183445 0 0 4.989084 0.5
21.10917 24.221383 0 0 2.508867 0.5
22.790585 3.8389879 0 0 5.939565 0.5
2.8595871 9.2044276 0 0 0.028815 0.5
24.6061 17.91624 0 0 3.449449 0.5
24.072346 22.843853 0 0 0.592282 0.5
1.6353936 14.797862 0 0 6.045768 0.5
0.68723658 12.164046 0 0 0.890473 0.5
11.426789 1.8893704 0 0 2.353219 0.5
16.819645 4.1286293 0 0 1.672869 0.5
5.6686688 21.627618 0 0 4.21507 0.5
13.065129 27.393514 0 0 0.4829 0.5
6.7202078 2.7832296 0 0 6.274711 0.5
11.993065 5.1800113 0 0 1.301021 0.5
20.301481 5.4542997 0 0 3.538852 0.5
2.9896534 13.173285 0 0 1.72413 0.5
27.316653 15.772818 0 0 0.779811 0.5
9.0124357 21.506782 0 0 1.209651 0.5
8.2514806 26.141229 0 0 5.377079 0.5
7.3001755 23.162576 0 0 3.122843 0.5
13.638718 26.423135 0 0 4.105439 0.5
3.3022017 15.165281 0 0 2.246795 0.5
23.891478 16.43495 0 0 3.468535 0.5
22.131811 24.694656 0 0 5.532293 0.5
20.247708 21.510337 0 0 0.531572 0.5
12.837672 9.477913 0 0 5.261584 0.5
25.323031 6.8118769 0 0 0.040113 0.5
24.187061 13.037478 0 0 4.576591 0.5
25.231823 19.236436 0 0 0.209824 0.5
6.3252267 17.840003 0 0 1.770879 0.5
17.375311 9.010811 0 0 4.791815 0.5
18.523055 24.36803 0 0 2.522673 0.5
3.6280736 11.212946 0 0 3.232151 0.5
25.984907 20.072561 0 0 0.943125 0.5
17.538609 20.67785 0 0 1.031271 0.5
2.0029102 11.306263 0 0 1.523797 0.5
15.751841 24.022596 0 0 1.787492 0.5
16.431294 1.9096995 0 0 3.056837 0.5
4.4834859 23.488643 0 0 3.332967 0.5
18.649268 23.209036 0 0 3.889918 0.5
2.3073885 15.705337 0 0 1.775857 0.5
5.3176968 5.7733987 0 0 4.33857 0.5
12.352519 3.9596769 0 0 2.652322 0.5
23.969751 10.573273 0 0 1.360759 0.5
4.5806796 11.924701 0 0 1.350476 0.5
4.77601 4.3334647 0 0 3.139709 0.5
16.645834 27.174985 0 0 3.877928 0.5
17.56077 2.1678993 0 0 4.111005 0.5
19.116801 26.426177 0 0 4.354529 0.5
7.1206597 21.570847 0 0 1.958136 0.5
24.111411 11.912388 0 0 1.935129 0.5
24.194614 6.8499269 0 0 0.983243 0.5
18.809161 18.887823 0 0 4.524452 0.5
15.282612 0.62262241 0 0 4.628506 0.5
1.7703141 12.477447 0 0 4.619789 0.5
3.9045147 21.049738 0 0 6.246698 0.5
17.493177 1.0455576 0 0 2.597917 0.5
2.6370983 7.0011352 0 0 5.540445 0.5
2.2113585 17.869826 0 0 1.135786 0.5
21.904867 23.429322 0 0 0.649744 0.5
12.787734 2.7704801 0 0 4.647872 0.5
22.51904 7.9189088 0 0 3.116928 0.5
24.585753 5.7479992 0 0 1.058365 0.5
13.48255 3.7178097 0 0 1.223223 0.5
16.587162 3.0228292 0 0 6.185729 0.5
24.942127 16.841105 0 0 5.03693 0.5
20.065326 4.3558523 0 0 0.158334 0.5
10.193356 25.867954 0 0 0.09489 0.5
24.679892 20.216491 0 0 3.182579 0.5
21.264661 6.4768532 0 0 5.999337 0.5
21.44234 5.3219147 0 0 0.712677 0.5
6.4267703 22.456387 0 0 1.70588 0.5
25.90459 7.7767161 0 0 5.092516 0.5
14.632281 3.5338308 0 0 0.506989 0.5
4.3907916 18.399001 0 0 4.452103 0.5
5.4136489 9.0241469 0 0 3.429354 0.5
15.740009 3.7742213 0 0 5.942963 0.5
21.862123 3.1064933 0 0 2.062723 0.5
10.473593 26.957824 0 0 2.598321 0.5
18.561526 1.3950464 0 0 6.159219 0.5
22.562876 4.9405254 0 0 1.488917 0.5
1.9491169 16.772679 0 0 1.927238 0.5
14.11732 8.6067731 0 0 3.98558 0.5
21.33916 22.458168 0 0 3.515453 0.5
20.53498 23.249024 0 0 3.362574 0.5
24.786414 7.9086818 0 0 2.617045 0.5
20.138692 25.954267 0 0 4.416501 0.5
26.217036 16.032015 0 0 2.357123 0.5
7.2025432 18.662525 0 0 0.027213 0.5
27.428632 13.531932 0 0 3.270335 0.5
3.3740119 6.1100192 0 0 5.133302 0.5
12.814719 24.288412 0 0 4.163048 0.5
4.1419215 12.96519 0 0 3.93618 0.5
23.100581 21.749491 0 0 5.951127 0.5
23.932215 14.131899 0 0 4.082451 0.5
3.7710165 14.06853 0 0 1.780305 0.5
5.3481631 22.772293 0 0 2.847882 0.5
19.548348 23.882229 0 0 1.767937 0.5
27.161684 11.299829 0 0 0.00135 0.5
27.420907 14.654887 0 0 5.312468 0.5
9.7312988 1.2572734 0 0 0.320289 0.5
14.796008 1.6404024 0 0 0.581132 0.5
16.005755 6.9210363 0 0 3.087421 0.5
17.718849 3.2796002 0 0 3.560403 0.5
7.1909718 20.449882 0 0 0.555117 0.5
0.57490419 14.408588 0 0 6.220608 0.5
18.060585 26.807557 0 0 5.652715 0.5
26.055383 11.552356 0 0 0.827952 0.5
22.972676 13.477368 0 0 1.054048 0.5
9.320718 26.593563 0 0 0.319962 0.5
17.969483 22.23021 0 0 2.464344 0.5
24.810658 9.7953257 0 0 3.780782 0.5
12.046332 25.214295 0 0 0.745414 0.5
3.0351251 21.764294 0 0 3.348875 0.5
26.448638 19.048595 0 0 5.365761 0.5
11.387412 26.268767 0 0 0.445642 0.5
9.1488842 25.429064 0 0 2.979068 0.5
7.1600745 25.564642 0 0 2.813895 0.5
10.812215 0.94636329 0 0 4.039246 0.5
15.329045 25.085263 0 0 4.602055 0.5
5.654938 13.371558 0 0 1.676583 0.5
20.16715 24.831758 0 0 1.207935 0.5
20.152837 6.6444465 0 0 6.164191 0.5
26.836102 17.973136 0 0 1.491784 0.5
8.1947153 23.847231 0 0 6.269379 0.5
2.62681 14.236295 0 0 0.35856 0.5
9.4975238 15.237588 0 0 0.326238 0.5
14.276813 27.414462 0 0 1.608548 0.5
27.123594 16.8814 0 0 2.616667 0.5
1.5450478 8.9647372 0 0 0.410672 0.5
17.463069 23.527437 0 0 3.210668 0.5
26.233034 12.662895 0 0 0.309541 0.5
5.3904376 19.504599 0 0 1.761874 0.5
13.035089 0.60015303 0 0 4.731547 0.5
2.7940421 19.07229 0 0 0.313065 0.5
13.918254 2.660965 0 0 0.087229 0.5
18.526254 20.016555 0 0 5.713071 0.5
4.5876059 21.942232 0 0 0.34983 0.5
1.4534591 18.795739 0 0 2.015368 0.5
15.013292 9.8268937 0 0 0.42176 0.5
1.6747142 13.610232 0 0 5.580866 0.5
18.063076 25.591774 0 0 4.066321 0.5
8.1203702 24.973202 0 0 5.863794 0.5
15.670419 17.490527 0 0 5.355125 0.5
15.537078 27.35034 0 0 5.404824 0.5
3.3202414 18.056131 0 0 1.361005 0.5
20.794236 3.4906189 0 0 5.19755 0.5
26.306249 13.788082 0 0 5.853071 0.5
8.2836785 3.089376 0 0 2.830697 0.5
6.5130092 19.551958 0 0 3.251414 0.5
13.968808 24.406723 0 0 3.305262 0.5
7.1045964 24.268171 0 0 3.841898 0.5
4.8920248 20.514631 0 0 4.917041 0.5
10.60051 3.2959887 0 0 1.726803 0.5
24.08371 15.29545 0 0 2.534849 0.5
6.1994982 23.558021 0 0 1.985571 0.5
24.14961 8.8611583 0 0 5.636684 0.5
0.65760795 15.528723 0 0 0.642493 0.5
18.977109 4.8117029 0 0 5.796573 0.5
24.053866 21.149939 0 0 4.738871 0.5
17.436195 24.658623 0 0 1.568073 0.5
9.619001 3.8956729 0 0 2.749741 0.5
23.647328 7.8495465 0 0 1.171823 0.5
10.341905 2.2007653 0 0 2.226958 0.5
0.82821776 16.638517 0 0 1.548545 0.5
2.5725349 10.335395 0 0 3.653333 0.5
6.0149544 20.558766 0 0 4.394256 0.5
13.649525 1.5642622 0 0 0.605652 0.5
27.33604 12.408766 0 0 3.106146 0.5
21.661617 4.2202805 0 0 3.095002 0.5
23.660377 4.6581694 0 0 1.841384 0.5
11.254335 4.2756907 0 0 6.034028 0.5
1.0902164 17.730209 0 0 1.857551 0.5
17.125315 6.3664709 0 0 1.702664 0.5
15.965867 26.254365 0 0 1.16125 0.5
23.069238 6.8721988 0 0 4.720586 0.5
19.090685 21.532191 0 0 0.205718 0.5
19.727165 2.9325994 0 0 5.820667 0.5
12.517457 26.307844 0 0 3.894129 0.5
7.6582801 2.1544054 0 0 3.074393 0.5
20.715472 2.3698816 0 0 0.467747 0.5
5.6545697 15.474554 0 0 5.60533 0.5
1.8976503 19.828706 0 0 6.227367 0.5
3.7820586 10.060762 0 0 5.177094 0.5
16.872792 5.25143 0 0 0.203779 0.5
11.913824 0.72758064 0 0 6.095105 0.5
11.680309 2.9853072 0 0 5.150288 0.5
7.9993628 22.275753 0 0 3.059892 0.5
10.908942 24.9971 0 0 3.692189 0.5
14.27855 25.486379 0 0 3.246869 0.5
25.78719 10.418496 0 0 2.032293 0.5
4.2607855 19.514069 0 0 6.136396 0.5
8.6785472 1.6602244 0 0 4.563161 0.5
22.045913 12.791912 0 0 5.916686 0.5
14.855904 26.449756 0 0 1.344992 0.5
25.155128 12.339078 0 0 3.633442 0.5
22.314644 6.0382588 0 0 2.78777 0.5
5.8775834 4.7241212 0 0 1.483056 0.5
23.453745 5.7669308 0 0 0.879468 0.5
23.371221 17.491021 0 0 4.923104 0.5
22.99629 23.977523 0 0 5.350229 0.5
19.148045 25.303919 0 0 1.508644 0.5
24.803788 21.986135 0 0 4.32761 0.5
2.8721189 12.052925 0 0 1.3724 0.5
15.627548 5.0294999 0 0 2.64206 0.5
25.696574 18.212101 0 0 2.466218 0.5
0.58037834 13.284269 0 0 0.69625 0.5
19.605446 22.610843 0 0 0.502972 0.5
8.665067 17.102874 0 0 4.066135 0.5
17.922179 4.4259689 0 0 3.026607 0.5
11.910739 23.336307 0 0 6.171553 0.5
13.162022 25.369547 0 0 3.767955 0.5
1.4586562 10.086683 0 0 5.349705 0.5
14.158128 0.56301724 0 0 3.28374 0.5
6.1992622 24.934035 0 0 1.964272 0.5
19.61066 1.8083887 0 0 1.170799 0.5
17.082438 26.139478 0 0 0.802835 0.5
3.2978734 20.091014 0 0 5.063896 0.5
9.3777819 2.7879298 0 0 2.243796 0.5
19.273097 5.9052413 0 0 5.270568 0.5
23.388042 20.113558 0 0 5.757172 0.5
3.7218729 22.656899 0 0 5.271397 0.5
26.030337 17.14007 0 0 3.151318 0.5
25.234488 14.604993 0 0 0.221595 0.5
5.7731025 3.5333266 0 0 1.510648 0.5
0.89622472 11.060003 0 0 5.29405 0.5
2.4261224 20.819398 0 0 2.737677 0.5
24.143984 18.946094 0 0 4.134415 0.5
9.8892164 24.520659 0 0 1.432456 0.5
22.871534 22.856113 0 0 2.840655 0.5
25.135808 15.729777 0 0 2.899005 0.5
21.445808 7.5859446 0 0 4.137855 0.5
18.854151 3.6894212 0 0 1.992807 0.5
18.654384 2.522107 0 0 0.375558 0.5
26.529636 9.1439228 0 0 0.629977 0.5
15.489539 2.5253235 0 0 5.301885 0.5
6.7717414 16.673146 0 0 1.197725 0.5
16.393202 0.78545519 0 0 2.939026 0.5
25.222763 13.482298 0 0 3.912909 0.5
5.0419124 10.755264 0 0 3.115045 0.5
25.437753 21.05326 0 0 1.662001 0.5
18.124047 5.5537967 0 0 0.131507 0.5
