# x y vx vy theta radius
11.777934 26.136843 0.035905338 -0.061254427 1.914561 0.5
5.5003675 22.853796 0 0 1.764168 0.5
8.0272359 22.153065 0 0 3.951996 0.5
2.8950697 15.30953 0 0 4.259518 0.5
18.325381 24.49007 0 0 1.882067 0.5
9.6281884 26.671151 0.0056552473 -0.0062669446 0.92276 0.5
23.946158 11.261755 0 0 4.981497 0.5
14.366731 20.343407 0 0 0.663689 0.5
23.053046 12.624501 0 0 4.599871 0.5
26.41772 15.097342 -0.0014418727 0.0014206877 3.315122 0.5
13.614861 1.5588932 0 0 5.224588 0.5
21.885363 9.3962515 0 0 4.739779 0.5
24.905566 6.1516485 0 0 0.624425 0.5
5.6860807 24.551141 0.0073938665 0.0084773092 0.734434 0.5
2.6765494 21.232707 0.0059440615 0.0060557181 4.989084 0.5
4.4130986 20.973559 0 0 2.508867 0.5
13.459389 2.8500248 0 0 5.939565 0.5
25.222224 12.690027 -5.834111e-05 -8.833379e-06 0.028815 0.5
8.4741685 10.426691 0 0 3.449449 0.5
21.852373 17.494442 -0.002017202 -0.0014430452 0.592282 0.5
13.580634 26.238435 0.00034813763 -1.7208755e-05 6.045768 0.5
19.706674 19.612332 0 0 0.890473 0.5
2.928355 16.530512 0 0 2.353219 0.5
19.739354 18.462465 0 0 1.672869 0.5
3.4371154 20.407123 0 0 4.21507 0.5
22.842189 11.513504 0 0 0.4829 0.5
8.5671389 26.283161 0.0015763345 -0.00037534819 6.274711 0.5
26.463562 19.026444 -0.0033177544 0.00052350489 1.301021 0.5
20.712426 15.537878 0 0 3.538852 0.5
0.58322069 13.253495 0 0 1.72413 0.5
25.87101 10.66062 0 0 0.779811 0.5
26.880062 10.16555 0 0 1.209651 0.5
27.338485 12.361533 0.00027081925 -0.0004259869 5.377079 0.5
0.95110502 17.054733 0 0 3.122843 0.5
21.546853 7.5555491 0 0 4.105439 0.5
2.1114849 20.261046 -0.024988206 -0.057474785 2.246795 0.5
23.079117 5.6779532 0 0 3.468535 0.5
2.6381399 6.9263888 0 0 5.532293 0.5
23.999588 16.747862 -0.0069477992 -0.0020311519 0.531572 0.5
24.358424 9.4318482 0 0 5.261584 0.5
8.3122949 5.3601453 0 0 0.040113 0.5
24.761705 10.486528 0 0 4.576591 0.5
23.019513 9.2180786 0 0 0.209824 0.5
15.850765 1.7702611 0 0 1.770879 0.5
23.990081 19.213848 0 0 4.791815 0.5
27.12497 16.882241 -0.0057761258 0.0021930508 2.522673 0.5
2.6826334 8.9275668 0 0 3.232151 0.5
23.543681 10.212168 0 0 0.943125 0.5
21.189815 22.716208 0 0 1.031271 0.5
19.33116 23.976824 -0.00068689 -0.0023474155 1.523797 0.5
26.061752 8.0759052 0 0 1.787492 0.5
16.119538 4.0175699 0 0 3.056837 0.5
22.764662 18.147172 -0.0040320774 -0.0020104063 3.332967 0.5
22.912983 17.033487 0 0 3.889918 0.5
2.0405311 17.353458 -0.0035003414 -0.010804836 1.775857 0.5
22.038596 21.975142 0 0 4.33857 0.5
22.436884 8.2545442 0 0 2.652322 0.5
26.22988 16.203666 -0.0092926438 -0.0017198453 1.360759 0.5
14.118148 3.7931555 0 0 1.350476 0.5
9.441583 24.393881 -0.0020026629 -0.013270608 3.139709 0.5
22.358373 4.813778 0 0 3.877928 0.5
11.468622 2.1184637 0 0 4.111005 0.5
1.6922728 15.119189 0 0 4.354529 0.5
5.6392059 4.9169387 0 0 1.958136 0.5
6.4293489 2.8968681 0 0 1.935129 0.5
24.117026 22.842614 -0.0036922972 0.0045410304 0.983243 0.5
9.8001185 10.989835 0 0 4.524452 0.5
24.111025 13.489292 0 0 4.628506 0.5
6.6824233 9.7505095 0 0 4.619789 0.5
4.2847078 19.669798 0 0 6.246698 0.5
1.2272954 18.176597 -0.025883694 -0.069537034 2.597917 0.5
7.4008216 19.799971 0 0 5.540445 0.5
10.751538 0.96299089 0 0 1.135786 0.5
27.428927 13.480239 0.0010300981 -0.0016232008 0.649744 0.5
2.0287131 7.8967311 0 0 4.647872 0.5
25.103404 19.373217 -0.0023960182 -0.0018490916 3.116928 0.5
23.439239 4.4361575 0 0 1.058365 0.5
25.311627 15.296481 0 0 1.223223 0.5
24.146237 12.366339 0 0 6.185729 0.5
22.164547 20.180963 0 0 5.03693 0.5
6.4831676 4.1611928 0 0 0.158334 0.5
8.5487136 25.130203 0.00065527657 -0.00054970237 0.09489 0.5
22.038816 16.265596 0 0 3.182579 0.5
19.424436 21.710087 0 0 5.999337 0.5
26.837785 17.970682 0.0073149763 -0.024970491 0.712677 0.5
21.789928 5.8064247 0 0 1.70588 0.5
26.148091 11.750459 0 0 5.092516 0.5
10.249626 18.993354 0 0 0.506989 0.5
2.0164693 11.289891 0 0 4.452103 0.5
17.219317 3.1309785 0 0 3.429354 0.5
16.426179 27.108457 -0.0016855645 -0.00089086019 5.942963 0.5
20.542263 3.4807113 0 0 2.062723 0.5
5.4436123 17.878306 0 0 2.598321 0.5
3.9381626 8.7541947 0 0 6.159219 0.5
27.425052 14.602655 0.004954905 -0.0023814762 1.488917 0.5
17.561291 12.31555 0 0 1.927238 0.5
10.980969 3.1862033 0 0 3.98558 0.5
25.568067 18.349422 -0.0052737315 -0.0040431648 3.515453 0.5
15.588479 17.037299 0 0 3.362574 0.5
14.195697 27.430902 -0.00060081329 0.0014597404 2.617045 0.5
24.821405 21.967892 -3.1591244e-05 0.0024936142 4.416501 0.5
20.298016 23.405418 0 0 2.357123 0.5
18.036176 21.957333 0 0 0.027213 0.5
19.722506 1.8420761 0 0 3.270335 0.5
10.3458 2.0320043 0 0 5.133302 0.5
24.469964 14.552912 0 0 4.163048 0.5
25.124093 16.403774 0 0 3.93618 0.5
25.034766 8.5299737 0 0 5.951127 0.5
15.413049 13.035587 0 0 4.082451 0.5
1.8260601 16.237619 0 0 1.780305 0.5
23.154129 15.936101 0 0 2.847882 0.5
25.522576 7.0913823 0 0 1.767937 0.5
5.181863 18.970889 0 0 0.00135 0.5
9.4464726 3.8814496 0 0 5.312468 0.5
20.894122 18.079836 0 0 0.320289 0.5
6.6167375 23.877395 0 0 0.581132 0.5
17.538539 26.950752 -0.003071609 0.0048836895 3.087421 0.5
1.3938356 14.034181 0 0 3.560403 0.5
21.016337 16.73925 0 0 0.555117 0.5
5.5281402 3.5686221 0 0 6.220608 0.5
24.168649 5.2959117 0 0 5.652715 0.5
21.952069 12.877442 0 0 0.827952 0.5
25.312487 13.808963 -0.0013351559 -0.00020083993 1.054048 0.5
2.5026734 14.212482 0 0 0.319962 0.5
21.558504 23.789991 0 0 2.464344 0.5
23.343095 23.658981 -0.0032123564 0.0012317163 3.780782 0.5
25.449892 21.034971 -0.0015319812 0.0010377671 0.745414 0.5
11.066714 20.814243 0 0 3.348875 0.5
19.650856 26.188513 -0.0045542317 0.00096066166 5.365761 0.5
17.854521 8.6666411 0 0 0.445642 0.5
7.5594323 25.791026 0.01478173 0.010540399 2.979068 0.5
15.324823 27.36455 -0.0022631057 4.5416597e-05 2.813895 0.5
4.6887715 4.3139461 0 0 4.039246 0.5
20.935202 12.224608 0 0 4.602055 0.5
17.921299 25.67252 0 0 1.676583 0.5
15.33692 0.64766575 0 0 1.207935 0.5
14.605606 15.007861 0 0 6.164191 0.5
23.910746 21.308436 -0.00053316315 -0.00038648583 1.491784 0.5
21.82134 18.753716 -0.0065372174 0.0042001205 6.269379 0.5
20.616395 24.48573 0 0 0.35856 0.5
19.651546 25.062205 0.00066853638 1.174374e-05 0.326238 0.5
0.89855232 11.023608 0 0 1.608548 0.5
26.422187 13.975491 -0.0016680161 -0.0072095041 2.616667 0.5
8.3722593 4.2129841 0 0 0.410672 0.5
22.387107 6.7614567 0 0 3.210668 0.5
20.545149 7.0170074 0 0 0.309541 0.5
4.0402389 23.016181 -0.016104553 -0.020675854 1.761874 0.5
18.173472 2.4367266 0 0 4.731547 0.5
1.9888941 12.987217 0 0 0.313065 0.5
17.593937 1.0834619 0 0 0.087229 0.5
11.852147 0.74013234 0 0 5.713071 0.5
22.400026 23.042814 0 0 0.34983 0.5
15.98206 14.681794 0 0 2.015368 0.5
2.6273831 10.185423 0 0 0.42176 0.5
23.194887 22.196389 0 0 5.580866 0.5
23.252531 7.4775587 0 0 4.066321 0.5
9.4309925 1.3802827 0 0 5.863794 0.5
3.9465368 7.0644335 0 0 5.355125 0.5
13.067348 27.334106 -0.0032027901 -0.0051805235 5.404824 0.5
7.6205299 24.443799 -0.0018923518 -0.0014303867 1.361005 0.5
3.72761 9.8783099 0 0 5.19755 0.5
6.591896 25.211093 0.0015178767 -0.0032366894 5.853071 0.5
4.2052452 5.3294661 0 0 2.830697 0.5
3.3217173 22.154511 0.0032447909 0.0009866924 3.251414 0.5
2.9723475 19.38375 0 0 3.305262 0.5
15.18658 4.7436925 0 0 3.841898 0.5
18.674947 1.4109311 0 0 4.917041 0.5
22.799147 21.139979 0 0 1.726803 0.5
14.587193 2.7717312 0 0 2.534849 0.5
4.3073647 17.572875 0 0 1.985571 0.5
20.722987 2.3692767 0 0 5.636684 0.5
21.602681 25.078793 -0.004009654 0.0020352618 0.642493 0.5
21.47741 4.1112837 0 0 5.796573 0.5
26.33198 12.857949 -0.0011356021 -0.010994487 4.738871 0.5
23.360612 14.824933 0 0 1.568073 0.5
26.514502 9.1040829 0 0 2.749741 0.5
7.9377668 14.92512 0 0 1.171823 0.5
21.716144 11.412313 0 0 2.226958 0.5
4.3839446 11.085042 0 0 1.548545 0.5
3.1759931 7.9128605 0 0 3.653333 0.5
0.69234161 12.1333 0 0 4.394256 0.5
7.383012 2.3037605 0 0 0.605652 0.5
23.834687 6.5124847 0 0 3.106146 0.5
12.327713 2.8517874 0 0 3.095002 0.5
4.557173 13.661176 0 0 1.841384 0.5
8.3848771 1.7922902 0 0 6.034028 0.5
7.5055289 23.167579 0 0 1.857551 0.5
6.5770832 22.509399 0 0 1.702664 0.5
4.8219079 23.817107 -0.0036323236 0.0088131089 1.16125 0.5
16.730588 16.357347 0 0 4.720586 0.5
0.73390925 15.948653 0 0 0.205718 0.5
13.084712 10.947185 0 0 5.820667 0.5
7.3159634 10.706049 0 0 3.894129 0.5
9.4686624 2.7365717 0 0 3.074393 0.5
17.418341 4.259434 0 0 0.467747 0.5
10.720717 25.72589 -0.37676144 -0.15982245 5.60533 0.5
8.3532793 2.9145236 0 0 6.227367 0.5
13.030641 0.59874134 0 0 5.177094 0.5
8.6631218 23.578942 0 0 0.203779 0.5
12.496562 1.662958 0 0 6.095105 0.5
4.6617173 22.07318 0 0 5.150288 0.5
25.997695 20.052801 -0.0014873884 -0.0049100299 3.059892 0.5
3.6250972 14.322434 0 0 3.692189 0.5
23.019169 13.754983 0 0 3.246869 0.5
23.442505 20.209025 0 0 2.032293 0.5
22.415828 10.428218 0 0 6.136396 0.5
16.10196 2.8902259 0 0 4.563161 0.5
21.926198 14.06819 0 0 5.916686 0.5
22.599936 3.6778641 0 0 1.344992 0.5
11.440783 19.589409 0 0 3.633442 0.5
21.412222 21.015264 0 0 2.78777 0.5
0.58887732 14.835584 0 0 1.483056 0.5
21.688048 2.9938792 0 0 0.879468 0.5
9.6108924 25.510663 0.0012146317 0.00091671413 4.923104 0.5
20.79759 19.22336 0 0 5.350229 0.5
24.840674 17.492496 -0.0024912511 0.0019192946 1.508644 0.5
16.946193 2.0164548 0 0 4.32761 0.5
7.2446457 4.9920336 0 0 1.3724 0.5
3.839285 18.631782 0 0 2.64206 0.5
24.476979 7.5022076 0 0 2.466218 0.5
12.680955 19.647834 0 0 0.69625 0.5
23.88566 18.082516 0.00076284262 0.0065253745 0.502972 0.5
7.0829459 21.470582 0 -1.0490769e-16 4.066135 0.5
22.50357 24.404884 -0.0048807986 0.0023694323 3.026607 0.5
16.451951 0.7870313 0 0 6.171553 0.5
15.167562 21.797328 1.593842e-13 -1.2290243e-13 3.767955 0.5
1.6322785 19.247515 0.010751141 0.017445512 5.349705 0.5
7.3924847 3.4983798 0 0 3.28374 0.5
27.321393 15.772823 0.0034585791 -0.024527815 1.964272 0.5
3.1855327 17.624533 0.027264528 -0.027268818 1.170799 0.5
1.5563003 8.9283783 0 0 0.802835 0.5
18.601304 26.589141 -0.0023492576 0.0023274679 5.063896 0.5
3.2961638 5.9942246 0 0 2.243796 0.5
18.607471 3.7235731 0 0 5.270568 0.5
24.55684 20.354025 -0.00083100479 -0.0006416747 5.757172 0.5
14.165271 0.57119902 0 0 5.271397 0.5
23.844637 8.4325116 0 0 3.151318 0.5
24.247088 15.653343 0.00077329616 -0.0034291615 0.221595 0.5
25.944834 17.288894 -6.6072194e-05 -0.00057956342 1.510648 0.5
2.3917438 18.421258 0.021282881 -0.011153937 5.29405 0.5
1.4729133 10.050788 0 0 2.737677 0.5
20.649122 25.675723 -0.0025214864 0.0013230703 4.134415 0.5
20.558364 21.749997 0 0 1.432456 0.5
10.702755 27.028055 0.010160569 0.0034683427 2.840655 0.5
18.670706 17.497251 0 0 2.899005 0.5
22.823288 19.270672 0 0 4.137855 0.5
22.253995 15.146073 0 0 1.992807 0.5
25.037641 11.581231 0 0 0.375558 0.5
20.011402 17.241413 0 0 0.629977 0.5
19.094784 22.821942 0 0 5.301885 0.5
25.473718 9.6037601 0 0 1.197725 0.5
19.534811 2.9516794 0 0 2.939026 0.5
14.73794 1.6008432 0 0 3.912909 0.5
27.154933 11.254128 0 0 3.115045 0.5
21.072983 10.488298 0 0 1.662001 0.5
15.544614 20.477644 0 0 0.131507 0.5
