# x y vx vy theta radius
14.740159 6.9504656 -0.086141251 0.23478036 0.52589655 0.5
6.1993747 23.516748 0 0 1.764168 0.5
14.518225 26.44006 0 0 3.951996 0.5
17.464678 26.971117 0 0 4.259518 0.5
13.927535 27.430414 0 0 1.882067 0.5
3.2607481 22.076694 0 0 0.92276 0.5
14.399846 21.974931 0 0 4.981497 0.5
26.304649 14.546882 0 0 0.663689 0.5
2.0248594 16.898696 0 0 4.599871 0.5
4.4064236 4.5907068 0 0 3.315122 0.5
22.923352 11.430808 0 0 5.224588 0.5
1.7563702 14.669395 0 0 4.739779 0.5
26.076852 8.1139842 0 0 0.624425 0.5
10.111014 25.718258 0 0 0.734434 0.5
22.291231 24.561404 0 0 4.989084 0.5
12.736419 20.858107 0 0 2.508867 0.5
24.009686 5.0523633 0 0 5.939565 0.5
17.825862 25.805573 0 0 0.028815 0.5
0.56506377 13.681834 0 0 3.449449 0.5
26.466853 19.016762 0 0 0.592282 0.5
4.8928646 9.2186385 0 0 6.045768 0.5
4.624297 13.133005 0 0 0.890473 0.5
3.7538392 7.1714346 0 0 2.353219 0.5
21.135378 3.8432651 0 0 1.672869 0.5
9.9359876 22.070709 0 0 4.21507 0.5
12.764697 25.274609 0 0 0.4829 0.5
12.484765 24.185348 0 0 6.274711 0.5
21.773229 15.862807 0 0 1.301021 0.5
16.310601 13.07822 0 0 3.538852 0.5
2.3265257 17.99321 0 0 1.72413 0.5
14.987827 2.6539874 0 0 0.779811 0.5
27.321827 15.767003 0 0 1.209651 0.5
10.582042 26.99619 0 0 5.377079 0.5
5.7901062 21.715359 0 0 3.122843 0.5
13.975572 18.626897 0 0 4.105439 0.5
0.63852571 12.561762 0 0 2.246795 0.5
22.523705 21.351828 0 0 3.468535 0.5
23.097514 12.559284 0 0 5.532293 0.5
24.038519 15.924752 0 0 0.531572 0.5
22.611515 10.345078 0 0 5.261584 0.5
23.902728 7.268489 0 0 0.040113 0.5
13.413321 5.5219772 -0.0064751594 -0.01423279 4.576591 0.5
27.34325 12.40695 0 0 0.209824 0.5
3.9273126 19.268324 0 0 1.770879 0.5
25.136219 16.162567 0 0 4.791815 0.5
21.92809 14.31034 0 0 2.522673 0.5
1.8498842 8.2585493 0 0 3.232151 0.5
27.127848 16.873171 0 0 0.943125 0.5
24.037087 22.906847 0 0 1.031271 0.5
11.342076 12.850332 0 0 1.523797 0.5
16.788494 16.092565 0 0 1.787492 0.5
15.570427 0.69163792 0 0 3.056837 0.5
7.4644002 25.742182 0 0 3.332967 0.5
25.344214 19.018155 0 0 3.889918 0.5
0.80553456 11.451766 0 0 1.775857 0.5
9.734102 20.96567 0 0 4.33857 0.5
19.862132 22.490427 0 0 2.652322 0.5
11.996256 21.791191 0 0 1.360759 0.5
13.254797 21.859781 0 0 1.350476 0.5
21.126913 24.182824 0 0 3.139709 0.5
14.326173 23.097576 0 0 3.877928 0.5
27.429908 13.526268 0 0 4.111005 0.5
12.154721 18.424935 0 0 4.354529 0.5
7.5353224 23.15914 0 0 1.958136 0.5
10.901022 17.955336 0 0 1.935129 0.5
22.903195 5.2412115 0 0 0.983243 0.5
6.5072292 25.155008 0 0 4.524452 0.5
3.3940194 10.628733 0 0 4.628506 0.5
2.5962995 9.1276151 0 0 4.619789 0.5
5.5993986 24.489525 0 0 6.246698 0.5
20.063453 3.4987087 0 0 2.597917 0.5
15.004965 25.415565 0 0 5.540445 0.5
6.0785665 4.5702796 0 0 1.135786 0.5
25.716761 17.959251 0 0 0.649744 0.5
23.588808 21.875748 0 0 4.647872 0.5
4.5329785 15.167185 0 0 3.116928 0.5
24.792665 7.9527775 0 0 1.058365 0.5
20.901527 6.2979538 0 0 1.223223 0.5
24.222922 12.568816 0 0 6.185729 0.5
19.891576 21.048073 0 0 5.03693 0.5
24.045581 11.460432 0 0 0.158334 0.5
1.2040963 18.106643 0 0 0.09489 0.5
25.365262 13.932355 0 0 3.182579 0.5
11.184354 26.046931 0 0 5.999337 0.5
24.805972 21.941826 0 0 0.712677 0.5
25.31904 12.810764 0 0 1.70588 0.5
25.53554 7.1084666 0 0 5.092516 0.5
16.365068 19.123684 0 0 0.506989 0.5
3.894551 21.043917 0 0 4.452103 0.5
2.8975347 11.883827 0 0 3.429354 0.5
2.6227896 21.152406 0 0 5.942963 0.5
22.043424 4.508297 0 0 2.062723 0.5
11.681333 27.237111 0 0 2.598321 0.5
9.3910044 7.7702224 -4.550339e-13 5.9831282e-13 6.159219 0.5
23.725817 17.040684 0 0 1.488917 0.5
3.8641609 14.230604 0 0 1.927238 0.5
11.630015 20.619918 0 0 3.98558 0.5
25.443862 21.017348 0 0 3.515453 0.5
16.361102 27.222737 0 0 3.362574 0.5
22.126809 8.8044101 0 0 2.617045 0.5
23.311732 20.223029 0 0 4.416501 0.5
24.847003 17.24869 0 0 2.357123 0.5
19.037554 25.440049 0 0 0.027213 0.5
25.189509 15.041295 0 0 3.270335 0.5
3.119544 8.130317 0 0 5.133302 0.5
12.281194 26.288201 0 0 4.163048 0.5
3.1184549 17.15441 0 0 3.93618 0.5
22.101106 13.136925 0 0 5.951127 0.5
26.842185 17.958752 0 0 4.082451 0.5
1.7764121 12.391071 0 0 1.780305 0.5
24.200692 20.934031 0 0 2.847882 0.5
27.422702 14.649005 0 0 1.767937 0.5
26.892426 10.209041 0 0 0.00135 0.5
22.651256 6.3375672 0 0 5.312468 0.5
7.0495416 2.5164576 0 0 0.320289 0.5
22.852052 22.723173 0 0 0.581132 0.5
12.070011 23.036273 0 0 3.087421 0.5
4.4685331 6.3016918 0 0 3.560403 0.5
4.5965963 21.937594 0 0 0.555117 0.5
3.7827149 9.0387678 0 0 6.220608 0.5
20.007364 26.007788 0 0 5.652715 0.5
16.76794 0.86486947 0 0 0.827952 0.5
17.029582 2.1039027 0 0 1.054048 0.5
9.5089086 26.666088 0 0 0.319962 0.5
5.2733074 5.4088153 0 0 2.464344 0.5
26.244985 12.173435 0 0 3.780782 0.5
13.122636 19.803995 0 0 0.745414 0.5
7.0960631 24.198142 0 0 3.348875 0.5
11.659258 25.024946 0 0 5.365761 0.5
3.2020904 20.126932 0 0 0.445642 0.5
12.795776 27.384556 0 0 2.979068 0.5
8.4679236 26.245863 0 0 2.813895 0.5
6.1093426 3.1301388 0 0 4.039246 0.5
21.789455 5.6106712 0 0 4.602055 0.5
23.348511 18.306217 0 0 1.676583 0.5
23.176307 9.3701677 0 0 1.207935 0.5
15.811418 1.82927 0 0 6.164191 0.5
23.754977 8.3907176 0 0 1.491784 0.5
13.882241 25.386727 0 0 6.269379 0.5
22.946275 14.853711 0 0 0.35856 0.5
20.796761 21.812051 0 0 0.326238 0.5
15.63807 26.362276 0 0 1.608548 0.5
26.319222 13.337167 0 0 2.616667 0.5
15.583725 8.384329 0.030306236 0.1021498 0.410672 0.5
21.800987 22.323071 0 0 3.210668 0.5
25.141802 11.702075 0 0 0.309541 0.5
1.9465675 11.280691 0 0 1.761874 0.5
20.342225 2.2062757 0 0 4.731547 0.5
18.410066 21.705822 0 0 0.313065 0.5
17.868241 1.1365522 0 0 0.087229 0.5
6.6330015 22.474012 0 0 5.713071 0.5
9.5226127 24.269716 0 0 0.34983 0.5
7.2274702 4.4915037 0 0 2.015368 0.5
19.33807 1.6701833 0 0 0.42176 0.5
2.7101603 14.040391 0 0 5.580866 0.5
10.564217 24.690736 0 0 4.066321 0.5
5.3612991 22.769419 0 0 5.863794 0.5
8.4877609 23.753185 0 0 5.355125 0.5
13.395838 26.423282 0 0 5.404824 0.5
20.069483 23.76077 0 0 1.361005 0.5
17.457104 5.6286555 0 0 5.19755 0.5
24.263946 13.69099 0 0 5.853071 0.5
12.404771 7.3175627 -0.00015983523 -0.0002507162 2.830697 0.5
3.9714253 22.945642 0 0 3.251414 0.5
1.5935984 19.159361 0 0 3.305262 0.5
12.009976 19.552771 0 0 3.841898 0.5
8.0659748 24.794412 0 0 4.917041 0.5
19.82103 6.9090853 0 0 1.726803 0.5
11.391212 23.931494 0 0 2.534849 0.5
23.130261 13.69365 0 0 1.985571 0.5
21.462461 10.3122 0 0 5.636684 0.5
10.349686 23.510812 0 0 0.642493 0.5
24.298399 9.407647 0 0 5.796573 0.5
21.960642 12.01105 0 0 4.738871 0.5
21.272078 25.296044 0 0 1.568073 0.5
23.73366 10.379483 0 0 2.749741 0.5
3.4684054 18.223985 0 0 1.171823 0.5
14.439633 0.62516281 0 0 2.226958 0.5
7.7872915 3.4758206 0 0 1.548545 0.5
1.4128406 9.2924565 0 0 3.653333 0.5
1.0650348 10.359679 0 0 4.394256 0.5
3.486721 16.092444 0 0 0.605652 0.5
26.52759 9.1452695 0 0 3.106146 0.5
23.760877 6.147542 0 0 3.095002 0.5
24.883065 6.1870787 0 0 1.841384 0.5
14.398947 11.112264 4.7868966e-08 4.4593627e-08 6.034028 0.5
9.3387618 23.02117 0 0 1.857551 0.5
0.69985657 15.920944 0 0 1.702664 0.5
16.734882 26.118226 0 0 1.16125 0.5
17.093188 20.17583 0 0 4.720586 0.5
3.4523115 13.154105 0 0 0.205718 0.5
5.0182824 20.877865 0 0 5.820667 0.5
19.081171 24.315426 0 0 3.894129 0.5
14.364559 3.7953198 0 0 3.074393 0.5
23.105594 4.1297222 0 0 0.467747 0.5
14.720267 24.28967 0 0 5.60533 0.5
2.065411 20.177871 0 0 6.227367 0.5
5.2292956 3.8271925 0 0 5.177094 0.5
2.977212 6.3193721 0 0 0.203779 0.5
21.846167 7.1267353 0 0 6.095105 0.5
1.8184358 15.795052 0 0 5.150288 0.5
13.191876 22.981848 0 0 3.059892 0.5
13.969942 20.866593 0 0 3.692189 0.5
15.12768 27.384686 0 0 3.246869 0.5
18.508966 5.1101053 0 0 2.032293 0.5
0.58577422 14.804279 0 0 6.136396 0.5
13.229065 0.64187643 0 0 4.563161 0.5
14.346744 19.721249 0 0 5.916686 0.5
13.603475 24.077998 0 0 1.344992 0.5
25.771771 9.9790621 0 0 3.633442 0.5
24.880559 20.040781 0 0 2.78777 0.5
14.542601 12.301158 1.3808743e-08 4.5511187e-09 1.483056 0.5
19.18894 2.7862136 0 0 0.879468 0.5
16.585679 17.98528 0 0 4.923104 0.5
22.010471 23.46979 0 0 5.350229 0.5
18.645758 26.579025 0 0 1.508644 0.5
20.946284 23.055968 0 0 4.32761 0.5
2.3412503 10.226633 0 0 1.3724 0.5
2.7216163 19.077674 0 0 2.64206 0.5
24.832918 10.62282 0 0 2.466218 0.5
22.419504 18.946597 0 0 0.69625 0.5
8.3992233 22.387688 0 0 0.502972 0.5
23.143406 23.826853 0 0 4.066135 0.5
24.471902 18.306682 0 0 3.026607 0.5
24.0087 19.330592 0 0 6.171553 0.5
4.9563784 19.72109 0 0 3.767955 0.5
3.6552417 5.4248024 0 0 5.349705 0.5
18.212398 2.22236 0 0 3.28374 0.5
9.0695095 25.297681 0 0 1.964272 0.5
19.03072 7.7758707 0 0 1.170799 0.5
2.3717339 7.2646622 0 0 0.802835 0.5
0.90672564 17.024225 0 0 5.063896 0.5
20.782179 7.5442748 0 0 2.243796 0.5
22.915335 15.979218 0 0 5.270568 0.5
26.004425 20.040637 0 0 5.757172 0.5
10.881555 21.46242 0 0 5.271397 0.5
26.065565 11.062641 0 0 3.151318 0.5
20.224418 24.884962 0 0 0.221595 0.5
18.948131 6.1628664 0 0 1.510648 0.5
1.7043815 13.515729 0 0 5.29405 0.5
4.7534615 23.751464 0 0 2.737677 0.5
26.201192 15.664942 0 0 4.134415 0.5
5.4652247 13.950955 0 0 1.432456 0.5
10.745522 19.758488 0 0 2.840655 0.5
11.033238 22.595749 0 0 2.899005 0.5
27.163261 11.298806 0 0 4.137855 0.5
22.848694 7.6928249 0 0 1.992807 0.5
21.331326 2.7378108 0 0 0.375558 0.5
25.324102 8.947242 0 0 0.629977 0.5
11.722859 0.76727289 0 0 5.301885 0.5
13.352519 12.047277 1.422071e-08 2.0208124e-08 1.197725 0.5
22.246806 3.3983631 0 0 2.939026 0.5
26.004629 16.874107 0 0 3.912909 0.5
2.7782261 15.179083 0 0 3.115045 0.5
24.08244 14.798839 0 0 1.662001 0.5
16.106353 25.183845 0 0 0.131507 0.5
