# x y vx vy theta radius
16.891925 24.515238 -0.098234008 0.62404231 0.081170875 0.5
22.423257 19.622404 0.00039843445 -0.0074433626 1.764168 0.5
2.4948166 18.334212 0 0 3.951996 0.5
12.537175 2.7255273 0 0 4.259518 0.5
22.760854 16.914369 0 0 1.882067 0.5
24.747307 17.511144 0 0 0.92276 0.5
23.915485 8.4902988 0 0 4.981497 0.5
13.039814 3.7327115 0 0 0.663689 0.5
21.114618 2.6424397 0 0 4.599871 0.5
1.9382148 16.996574 0 0 3.315122 0.5
9.3950979 26.60743 1.7063673e-12 -4.0499649e-13 5.224588 0.5
16.603069 5.549418 0 0 4.739779 0.5
26.838948 10.043269 0 0 0.624425 0.5
21.620782 23.686096 -0.0021428208 -0.0019219472 0.734434 0.5
8.3039867 23.860171 0 0 4.989084 0.5
21.512497 12.221354 0 0 2.508867 0.5
24.475395 9.5200436 0 0 5.939565 0.5
6.7469171 6.7476955 0 0 0.028815 0.5
23.975153 16.63865 0 0 3.449449 0.5
22.46376 22.938475 0.0035367506 0.0015618181 0.592282 0.5
0.58366508 13.258788 0 0 6.045768 0.5
0.56907162 14.387622 0 0 0.890473 0.5
4.0464841 10.6027 0 0 2.353219 0.5
9.2163847 1.4422666 0 0 1.672869 0.5
4.0716562 6.5073775 0 0 4.21507 0.5
8.5216693 20.64412 1.6350789e-13 1.3463729e-13 0.4829 0.5
6.4981894 22.50121 -5.5338295e-14 -7.9224357e-13 6.274711 0.5
7.1928146 2.4144179 0 0 1.301021 0.5
11.633602 5.521368 0 0 3.538852 0.5
4.5392283 4.5145692 0 0 1.72413 0.5
27.322303 15.693309 0 0 0.779811 0.5
25.317206 6.7549188 0 0 1.209651 0.5
7.4050156 21.823802 -4.6654589e-13 -2.1274232e-12 5.377079 0.5
9.7879029 4.5451764 0 0 3.122843 0.5
5.70524 21.684374 1.5992066e-12 -4.0577306e-13 4.105439 0.5
4.0829759 8.4787161 0 0 2.246795 0.5
22.123169 3.3278081 0 0 3.468535 0.5
3.5527623 11.618931 0 0 5.532293 0.5
3.6839507 9.5286367 0 0 0.531572 0.5
22.764831 5.1420487 0 0 5.261584 0.5
23.235074 6.1622783 0 0 0.040113 0.5
23.263341 7.5661973 0 0 4.576591 0.5
23.857423 4.8700095 0 0 0.209824 0.5
20.884387 5.7636799 0 0 1.770879 0.5
26.443748 8.9283563 0 0 4.791815 0.5
25.160414 11.677822 0 0 2.522673 0.5
23.559385 17.705266 0 0 3.232151 0.5
5.7677219 7.4291981 0 0 0.943125 0.5
26.004021 20.03896 0 0 1.031271 0.5
7.8793713 3.3031766 0 0 1.523797 0.5
8.1683192 24.980588 1.1016452e-12 -5.6414497e-13 1.787492 0.5
15.310399 3.8071388 0 0 3.056837 0.5
1.6328651 14.772647 0 0 3.332967 0.5
17.270134 25.859718 1.2790126e-07 3.6880424e-08 3.889918 0.5
7.2076548 24.398527 3.3734612e-13 9.3036174e-13 1.775857 0.5
24.119297 13.837418 0 0 4.33857 0.5
3.4888379 7.4667226 0 0 2.652322 0.5
21.989889 6.0600962 0 0 1.360759 0.5
15.887144 0.69462294 0 0 1.350476 0.5
22.931143 11.436109 0 0 3.139709 0.5
8.2432417 22.575712 -2.245108e-12 -2.2794758e-12 3.877928 0.5
21.751756 11.116237 0 0 4.111005 0.5
25.449315 21.024586 -0.00090168566 -0.00078046155 4.354529 0.5
11.014946 1.9399851 0 0 1.958136 0.5
14.513218 4.7420907 0 0 1.935129 0.5
24.8911 10.585653 0 0 0.983243 0.5
2.762356 14.918414 0 0 4.524452 0.5
7.7363417 4.4257575 0 0 4.628506 0.5
4.4993643 23.498354 3.3326565e-14 -3.6945331e-14 4.619789 0.5
1.4540465 18.806205 -1.0800589e-12 -1.95558e-12 6.246698 0.5
10.860133 3.0529261 0 0 2.597917 0.5
13.232863 1.6157278 0 0 5.540445 0.5
2.952354 8.4619672 0 0 1.135786 0.5
22.508914 24.396386 -0.0016547855 0.0012944696 0.649744 0.5
0.69316217 12.131915 0 0 4.647872 0.5
3.6545303 5.4593565 0 0 3.116928 0.5
20.570342 23.277421 -0.0004740987 -0.00046956929 1.058365 0.5
1.637986 13.648757 0 0 1.223223 0.5
22.43759 8.4058884 0 0 6.185729 0.5
16.693877 1.987911 0 0 5.03693 0.5
4.3946803 12.549414 0 0 0.158334 0.5
1.7251291 15.893076 0 0 0.09489 0.5
23.246041 22.133108 0.00038441791 -0.00039677278 3.182579 0.5
10.283126 1.0856981 0 0 5.999337 0.5
3.3225687 17.403003 0 0 0.712677 0.5
17.01541 3.1214764 0 0 1.70588 0.5
3.0474727 21.782901 4.4741035e-13 9.8173643e-14 5.092516 0.5
19.639772 26.185932 0 0 0.506989 0.5
11.398097 0.81571995 0 0 4.452103 0.5
1.0931728 17.74206 -1.9348561e-13 2.9684979e-13 3.429354 0.5
20.572586 13.8864 0 0 5.942963 0.5
2.8529284 16.334417 0 0 2.062723 0.5
12.581658 27.318388 0 0 2.598321 0.5
9.7987792 3.4195542 0 0 6.159219 0.5
3.2777435 12.708553 0 0 1.488917 0.5
4.3633297 19.779379 0 0 1.927238 0.5
24.320757 18.552914 0 0 3.98558 0.5
17.616091 14.205259 0 0 3.515453 0.5
19.030444 22.684422 -0.00087666134 0.0011877823 3.362574 0.5
10.255021 22.150998 7.6245547e-13 -2.5993722e-13 2.617045 0.5
26.840488 17.948111 0 0 4.416501 0.5
24.171234 6.7907229 0 0 2.357123 0.5
2.7606882 13.756196 0 0 0.027213 0.5
23.188817 18.768637 -0.0010192735 -0.003055608 3.270335 0.5
15.039167 5.8790103 0 0 5.133302 0.5
17.783436 2.2934718 0 0 4.163048 0.5
22.990808 4.0402431 0 0 3.93618 0.5
10.418241 25.920843 0 0 5.951127 0.5
24.055904 11.459278 0 0 4.082451 0.5
14.180286 3.6649743 0 0 1.780305 0.5
14.364662 1.660933 0 0 2.847882 0.5
25.081355 16.429091 -0.001085141 -0.0010754133 1.767937 0.5
2.8991487 10.698485 0 0 0.00135 0.5
2.3561145 7.2979049 0 0 5.312468 0.5
25.237639 13.952836 0 0 0.320289 0.5
6.6852801 5.2390485 0 0 0.581132 0.5
24.138568 12.589333 0 0 3.087421 0.5
14.770129 0.58351518 0 0 3.560403 0.5
9.3412463 22.835765 -7.6332191e-13 6.2029204e-12 0.555117 0.5
2.0981133 12.619008 0 0 6.220608 0.5
7.287534 20.693637 6.6677969e-13 -7.0760402e-14 5.652715 0.5
21.010647 3.7624339 0 0 0.827952 0.5
26.246259 11.970684 0 0 1.054048 0.5
3.8470687 14.088559 0 0 0.319962 0.5
26.048374 10.860716 0 0 2.464344 0.5
23.543631 19.832958 -0.0039732059 -0.0010683016 3.780782 0.5
11.332636 19.754007 -3.0907362e-13 -4.2901481e-13 0.745414 0.5
21.431095 22.498839 -0.000152217 -0.00021310086 3.348875 0.5
26.153769 16.061323 0 0 5.365761 0.5
5.4064618 22.812472 -2.3084856e-12 -1.1879467e-13 0.445642 0.5
8.1841558 1.8859328 0 0 2.979068 0.5
3.7463951 22.665038 2.3089248e-13 -4.6699986e-13 2.813895 0.5
6.223212 24.943052 7.6756481e-13 -4.1375072e-13 4.039246 0.5
13.77383 27.381248 0 0 4.602055 0.5
12.525687 0.64359503 0 0 1.676583 0.5
18.533286 24.288981 4.6904797e-07 4.9586155e-07 1.207935 0.5
5.8407274 5.9983179 0 0 6.164191 0.5
26.336374 13.089932 0 0 1.491784 0.5
22.611257 12.640164 0 0 6.269379 0.5
23.932863 21.245052 1.8487686e-09 2.7984769e-08 0.35856 0.5
25.565441 18.300053 0.00023970793 0.00031912117 0.326238 0.5
22.205745 21.683143 0.00044244308 0.00098500663 1.608548 0.5
10.939985 27.045769 0 0 2.616667 0.5
20.948041 21.467783 -0.00031511189 -0.0011360083 0.410672 0.5
7.167716 25.567065 0 0 3.210668 0.5
20.643567 25.679096 0 0 0.309541 0.5
8.7974869 3.958018 0 0 1.761874 0.5
7.7714349 5.6882821 0 0 4.731547 0.5
15.912163 2.8231441 0 0 0.313065 0.5
7.177029 19.548698 -2.2137355e-13 -2.1788538e-12 0.087229 0.5
27.133133 16.810139 0 0 5.713071 0.5
19.580432 25.030306 0.00040751754 0.0075842242 0.34983 0.5
18.59075 26.599901 0 0 2.015368 0.5
19.537896 23.723629 -0.00044737051 0.0010671812 0.42176 0.5
22.310334 18.014163 0 0 5.580866 0.5
6.6144237 4.0976546 0 0 4.066321 0.5
19.928172 21.985605 0.0010756344 -0.0018194182 5.863794 0.5
12.994333 7.0883236 0 0 5.355125 0.5
1.3981745 9.3346222 0 0 5.404824 0.5
17.73075 5.5192298 0 0 1.361005 0.5
20.154365 2.0533635 0 0 5.19755 0.5
21.750795 9.3946972 0 0 5.853071 0.5
3.8800708 21.025174 -1.5103383e-12 -1.9368436e-12 2.830697 0.5
21.720881 4.663469 0 0 3.251414 0.5
26.463892 19.011455 0 0 3.305262 0.5
4.5949908 21.927656 1.0888316e-12 -6.4908991e-13 3.841898 0.5
4.9915077 13.736132 0 0 4.917041 0.5
15.485649 1.7577212 0 0 1.726803 0.5
23.139488 9.325079 0 0 2.534849 0.5
0.66970726 15.506538 0 0 1.985571 0.5
9.9151515 11.833135 0 0 5.636684 0.5
17.33039 15.872802 0 0 0.642493 0.5
18.315924 3.3578693 0 0 5.796573 0.5
5.5177292 19.64716 -1.6322986e-12 -2.6218429e-12 4.738871 0.5
20.669224 24.440786 0 0 1.568073 0.5
24.567993 20.31014 6.2010022e-05 -2.2084515e-05 2.749741 0.5
9.4951941 5.9597943 0 0 1.171823 0.5
1.8202664 10.377399 0 0 2.226958 0.5
19.409624 3.027202 0 0 1.548545 0.5
25.588005 15.087116 0 0 3.653333 0.5
24.125525 22.835618 0.00019070626 0.00011111374 4.394256 0.5
18.071748 1.206185 0 0 0.605652 0.5
15.413104 7.0613222 0 0 3.106146 0.5
1.8379458 8.2959928 0 0 3.095002 0.5
25.290301 8.7407461 0 0 1.841384 0.5
8.1901081 26.114277 7.4097814e-13 1.2257386e-13 6.034028 0.5
21.600253 25.079278 0 0 1.857551 0.5
0.90067239 11.025462 0 0 1.702664 0.5
23.351958 23.649401 0.00060726439 -0.00025196381 1.16125 0.5
9.9486878 2.2947461 0 0 4.720586 0.5
0.83240832 16.644746 -6.9257474e-13 -2.908693e-12 0.205718 0.5
15.623756 4.9068877 0 0 5.820667 0.5
24.826587 21.958809 0.00065716526 -0.00061044446 3.894129 0.5
2.5448743 9.5098302 0 0 3.074393 0.5
12.10934 1.687341 0 0 0.467747 0.5
1.9506048 11.50036 0 0 5.60533 0.5
10.512269 5.407255 0 0 6.227367 0.5
11.837807 3.6047083 0 0 5.177094 0.5
24.776943 7.7406045 0 0 0.203779 0.5
6.1623763 20.658591 -4.6747935e-14 -1.1601413e-13 6.095105 0.5
6.2530772 3.0291605 0 0 5.150288 0.5
2.9581967 6.3490652 0 0 3.059892 0.5
1.896897 19.838349 -2.0416826e-13 5.3037963e-13 3.692189 0.5
8.4418946 19.32568 -1.0912386e-13 -1.9287028e-12 3.246869 0.5
23.6949 10.354707 0 0 2.032293 0.5
4.7772302 5.6189549 0 0 6.136396 0.5
13.416436 4.9943538 0 0 4.563161 0.5
12.338056 4.6212679 0 0 5.916686 0.5
10.535497 15.2909 0 0 1.344992 0.5
18.504105 13.510559 0 0 3.633442 0.5
9.2044031 25.500625 1.9935419e-12 -1.5503322e-12 2.78777 0.5
25.241967 12.797434 0 0 1.483056 0.5
18.507461 25.447844 3.1170284e-08 9.1633159e-07 0.879468 0.5
27.138411 11.177251 0 0 4.923104 0.5
25.126946 19.335668 0.00025750543 0.00013144863 5.350229 0.5
22.896689 20.791032 1.7218461e-08 2.0995698e-07 1.508644 0.5
24.604228 5.7465886 0 0 4.32761 0.5
16.990932 0.89882582 0 0 1.3724 0.5
12.721749 5.8948042 0 0 2.64206 0.5
27.416804 14.573088 0 0 2.466218 0.5
7.3374888 23.247613 2.0247355e-12 -3.6534182e-15 0.69625 0.5
6.2410021 23.600323 -7.9790761e-13 -8.4104708e-13 0.502972 0.5
3.7294567 15.597752 0 0 4.066135 0.5
16.519212 4.1801298 0 0 3.026607 0.5
22.561419 10.289548 0 0 6.171553 0.5
21.745934 20.656981 0.00057153344 -0.00035416829 3.767955 0.5
16.994111 11.409839 0 0 5.349705 0.5
10.86862 4.2000091 0 0 3.28374 0.5
2.4337812 20.839479 -1.1999346e-13 4.8435228e-13 1.964272 0.5
4.775705 11.487944 0 0 1.170799 0.5
9.9261581 13.471195 0 0 0.802835 0.5
5.3685173 3.7302102 0 0 5.063896 0.5
10.2396 23.660558 1.7396187e-12 1.9969065e-12 2.243796 0.5
19.118596 1.6160324 0 0 5.270568 0.5
3.2758897 20.074226 0 0 5.757172 0.5
27.322194 12.298732 0 0 5.271397 0.5
25.880342 17.218501 0.0019055958 -0.0017454677 3.151318 0.5
11.975409 26.346885 0 0 0.221595 0.5
17.915771 12.526981 0 0 1.510648 0.5
9.380953 21.439647 -2.4324684e-12 -1.2464976e-12 5.29405 0.5
8.8864881 2.7634451 0 0 2.737677 0.5
5.6262274 4.8339702 0 0 4.134415 0.5
5.3273168 24.260651 1.5191726e-13 8.7549469e-14 1.432456 0.5
4.6189009 7.4894673 0 0 2.840655 0.5
20.890178 10.247218 0 0 2.899005 0.5
13.646698 0.56607315 0 0 4.137855 0.5
13.883048 6.0470016 0 0 1.992807 0.5
4.9824759 20.728279 0 0 0.375558 0.5
14.791655 2.700392 0 0 0.629977 0.5
26.342429 14.21286 0 0 5.301885 0.5
25.710458 9.7866846 0 0 1.197725 0.5
8.7624497 5.0815462 0 0 2.939026 0.5
13.666574 2.6511349 0 0 3.912909 0.5
25.921816 7.805228 0 0 3.115045 0.5
27.424372 13.442852 0 0 1.662001 0.5
9.3264023 24.328545 0 0 0.131507 0.5
