# x y vx vy theta radius
6.822358 8.6067521 0.16786255 0.58520514 2.1617643 0.5
10.845329 17.758829 0 0 1.764168 0.5
7.9313895 25.990415 0 0 3.951996 0.5
14.757878 4.5088342 0 0 4.259518 0.5
16.689636 27.166403 0 0 1.882067 0.5
23.585338 17.571154 0 0 0.92276 0.5
20.99518 12.730146 0 0 4.981497 0.5
21.652676 13.641161 0 0 0.663689 0.5
21.530483 11.611053 0 0 4.599871 0.5
22.106205 21.834375 0 0 3.315122 0.5
14.44871 27.429281 0 0 5.224588 0.5
20.520592 4.7021465 0 0 4.739779 0.5
27.390424 12.881899 0 0 0.624425 0.5
20.034079 25.980649 0 0 0.734434 0.5
11.653215 24.736918 0 0 4.989084 0.5
21.270509 8.2894495 0 0 2.508867 0.5
25.279359 12.579103 0 0 5.939565 0.5
5.8719693 21.967335 0 0 0.028815 0.5
22.28192 17.815095 0 0 3.449449 0.5
23.809956 23.184161 0 0 0.592282 0.5
0.994019 10.696998 0 0 6.045768 0.5
20.566065 14.032705 0 0 0.890473 0.5
4.2466557 6.3372736 7.2302542e-05 4.227801e-05 2.353219 0.5
10.403424 2.0196869 5.576402e-09 -4.8074279e-10 1.672869 0.5
19.506252 21.348434 0 0 4.21507 0.5
5.3441622 20.92591 0 0 0.4829 0.5
6.9538252 19.600279 0 0 6.274711 0.5
8.2721764 4.0726753 1.5097112e-08 9.6709621e-09 1.301021 0.5
21.823197 4.2337748 0 0 3.538852 0.5
2.4520152 9.4323865 0 0 1.72413 0.5
26.693204 18.413957 0 0 0.779811 0.5
26.649961 9.4656083 0 0 1.209651 0.5
19.359832 22.793694 0 0 5.377079 0.5
19.357846 18.353911 0 0 3.122843 0.5
6.9515331 25.440659 0 0 4.105439 0.5
2.8670461 8.378333 0.01893674 0.040816845 2.246795 0.5
22.39282 8.0322482 0 0 3.468535 0.5
2.3705956 11.635012 0 0 5.532293 0.5
18.852747 20.434078 0 0 0.531572 0.5
24.788874 8.0589897 0 0 5.261584 0.5
25.380208 9.163611 0 0 0.040113 0.5
16.766798 10.937207 0 0 4.576591 0.5
25.718728 7.4233909 0 0 0.209824 0.5
22.768122 11.537131 0 0 1.770879 0.5
27.229002 11.636392 0 0 4.791815 0.5
25.286067 14.822612 0 0 2.522673 0.5
22.105323 14.682033 0 0 3.232151 0.5
1.7497591 8.5356079 0 0 0.943125 0.5
25.201042 21.424141 0 0 1.031271 0.5
7.0953022 3.7909403 -1.4504959e-08 2.1162905e-08 1.523797 0.5
18.565612 21.972645 0 0 1.787492 0.5
21.745617 7.1101691 0 0 3.056837 0.5
4.3299512 23.320878 0 0 3.332967 0.5
1.7019725 19.327533 0 0 3.889918 0.5
22.28057 6.1077155 0 0 1.775857 0.5
23.084592 15.714827 0 0 4.33857 0.5
12.92123 1.8463353 1.2297344e-11 1.1903205e-11 2.652322 0.5
23.303334 12.559949 0 0 1.360759 0.5
19.79248 1.886889 0 0 1.350476 0.5
9.3514427 7.9382604 2.1024009e-05 0.00048169343 3.139709 0.5
15.944512 26.280693 0 0 3.877928 0.5
17.528221 13.90211 0 0 4.111005 0.5
24.542701 22.333489 0 0 4.354529 0.5
9.5025479 1.3397585 6.8016317e-09 -9.9465599e-10 1.958136 0.5
21.827683 3.0892851 0 0 1.935129 0.5
24.266424 13.158284 0 0 0.983243 0.5
17.202224 24.991205 0 0 4.524452 0.5
4.4889865 4.5107183 -6.5377341e-09 1.0496519e-08 4.628506 0.5
10.011764 26.831364 0 0 4.619789 0.5
6.0208653 24.812041 0 0 6.246698 0.5
12.094641 1.0468018 -1.210996e-12 -7.3097907e-13 2.597917 0.5
6.0475248 5.5852195 0.0073657785 -0.045804186 5.540445 0.5
2.7090412 14.231206 0 0 1.135786 0.5
19.663645 19.594238 0 0 0.649744 0.5
8.4088622 24.946472 0 0 4.647872 0.5
2.6335842 13.101107 0 0 3.116928 0.5
10.641953 19.112281 0 0 1.058365 0.5
2.8242344 19.473844 0 0 1.223223 0.5
21.984829 9.2719931 0 0 6.185729 0.5
22.642285 5.0390385 0 0 5.03693 0.5
17.88955 26.862215 0 0 0.158334 0.5
2.2234126 20.472319 0 0 0.09489 0.5
23.513862 21.884201 0 0 3.182579 0.5
14.252072 0.95360219 2.0253993e-11 6.4157955e-12 5.999337 0.5
20.957559 15.300167 0 0 0.712677 0.5
18.512004 14.60869 0 0 1.70588 0.5
5.1472419 24.102924 0 0 5.092516 0.5
10.488258 24.426769 0 0 0.506989 0.5
15.835522 0.7863513 0 0 4.452103 0.5
4.0078827 21.420579 0 0 3.429354 0.5
24.68561 10.095562 0 0 5.942963 0.5
16.94642 0.95400713 0 0 2.062723 0.5
15.460788 17.486029 0 0 2.598321 0.5
13.15225 0.60739158 5.1498931e-12 1.6938172e-11 6.159219 0.5
5.7660733 19.821358 0 0 1.488917 0.5
5.44595 17.841378 0 0 1.927238 0.5
25.252043 19.006949 0 0 3.98558 0.5
11.861344 19.353362 0 0 3.515453 0.5
21.089899 21.346965 0 0 3.362574 0.5
7.4137988 24.415574 0 0 2.617045 0.5
26.280522 19.457832 0 0 4.416501 0.5
24.297037 12.035065 0 0 2.357123 0.5
9.4218173 25.433556 0 0 0.027213 0.5
24.577987 18.106858 0 0 3.270335 0.5
9.556484 3.1586909 2.3089984e-11 -4.7981279e-11 5.133302 0.5
24.057543 6.8570006 0 0 4.163048 0.5
25.120281 6.4733171 0 0 3.93618 0.5
6.820388 17.44266 0 0 5.951127 0.5
21.964101 15.801161 0 0 4.082451 0.5
5.4745881 3.9534815 4.8962984e-09 1.131068e-08 1.780305 0.5
10.777493 3.1089837 2.4153373e-09 6.3894187e-09 2.847882 0.5
22.498401 19.569825 0 0 1.767937 0.5
19.399489 4.9592888 0 0 0.00135 0.5
3.0562002 6.3211678 0 0 5.312468 0.5
22.774399 16.794927 0 0 0.320289 0.5
1.3213726 9.5834416 0 0 0.581132 0.5
23.225877 14.595749 0 0 3.087421 0.5
20.798942 3.5724238 0 0 3.560403 0.5
14.404266 15.056804 0 0 0.555117 0.5
1.6620002 12.515076 0 0 6.220608 0.5
19.140868 25.288283 0 0 5.652715 0.5
24.459353 5.5655028 0 0 0.827952 0.5
26.437992 13.49727 0 0 1.054048 0.5
14.852067 26.021945 0 0 0.319962 0.5
26.383485 12.375029 0 0 2.464344 0.5
19.409244 23.940608 0 0 3.780782 0.5
18.98172 26.480909 0 0 0.745414 0.5
21.980451 23.521582 0 0 3.348875 0.5
26.015804 16.831689 0 0 5.365761 0.5
11.097306 27.120426 0 0 0.445642 0.5
8.3485407 2.8997949 2.6586089e-09 2.9342977e-09 2.979068 0.5
6.5010085 23.761093 0 0 2.813895 0.5
17.164857 23.859536 0 0 4.039246 0.5
18.251447 24.586864 0 0 4.602055 0.5
19.517912 15.927502 0 0 1.676583 0.5
3.5276373 7.3800572 0.0095969873 0.004343244 1.207935 0.5
20.921858 6.3447877 0 0 6.164191 0.5
26.390052 14.618772 0 0 1.491784 0.5
20.425248 18.763083 0 0 6.269379 0.5
24.172099 20.974952 0 0 0.35856 0.5
24.082115 19.11413 0 0 0.326238 0.5
20.283864 20.538079 0 0 1.608548 0.5
15.575237 27.345588 0 0 2.616667 0.5
21.001132 17.799032 0 0 0.410672 0.5
12.673969 26.291384 0 0 3.210668 0.5
20.173393 24.847753 0 0 0.309541 0.5
8.4626877 1.7643512 4.3457593e-09 -2.1833802e-09 1.761874 0.5
1.6709852 14.846081 0 0 4.731547 0.5
22.937195 7.0409008 0 0 0.313065 0.5
20.646097 16.390721 0 0 0.087229 0.5
25.685881 17.918199 0 0 5.713071 0.5
16.160632 24.524612 0 0 0.34983 0.5
12.846643 25.177797 0 0 2.015368 0.5
10.933795 1.009956 4.4502734e-12 6.0950209e-12 0.42176 0.5
22.842579 20.984473 0 0 5.580866 0.5
0.62245726 15.254224 0 0 4.066321 0.5
21.036834 19.705103 0 0 5.863794 0.5
5.1601572 11.80444 0 0 5.355125 0.5
2.38425 18.405811 0 0 5.404824 0.5
2.382219 7.3524321 -0.018626409 0.0038808491 1.361005 0.5
23.671523 7.9436302 0 0 5.19755 0.5
20.284986 22.157549 0 0 5.853071 0.5
14.652934 20.778109 0 0 2.830697 0.5
24.262772 9.0551707 0 0 3.251414 0.5
25.781841 20.4635 0 0 3.305262 0.5
12.203339 27.315576 0 0 3.841898 0.5
6.2385823 18.675666 0 0 4.917041 0.5
3.5596813 11.906933 0 0 1.726803 0.5
25.333901 13.700845 0 0 2.534849 0.5
3.6952588 18.020221 0 0 1.985571 0.5
20.398074 23.28517 0 0 5.636684 0.5
3.9720247 8.6108672 0 0 0.642493 0.5
23.385505 5.9030422 0 0 5.796573 0.5
18.120717 25.756519 0 0 4.738871 0.5
22.143809 24.68813 0 0 1.568073 0.5
23.079702 18.608328 0 0 2.749741 0.5
7.2063005 6.1014974 -0.0011202965 -0.0031815343 1.171823 0.5
0.76272685 11.80562 0 0 2.226958 0.5
23.086598 8.9176912 0 0 1.548545 0.5
24.160551 15.394418 0 0 3.653333 0.5
23.009037 23.971114 0 0 4.394256 0.5
22.908949 3.9428346 0 0 0.605652 0.5
23.56462 9.9349323 0 0 3.106146 0.5
6.2267233 3.0565243 4.9415426e-09 5.1480041e-09 3.095002 0.5
25.802999 10.206504 0 0 1.841384 0.5
13.325707 27.419436 0 0 6.034028 0.5
19.624675 14.801709 0 0 1.857551 0.5
3.5781833 9.6922721 0 0 1.702664 0.5
21.172174 25.364875 0 0 1.16125 0.5
7.3337234 2.3960858 2.4134278e-10 4.9747831e-09 4.720586 0.5
3.3634586 20.481175 0 0 0.205718 0.5
1.6446078 13.716556 0 0 5.820667 0.5
22.780573 22.734052 0 0 3.894129 0.5
2.8563125 15.358553 0 0 3.074393 0.5
18.701051 1.4892435 0 0 0.467747 0.5
2.8839436 21.544599 0 0 5.60533 0.5
3.2472454 10.778821 0 0 6.227367 0.5
18.580156 17.455121 0 0 5.177094 0.5
25.018581 11.168438 0 0 0.203779 0.5
21.655276 16.883604 0 0 6.095105 0.5
4.6438361 7.4082176 0.0058698952 0.012718097 5.150288 0.5
0.77412638 16.372351 0 0 3.059892 0.5
3.5828948 22.45988 0 0 3.692189 0.5
21.828894 20.502053 0 0 3.246869 0.5
23.780788 11.038255 0 0 2.032293 0.5
2.1308026 10.511668 0 0 6.136396 0.5
23.925844 16.496718 0 0 4.563161 0.5
5.021301 18.903661 0 0 5.916686 0.5
21.114921 24.236575 0 0 1.344992 0.5
24.303241 14.280368 0 0 3.633442 0.5
13.793573 26.395566 0 0 2.78777 0.5
25.144952 15.93644 0 0 1.483056 0.5
17.05325 26.104174 0 0 0.879468 0.5
27.438674 14.005774 0 0 4.923104 0.5
24.753189 20.014171 0 0 5.350229 0.5
23.500855 20.074915 0 0 1.508644 0.5
26.226554 8.4252978 0 0 4.32761 0.5
20.769965 2.4492708 0 0 1.3724 0.5
3.7235761 5.3413249 -0.00040444281 -0.00077027735 2.64206 0.5
27.017279 17.33925 0 0 2.466218 0.5
9.3115802 24.198597 0 0 0.69625 0.5
18.521149 19.213092 0 0 0.502972 0.5
14.035229 25.251845 0 0 4.066135 0.5
19.787527 3.0493792 0 0 3.026607 0.5
0.58249566 14.128427 0 0 6.171553 0.5
21.688967 18.773083 0 0 3.767955 0.5
1.8347344 15.964206 0 0 5.349705 0.5
18.398626 23.435026 0 0 3.28374 0.5
3.9250634 19.203527 0 0 1.964272 0.5
0.62651945 12.966844 0 0 1.170799 0.5
4.7599477 22.280692 0 0 0.802835 0.5
5.6335024 6.7968489 -0.010347465 -0.016320055 5.063896 0.5
21.307014 22.622881 0 0 2.243796 0.5
23.719861 4.7197095 0 0 5.270568 0.5
8.9543054 26.454667 0 0 5.757172 0.5
27.390929 15.127272 0 0 5.271397 0.5
24.911421 17.034685 0 0 3.151318 0.5
19.883542 17.26543 0 0 0.221595 0.5
22.161971 12.589234 0 0 1.510648 0.5
5.6039828 23.075866 0 0 5.29405 0.5
1.2535461 18.237788 0 0 2.737677 0.5
4.4841309 20.181328 0 0 4.134415 0.5
10.481077 25.809971 0 0 1.432456 0.5
22.506264 10.437021 0 0 2.840655 0.5
22.786212 13.561148 0 0 2.899005 0.5
18.946494 3.850174 0 0 4.137855 0.5
17.532563 22.70882 0 0 1.992807 0.5
1.6038836 17.133538 0 0 0.375558 0.5
17.764109 3.882455 0 0 0.629977 0.5
26.249162 15.733094 0 0 5.301885 0.5
26.13872 11.278834 0 0 1.197725 0.5
5.1480477 8.4808868 0.0065483284 0.015957875 2.939026 0.5
21.455489 5.33673 0 0 3.912909 0.5
26.983463 10.538163 0 0 3.115045 0.5
27.250089 16.24111 0 0 1.662001 0.5
11.566274 26.099706 0 0 0.131507 0.5
