# x y vx vy theta radius
8.9381356 3.2575884 0.4610182 0.43043182 0.90219063 0.5
5.9636333 13.210264 0 0 1.764168 0.5
5.8154124 16.406771 0 0 3.951996 0.5
9.0427235 13.335127 0 0 4.259518 0.5
1.6590449 12.226432 0 0 1.882067 0.5
27.328342 15.712771 0 0 0.92276 0.5
27.043103 10.7649 0 0 4.981497 0.5
8.1449471 14.086907 0 0 0.663689 0.5
12.774354 2.8042967 -2.8527842e-05 0.00013488812 4.599871 0.5
2.7204864 11.834257 0 0 3.315122 0.5
13.306373 12.73119 0 0 5.224588 0.5
22.000153 3.2026038 0 0 4.739779 0.5
17.333594 23.710513 0 0 0.624425 0.5
15.782554 22.255788 0 0 0.734434 0.5
11.751153 22.193307 0 0 4.989084 0.5
11.373764 26.064297 0 0 2.508867 0.5
18.919902 2.6663819 0 0 5.939565 0.5
4.831127 16.948669 0 0 0.028815 0.5
8.7283752 1.6575474 0.014895361 -0.0011896909 3.449449 0.5
14.232894 4.5915192 0 0 0.592282 0.5
4.4476212 21.866303 0 0 6.045768 0.5
3.4542438 18.113336 0 0 0.890473 0.5
4.6045666 12.855109 0 0 2.353219 0.5
20.076469 2.0220032 -6.0318158e-06 -1.4370001e-05 1.672869 0.5
1.4458742 9.2172291 0 0 4.21507 0.5
6.5518679 20.965194 0 0 0.4829 0.5
7.286873 25.641799 0 0 6.274711 0.5
14.676335 0.58044809 3.1774522e-05 -1.5902484e-05 1.301021 0.5
13.273453 1.6582636 -1.9106221e-05 2.915922e-06 3.538852 0.5
3.0457894 8.1848024 -9.8753141e-06 1.8945841e-05 1.72413 0.5
19.342095 22.541896 0 0 0.779811 0.5
7.7225204 15.190474 0 0 1.209651 0.5
9.3170827 26.596066 0 0 5.377079 0.5
17.050011 27.087967 0 0 3.122843 0.5
11.235592 23.191082 0 0 4.105439 0.5
3.0267353 12.917645 0 0 2.246795 0.5
4.8031874 4.2479051 -0.0099600636 0.051270855 3.468535 0.5
11.24845 24.939136 0 0 5.532293 0.5
2.5620331 13.941355 0 0 0.531572 0.5
20.624676 9.9883659 0 0 5.261584 0.5
19.072817 4.9719531 0 0 0.040113 0.5
12.156117 1.8287767 0.00020914835 0.00016725773 4.576591 0.5
17.450355 24.828803 0 0 0.209824 0.5
24.080134 18.358783 0 0 1.770879 0.5
22.715424 8.5872855 0 0 4.791815 0.5
25.244156 6.6453628 0 0 2.522673 0.5
21.340413 23.879101 0 0 3.232151 0.5
5.6214833 20.32576 0 0 0.943125 0.5
17.370101 25.950064 0 0 1.031271 0.5
3.2845488 9.4632221 0 0 1.523797 0.5
11.477427 27.199846 0 0 1.787492 0.5
4.6762056 9.5460756 0 0 3.056837 0.5
3.2197175 19.983534 0 0 3.332967 0.5
20.202452 25.921464 0 0 3.889918 0.5
12.587798 27.364312 0 0 1.775857 0.5
25.584175 9.8294437 0 0 4.33857 0.5
0.80661172 11.464843 0 0 2.652322 0.5
21.758275 19.971306 0 0 1.360759 0.5
10.23489 1.1313478 8.2112903e-06 0.0001864206 1.350476 0.5
1.8764221 11.091544 0 0 3.139709 0.5
11.618965 3.0115687 0 0 3.877928 0.5
11.973546 24.042803 0 0 4.111005 0.5
19.443328 25.083253 0 0 4.354529 0.5
5.3878864 6.4513691 0.017651851 0.050161701 1.958136 0.5
27.399086 12.982251 0 0 1.935129 0.5
25.137438 10.89078 0 0 0.983243 0.5
1.6687811 19.340943 0 0 4.524452 0.5
7.6356875 2.2059201 0.0220275 -0.012367954 4.628506 0.5
13.224932 3.8724647 0 0 4.619789 0.5
4.1585997 15.997635 0 0 6.246698 0.5
5.6499576 3.4715492 -0.04032774 0.098003047 2.597917 0.5
17.902866 4.2702754 0 0 5.540445 0.5
1.6552872 14.608868 0 0 1.135786 0.5
7.2631253 24.253126 0 0 0.649744 0.5
3.0974755 10.748117 0 0 4.647872 0.5
11.017584 2.0327113 -8.5844304e-05 0.00027963313 3.116928 0.5
13.608388 26.310389 0 0 1.058365 0.5
13.688111 22.761827 0 0 1.223223 0.5
15.022881 2.7466927 -1.6870508e-05 3.9563984e-05 6.185729 0.5
12.434945 0.69267618 -7.013197e-05 2.9132931e-05 5.03693 0.5
4.5180623 20.093922 0 0 0.158334 0.5
2.9127156 16.161922 0 0 0.09489 0.5
14.559968 24.885257 0 0 3.182579 0.5
15.599224 6.8806675 0 0 5.999337 0.5
4.2105119 10.595951 0 0 0.712677 0.5
23.214969 9.5995491 0 0 1.70588 0.5
3.7911144 20.949798 0 0 5.092516 0.5
0.952505 17.213777 0 0 0.506989 0.5
23.001026 6.9331099 0 0 4.452103 0.5
26.210397 13.802917 0 0 3.429354 0.5
21.812695 14.863142 0 0 5.942963 0.5
27.268157 11.866105 0 0 2.062723 0.5
13.479805 25.193814 0 0 2.598321 0.5
1.9028402 8.1911017 0 0 6.159219 0.5
20.811998 6.3228887 0 0 1.488917 0.5
0.59863981 14.99314 0 0 1.927238 0.5
25.628946 17.946275 0 0 3.98558 0.5
25.245133 21.132459 0 0 3.515453 0.5
27.113742 16.896412 0 0 3.362574 0.5
14.392832 20.248134 0 0 2.617045 0.5
15.586189 25.340865 0 0 4.416501 0.5
23.831355 4.8390537 0 0 2.357123 0.5
15.29741 24.036277 0 0 0.027213 0.5
26.117574 11.468533 0 0 3.270335 0.5
5.5942848 19.161102 0 0 5.133302 0.5
7.5256897 6.0441734 0.00035328949 0.0013518608 4.163048 0.5
21.95107 9.4121609 0 0 3.93618 0.5
16.367226 24.533063 0 0 5.951127 0.5
22.877391 3.9118132 0 0 4.082451 0.5
20.411373 24.513134 0 0 1.780305 0.5
24.563868 5.6945411 0 0 2.847882 0.5
22.858662 11.818376 0 0 1.767937 0.5
0.64112259 12.73254 0 0 0.00135 0.5
4.6828974 7.4401788 0 0 5.312468 0.5
24.090251 8.8965806 0 0 0.320289 0.5
5.6971852 18.010473 0 0 0.581132 0.5
8.2819431 26.161429 0 0 3.087421 0.5
16.744942 2.0549594 0 0 3.560403 0.5
3.1005026 6.1528093 0 0 0.555117 0.5
0.73228919 16.112228 0 0 6.220608 0.5
6.3397454 25.039218 0 0 5.652715 0.5
25.204087 8.7557268 0 0 0.827952 0.5
19.862529 6.9489692 0 0 1.054048 0.5
3.6806491 17.013565 0 0 0.319962 0.5
9.0237257 15.055877 0 0 2.464344 0.5
20.401472 23.149774 0 0 3.780782 0.5
4.1464268 8.5183001 0 0 0.745414 0.5
21.095003 11.431955 0 0 3.348875 0.5
25.243467 19.024511 0 0 5.365761 0.5
10.280517 25.799348 0 0 0.445642 0.5
9.1133128 24.247699 0 0 2.979068 0.5
21.693227 5.4846416 0 0 2.813895 0.5
1.266143 18.293038 0 0 4.039246 0.5
18.132702 26.787498 0 0 4.602055 0.5
18.405269 23.318878 0 0 1.676583 0.5
13.638268 21.171179 0 0 1.207935 0.5
3.9537639 19.119112 0 0 6.164191 0.5
15.638318 1.8004174 5.3497683e-05 -8.1622384e-05 1.491784 0.5
16.120985 2.9887554 9.4672527e-05 2.0952569e-05 6.269379 0.5
26.385898 19.094868 0 0 0.35856 0.5
13.078669 20.185826 0 0 0.326238 0.5
14.551399 21.85222 0 0 1.608548 0.5
15.946977 27.296947 0 0 2.616667 0.5
19.056361 1.5487808 -1.510882e-05 9.207172e-06 0.410672 0.5
5.8431653 4.7106819 -0.040698198 0.085511792 3.210668 0.5
23.214968 17.048247 0 0 0.309541 0.5
20.92418 3.6840125 -6.4537154e-05 8.0902951e-05 1.761874 0.5
19.934437 3.1481284 0 0 4.731547 0.5
7.2488357 18.668567 0 0 0.313065 0.5
26.166513 12.598667 0 0 0.087229 0.5
22.965876 24.008453 0 0 5.713071 0.5
19.470276 23.868719 0 0 0.34983 0.5
2.0078319 16.829726 0 0 2.015368 0.5
14.735331 26.28694 0 0 0.42176 0.5
26.574121 14.873189 0 0 5.580866 0.5
3.8510982 5.1966472 -0.025901098 0.0024600814 4.066321 0.5
7.1448459 16.477173 0 0 5.863794 0.5
6.3702253 15.405017 0 0 5.355125 0.5
2.7030337 15.05774 0 0 5.404824 0.5
16.899209 22.496879 0 0 1.361005 0.5
13.91008 2.9250909 -4.8434896e-06 3.8086321e-05 5.19755 0.5
16.241091 23.417691 0 0 5.853071 0.5
2.3279434 17.916196 0 0 2.830697 0.5
23.441971 5.8939624 0 0 3.251414 0.5
24.429698 22.290903 0 0 3.305262 0.5
8.1717979 24.935156 0 0 3.841898 0.5
14.172828 23.831276 0 0 4.917041 0.5
13.552868 0.56936423 1.7305699e-05 1.9430692e-05 1.726803 0.5
22.020009 7.704413 0 0 2.534849 0.5
5.1929753 22.70611 0 0 1.985571 0.5
7.7678179 3.6613166 0.072722685 0.077113814 5.636684 0.5
7.2492772 4.9536637 0.00086243511 0.0010916802 0.642493 0.5
17.277998 3.3122981 0 0 5.796573 0.5
21.933489 6.5813732 0 0 4.738871 0.5
4.7428113 14.287103 0 0 1.568073 0.5
21.175966 25.361545 0 0 2.749741 0.5
13.214705 5.2263767 0 0 1.171823 0.5
9.2044209 25.448513 0 0 2.226958 0.5
10.15852 24.668134 0 0 1.548545 0.5
12.57373 23.070155 0 0 3.653333 0.5
18.233067 22.204142 0 0 4.394256 0.5
17.996745 1.1740962 -6.9126518e-06 -1.1805586e-05 0.605652 0.5
26.724036 9.6796518 0 0 3.106146 0.5
0.56763686 13.862536 0 0 3.095002 0.5
22.984209 10.698719 0 0 1.841384 0.5
10.38468 26.943004 0 0 6.034028 0.5
12.360117 25.101105 0 0 1.857551 0.5
2.1591288 20.352595 0 0 1.702664 0.5
19.185942 26.397699 0 0 1.16125 0.5
5.5102127 21.502121 0 0 4.720586 0.5
13.969616 13.659984 0 0 0.205718 0.5
4.9778262 5.4096359 -0.083350625 0.095562512 5.820667 0.5
2.2365498 10.023838 0 0 3.894129 0.5
1.5752661 13.362218 0 0 3.074393 0.5
4.2502721 6.2865622 0.038074253 0.024234883 0.467747 0.5
23.595601 7.8872152 0 0 5.60533 0.5
16.281854 26.225319 0 0 6.227367 0.5
21.835839 4.3395351 -3.0401642e-06 -5.0539717e-06 5.177094 0.5
26.319811 8.6323057 0 0 0.203779 0.5
6.0426335 23.956264 0 0 6.095105 0.5
3.8191742 14.925711 0 0 5.150288 0.5
1.0915056 10.288072 0 0 3.059892 0.5
4.9155644 23.888302 0 0 3.692189 0.5
4.5762692 18.074955 0 0 3.246869 0.5
14.867207 22.929688 0 0 2.032293 0.5
2.4240603 7.1777336 0 0 6.136396 0.5
23.696281 23.154373 0 0 4.563161 0.5
14.482276 1.6922635 0.00016916589 7.9468674e-05 5.916686 0.5
2.729305 18.973098 0 0 1.344992 0.5
11.986424 21.06447 0 0 3.633442 0.5
26.755985 18.016178 0 0 2.78777 0.5
24.432486 9.9915947 0 0 1.483056 0.5
14.83048 27.41305 0 0 0.879468 0.5
25.826756 7.6204854 0 0 4.923104 0.5
13.092964 24.137628 0 0 5.350229 0.5
6.7051011 19.750009 0 0 1.508644 0.5
20.60097 5.2000831 0 0 4.32761 0.5
11.323152 0.85453138 -4.4415417e-05 4.6760874e-05 1.3724 0.5
21.065329 2.5692456 7.3836535e-05 7.1985058e-05 2.64206 0.5
22.028918 16.758212 0 0 2.466218 0.5
12.485207 26.237522 0 0 0.69625 0.5
13.708164 27.435456 0 0 0.502972 0.5
2.7297008 21.319362 0 0 4.066135 0.5
15.801882 0.68813082 0.00030259184 1.4382502e-05 3.026607 0.5
18.934147 3.800638 0 0 6.171553 0.5
27.434217 14.104985 0 0 3.767955 0.5
22.723421 5.0270597 5.3163429e-05 4.1179957e-05 5.349705 0.5
3.5645182 7.1895949 -0.020794293 0.028524009 3.28374 0.5
25.733133 16.823655 0 0 1.964272 0.5
10.32622 13.494955 0 0 1.170799 0.5
10.147029 14.615271 0 0 0.802835 0.5
6.6500022 2.7804925 0.012147919 0.024629502 5.063896 0.5
3.7127178 13.80687 0 0 2.243796 0.5
17.847902 2.3174767 0 0 5.270568 0.5
4.1100121 23.09806 0 0 5.757172 0.5
24.710617 7.7427066 0 0 5.271397 0.5
25.720758 20.051904 0 0 3.151318 0.5
18.423828 25.557593 0 0 0.221595 0.5
5.0865716 15.365482 0 0 1.510648 0.5
19.962087 4.2771049 0 0 5.29405 0.5
6.6877723 3.949149 0.015150493 0.060450495 2.737677 0.5
5.8837861 14.349157 0 0 4.134415 0.5
12.857744 21.978465 0 0 1.432456 0.5
15.278062 3.8463074 0 0 2.840655 0.5
22.099599 24.723591 0 0 2.899005 0.5
6.3587498 5.701052 0.017667153 0.041728296 4.137855 0.5
10.104639 7.9011904 -3.3157124e-08 -1.5973774e-08 1.992807 0.5
3.3836695 22.239134 0 0 0.375558 0.5
16.910378 0.88131443 9.2227014e-05 2.2335131e-05 0.629977 0.5
5.3896623 8.4193846 0 0 5.301885 0.5
18.502355 24.437258 0 0 1.197725 0.5
1.797127 15.724439 0 0 2.939026 0.5
7.0283958 14.305584 0 0 3.912909 0.5
21.764847 10.528877 0 0 3.115045 0.5
24.128749 6.7819616 0 0 1.662001 0.5
10.146232 23.530216 0 0 0.131507 0.5
