# x y vx vy theta radius
9.1797023 21.961129 -0.067352912 -0.12902665 0.99781655 0.5
5.3104879 24.236282 3.0390322e-06 8.0470154e-06 1.764168 0.5
11.796818 27.252875 1.1778262e-11 -1.935215e-11 3.951996 0.5
26.337272 14.185285 0 0 4.259518 0.5
22.18137 24.660492 0 0 1.882067 0.5
8.2138614 22.502226 -0.3389583 0.10792444 0.92276 0.5
12.60291 1.6429711 0 0 4.981497 0.5
3.1358018 16.879194 6.5651089e-06 -1.4086338e-06 0.663689 0.5
25.164334 8.7346779 0 0 4.599871 0.5
2.1882371 7.5911968 0 0 3.315122 0.5
18.439288 24.63382 0 0 5.224588 0.5
5.1798589 16.890071 0 0 4.739779 0.5
26.680778 9.5509028 0 0 0.624425 0.5
18.195924 22.976629 0 0 0.734434 0.5
25.907929 10.851574 0 0 4.989084 0.5
22.126569 23.289452 0 0 2.508867 0.5
22.532907 3.6184372 0 0 5.939565 0.5
2.8241684 6.5411686 -4.9463498e-06 -7.7964045e-06 0.028815 0.5
24.535328 18.058223 0 0 3.449449 0.5
24.570068 22.296677 0 0 0.592282 0.5
1.657264 14.906953 -3.0868565e-06 7.4820137e-06 6.045768 0.5
0.94838383 10.801303 4.4986895e-06 -6.1936586e-07 0.890473 0.5
10.798344 0.95993136 0 0 2.353219 0.5
16.204548 4.0241099 0 0 1.672869 0.5
5.0993871 20.911346 4.3896096e-06 1.1006793e-06 4.21507 0.5
13.280283 27.364713 3.564479e-16 2.8769578e-16 0.4829 0.5
5.0510428 3.9810011 0 0 6.274711 0.5
12.565862 3.8571516 0 0 1.301021 0.5
20.516045 4.6101362 0 0 3.538852 0.5
1.5506344 12.663898 -3.44818e-06 -4.1079492e-06 1.72413 0.5
27.394499 15.08135 0 0 0.779811 0.5
21.863485 16.879767 0 0 1.209651 0.5
8.3358057 26.203772 0.182869 0.040014775 5.377079 0.5
6.3596237 23.799231 -0.015974975 -0.011675183 3.122843 0.5
14.254708 26.295835 6.9932584e-16 -1.5534778e-15 4.105439 0.5
2.6954327 13.433259 2.5862608e-06 -8.5062086e-07 2.246795 0.5
23.803536 17.00534 0 0 3.468535 0.5
23.041944 23.939367 0 0 5.532293 0.5
22.869131 16.379195 0 0 0.531572 0.5
11.320958 3.9063212 0 0 5.261584 0.5
25.177324 6.539964 0 0 0.040113 0.5
23.632798 11.211125 0 0 4.576591 0.5
25.53501 18.575316 0 0 0.209824 0.5
5.5128644 18.485089 -6.0284569e-07 -1.6089439e-05 1.770879 0.5
14.901982 7.4022306 0 0 4.791815 0.5
20.183143 23.507867 0 0 2.522673 0.5
3.0961995 11.189682 5.5843571e-06 -2.1210059e-06 3.232151 0.5
26.299106 19.415924 0 0 0.943125 0.5
22.201668 17.987064 0 0 1.031271 0.5
2.0839915 11.675916 6.9001482e-06 -4.638239e-06 1.523797 0.5
17.959569 21.838647 0 0 1.787492 0.5
15.988082 1.8428603 0 0 3.056837 0.5
4.4775336 23.480642 4.9183721e-06 -5.6831836e-06 3.332967 0.5
19.438804 22.606939 0 0 3.889918 0.5
2.7799319 14.558572 0 0 1.775857 0.5
7.0363747 3.6616244 0 0 4.33857 0.5
13.673836 3.6744513 0 0 2.652322 0.5
24.840178 11.200485 0 0 1.360759 0.5
4.5473505 7.4288984 9.5074355e-06 -5.1993563e-07 1.350476 0.5
3.6151601 5.7345663 0 0 3.139709 0.5
17.758322 26.901616 0 0 3.877928 0.5
17.168538 2.1002069 0 0 4.111005 0.5
20.29247 25.872905 0 0 4.354529 0.5
6.5270849 19.105173 -6.4257303e-06 -4.1900259e-05 1.958136 0.5
24.078005 12.243401 0 0 1.935129 0.5
24.084279 6.8040506 0 0 0.983243 0.5
21.099374 17.717444 0 0 4.524452 0.5
15.264581 0.62135901 0 0 4.628506 0.5
0.72654485 11.901701 2.2567962e-06 2.1297471e-06 4.619789 0.5
4.457484 19.944882 -3.490657e-06 -6.814775e-06 6.246698 0.5
17.474189 1.018101 0 0 2.597917 0.5
6.1493325 4.6324127 0 0 5.540445 0.5
2.0349307 17.114765 2.5761065e-06 -1.1993087e-06 1.135786 0.5
23.081229 22.314266 0 0 0.649744 0.5
13.014958 2.6929723 0 0 4.647872 0.5
22.15879 15.509721 0 0 3.116928 0.5
24.484373 5.6553978 0 0 1.058365 0.5
14.802819 3.7538713 0 0 1.223223 0.5
16.379501 2.899413 0 0 6.185729 0.5
24.927202 16.983397 0 0 5.03693 0.5
18.485842 3.5423422 0 0 0.158334 0.5
10.387236 25.881458 -5.5604105e-13 -3.8763136e-12 0.09489 0.5
25.045565 19.585532 0 0 3.182579 0.5
21.61246 5.1699344 0 0 5.999337 0.5
19.468232 4.1075815 0 0 0.712677 0.5
5.8283378 21.830716 5.9275828e-06 -6.0593525e-07 1.70588 0.5
25.761744 7.4998604 0 0 5.092516 0.5
14.540245 5.561384 0 0 0.506989 0.5
3.998078 18.915973 -1.2241e-11 -2.8410324e-11 4.452103 0.5
2.8831419 8.4727952 5.1995212e-07 -4.1236819e-06 3.429354 0.5
15.339114 4.7519908 0 0 5.942963 0.5
21.547187 2.8951965 0 0 2.062723 0.5
10.669976 27.00909 -8.8101368e-16 0 2.598321 0.5
18.545293 1.3574123 0 0 6.159219 0.5
22.652986 4.7349215 0 0 1.488917 0.5
1.7674072 16.024263 8.2297021e-06 3.9924292e-06 1.927238 0.5
16.415129 5.3278228 0 0 3.98558 0.5
21.654336 18.967343 0 0 3.515453 0.5
22.665568 21.182144 0 0 3.362574 0.5
24.454597 7.864813 0 0 2.617045 0.5
21.251908 25.289965 0 0 4.416501 0.5
26.289852 15.307204 0 0 2.357123 0.5
8.985746 19.750038 -0.010022507 -0.005442289 0.027213 0.5
27.387643 12.83761 0 0 3.270335 0.5
2.4246067 9.4975331 8.6283159e-07 -6.3467887e-06 5.133302 0.5
13.112807 21.114697 7.4784818e-10 9.9212009e-10 4.163048 0.5
3.8671971 9.0863699 2.3067678e-06 -5.08577e-06 3.93618 0.5
23.362794 20.276412 0 0 5.951127 0.5
24.220858 13.380659 0 0 4.082451 0.5
3.4029985 10.109444 -8.8001122e-07 1.0209136e-07 1.780305 0.5
4.7235575 22.050104 -2.438097e-06 -1.5272327e-05 2.847882 0.5
21.089854 22.845088 0 0 1.767937 0.5
27.008429 10.62661 0 0 0.00135 0.5
27.438223 13.959253 0 0 5.312468 0.5
8.0307186 1.9633517 0 0 0.320289 0.5
14.866263 1.6713748 0 0 0.581132 0.5
12.584167 4.9832368 0 0 3.087421 0.5
17.352753 3.460276 0 0 3.560403 0.5
8.0227458 21.07052 2.1839579e-05 -2.1417673e-05 0.555117 0.5
0.56995472 14.389687 2.4846629e-06 -1.7344706e-05 6.220608 0.5
18.824864 26.525439 2.3715632e-16 1.0931621e-16 5.652715 0.5
26.142995 11.949624 0 0 0.827952 0.5
23.215833 15.115318 0 0 1.054048 0.5
9.4237121 26.602058 1.1004207e-06 8.0578642e-06 0.319962 0.5
21.072679 16.071919 0 0 2.464344 0.5
24.07466 9.0120445 0 0 3.780782 0.5
10.13354 24.745197 4.3238794e-06 -3.6575872e-06 0.745414 0.5
3.0407346 21.755023 6.1676091e-06 9.6919016e-07 3.348875 0.5
26.707214 18.370138 0 0 5.365761 0.5
11.536522 26.160295 -1.3681887e-12 -9.1693021e-12 0.445642 0.5
9.2767892 25.476668 3.6873938e-06 -5.5984035e-07 2.979068 0.5
7.1766132 25.593193 -0.20382672 0.0070570407 2.813895 0.5
9.0577348 1.5047531 0 0 4.039246 0.5
12.417116 19.474823 3.0163437e-09 -8.8705267e-09 4.602055 0.5
5.955935 15.014502 0 0 1.676583 0.5
21.173178 24.163861 0 0 1.207935 0.5
23.341081 10.123275 0 0 6.164191 0.5
27.027822 17.294241 0 0 1.491784 0.5
7.5459542 23.362181 -0.10081599 0.12794306 6.269379 0.5
2.8664368 15.776983 7.4183231e-06 -2.8079238e-06 0.35856 0.5
15.748333 18.487298 0 0 0.326238 0.5
14.418069 27.425642 2.9176969e-16 0 1.608548 0.5
27.258074 16.195543 0 0 2.616667 0.5
3.4261357 7.4891505 2.4164555e-06 -4.3232787e-06 0.410672 0.5
21.558234 20.977839 0 0 3.210668 0.5
25.163722 12.528762 0 0 0.309541 0.5
5.5697357 19.694849 -7.7612372e-07 5.9835149e-06 1.761874 0.5
13.015943 0.59784208 0 0 4.731547 0.5
2.8342757 19.211763 3.8089527e-06 4.9233397e-06 0.313065 0.5
14.147843 2.6554813 0 0 0.087229 0.5
20.707636 21.787298 0 0 5.713071 0.5
4.0062509 21.168577 -2.4919144e-06 -1.7363268e-05 0.34983 0.5
1.4456248 18.793295 1.3919853e-06 6.6058687e-06 2.015368 0.5
13.702796 4.8125512 0 0 0.42176 0.5
1.6287026 13.783858 -3.291866e-09 3.1059346e-06 5.580866 0.5
19.216897 25.472472 0 -2.222549e-16 4.066321 0.5
8.1657306 25.105328 0.037231245 -0.068352223 5.863794 0.5
20.116425 16.865137 0 0 5.355125 0.5
16.629098 27.165553 0 0 5.404824 0.5
2.3907693 18.179356 3.6443449e-06 4.2562892e-06 1.361005 0.5
20.386436 3.459545 0 0 5.19755 0.5
26.287665 13.062881 0 0 5.853071 0.5
5.1608003 5.5878418 0 0 2.830697 0.5
9.9473928 17.77573 0 0 3.251414 0.5
16.177453 15.722684 0 0 3.305262 0.5
7.2593661 24.456751 -0.089557603 -0.062128341 3.841898 0.5
6.1996183 20.642555 1.0728475e-05 -6.71559e-07 4.917041 0.5
9.6931015 2.9273604 0 0 1.726803 0.5
24.202876 14.515699 0 0 2.534849 0.5
5.4781347 22.935361 -9.0525763e-08 -6.6178467e-06 1.985571 0.5
23.359734 8.1153508 0 0 5.636684 0.5
0.64746954 15.515019 -6.0229891e-07 -1.3578665e-05 0.642493 0.5
18.444376 4.7348646 0 0 5.796573 0.5
24.465796 20.546956 0 0 4.738871 0.5
19.071954 23.698642 0 0 1.568073 0.5
8.2549265 4.0439716 0 0 2.749741 0.5
23.087763 13.993631 0 0 1.171823 0.5
10.123544 1.8571427 0 0 2.226958 0.5
0.82219721 16.632724 -6.9380117e-06 -6.3294584e-06 1.548545 0.5
2.0433883 10.553682 4.3534914e-06 -4.8785278e-06 3.653333 0.5
6.9799702 21.516339 3.726507e-05 -1.6894254e-05 4.394256 0.5
13.729135 1.6103981 0 0 0.605652 0.5
27.244069 11.72418 0 0 3.106146 0.5
21.484839 4.0223971 0 0 3.095002 0.5
23.774836 4.7809265 0 0 1.841384 0.5
11.914683 2.941652 0 0 6.034028 0.5
1.0899757 17.723529 7.819877e-07 -2.0680648e-06 1.857551 0.5
13.76772 6.4001147 0 0 1.702664 0.5
17.273328 24.772788 0 0 1.16125 0.5
22.957672 7.0360374 0 0 4.720586 0.5
22.234741 20.044509 0 0 0.205718 0.5
19.403076 2.8883824 0 0 5.820667 0.5
12.636913 26.421715 4.1043918e-11 9.6789462e-12 3.894129 0.5
5.9580567 3.2600035 0 0 3.074393 0.5
20.588648 2.3056212 0 0 0.467747 0.5
3.984554 15.645349 1.0942804e-05 -1.3039011e-06 5.60533 0.5
1.8901111 19.825529 1.3344239e-07 7.4773201e-07 6.227367 0.5
4.2134523 11.303362 6.3999273e-06 6.4767284e-07 5.177094 0.5
18.616935 6.0390645 0 0 0.203779 0.5
11.898626 0.72727811 0 0 6.095105 0.5
11.498334 1.8516707 0 0 5.150288 0.5
6.6326479 22.678662 8.8855038e-06 -1.0337069e-05 3.059892 0.5
9.2502189 23.123338 0.034993792 -0.022029935 3.692189 0.5
13.414324 25.478759 1.55254e-15 -6.0450155e-16 3.246869 0.5
25.580641 9.7775728 0 0 2.032293 0.5
7.2373412 20.076493 1.4212675e-05 -6.0642546e-06 6.136396 0.5
7.0645861 2.5368607 0 0 4.563161 0.5
24.502655 10.093645 0 0 5.916686 0.5
15.507312 27.114094 1.3836717e-16 -1.2260544e-16 1.344992 0.5
25.315466 13.642572 0 0 3.633442 0.5
22.237902 6.1304397 0 0 2.78777 0.5
10.804438 2.7529766 0 0 1.483056 0.5
23.350155 5.9530929 0 0 0.879468 0.5
23.327859 18.0469 0 0 4.923104 0.5
23.840689 23.149981 0 0 5.350229 0.5
20.087009 24.676028 0 0 1.508644 0.5
25.225795 21.385582 0 0 4.32761 0.5
3.0000525 12.347089 0 0 1.3724 0.5
15.571428 6.1319904 0 0 2.64206 0.5
25.924203 17.520945 0 0 2.466218 0.5
0.58213654 13.257361 2.668572e-06 -2.5718952e-05 0.69625 0.5
21.968925 22.078201 0 0 0.502972 0.5
10.41092 12.336372 0 0 4.066135 0.5
17.536471 5.6832918 0 0 3.026607 0.5
14.004538 19.890718 2.3034444e-09 -2.6042523e-09 6.171553 0.5
11.410429 24.99247 1.9854564e-11 -4.1995332e-12 3.767955 0.5
1.6630994 8.6725849 2.9737572e-06 -7.7515858e-06 5.349705 0.5
14.142166 0.56327414 0 0 3.28374 0.5
6.2104574 24.931686 -9.7486839e-07 1.2724436e-06 1.964272 0.5
19.589506 1.7805421 0 0 1.170799 0.5
18.011551 25.676093 0 0 0.802835 0.5
3.3608299 20.203649 8.2064356e-07 5.5605691e-06 5.063896 0.5
8.5615309 2.9622139 0 0 2.243796 0.5
17.189109 6.7631217 0 0 5.270568 0.5
22.87649 19.116965 0 0 5.757172 0.5
3.7397925 22.633352 1.2225326e-05 5.067474e-06 5.271397 0.5
26.150016 16.421192 0 0 3.151318 0.5
25.159295 15.884362 0 0 0.221595 0.5
4.2718703 4.8175718 0 0 1.510648 0.5
1.2601402 9.7228583 1.0121193e-06 -5.2215965e-07 5.29405 0.5
2.4198944 20.818958 2.4232211e-06 1.4965472e-06 2.737677 0.5
24.007642 19.135236 0 0 4.134415 0.5
9.0155064 24.306883 0.18931523 0.13176677 1.432456 0.5
23.775571 21.432129 0 0 2.840655 0.5
24.036302 15.885721 0 0 2.899005 0.5
21.884766 7.4161222 0 0 4.137855 0.5
17.272666 4.5896926 0 0 1.992807 0.5
18.237878 2.4434619 0 0 0.375558 0.5
26.263652 8.5051225 0 0 0.629977 0.5
15.269695 2.7188308 0 0 5.301885 0.5
5.5344926 12.32039 0 0 1.197725 0.5
16.377564 0.77520986 0 0 2.939026 0.5
25.299895 14.769278 0 0 3.912909 0.5
4.9949832 8.7152001 0 0 3.115045 0.5
25.804184 20.423501 0 0 1.662001 0.5
19.450022 5.2560217 0 0 0.131507 0.5
