# x y vx vy theta radius
1.0760929 13.175816 0.70057898 -1.0212186 4.6609905 0.5
9.2383814 25.7435 -0.1152576 0.30181803 1.764168 0.5
16.55272 10.261413 -0.033643992 0.17615926 3.951996 0.5
9.8863575 21.397049 0.5027505 0.39177176 4.259518 0.5
10.088682 4.3943874 0.18303217 -0.23163391 1.882067 0.5
13.990338 3.5497068 -0.33212908 -0.051810892 0.92276 0.5
15.337659 4.0527017 -0.14409595 -0.25481981 4.981497 0.5
23.646406 9.1135319 -0.057457298 0.18672751 0.663689 0.5
10.110036 12.842951 -0.33469581 0.22357631 4.599871 0.5
19.491151 21.859848 -0.14453107 -0.38456761 3.315122 0.5
3.5524125 12.916619 0.18200097 -0.42284453 5.224588 0.5
15.007411 9.5221301 0.22085085 -0.030028763 4.739779 0.5
21.013494 5.96196 0.27865918 0.0015231173 0.624425 0.5
25.869637 14.909198 0.42508255 -0.030977857 0.734434 0.5
9.6337676 15.089519 -0.4022671 -0.16447715 4.989084 0.5
7.7812775 17.685681 -0.20714755 -0.5322971 2.508867 0.5
6.8053516 21.967735 -0.36299561 0.15059599 5.939565 0.5
19.172346 9.0203239 0.16296801 0.36414118 0.028815 0.5
22.035897 24.235874 -0.04304532 -0.10297489 3.449449 0.5
21.483425 25.144888 0.14326172 0.31285348 0.592282 0.5
10.169542 2.7697342 -0.18522892 0.33797471 6.045768 0.5
26.439295 9.7661159 0.087464701 0.042074458 0.890473 0.5
17.987885 15.780767 0.1111602 -0.021188492 2.353219 0.5
10.63921 8.6411222 0.030063728 0.46577991 1.672869 0.5
18.832035 16.634495 -0.093812865 0.39379582 4.21507 0.5
17.961649 12.185253 0.13556512 0.089271174 0.4829 0.5
14.224747 1.1878083 0.31904756 -0.071788284 6.274711 0.5
22.00023 5.1445375 -0.025826572 -0.19847801 1.301021 0.5
15.642654 26.921102 0.44595589 -0.19310221 3.538852 0.5
19.765168 7.9406237 0.30335624 -0.26482244 1.72413 0.5
17.292279 9.1428765 -0.32269918 -0.025750194 0.779811 0.5
15.247248 2.8588608 -0.21611422 0.23957297 1.209651 0.5
14.035036 10.007378 0.62719901 -0.63373277 5.377079 0.5
10.285 7.4314954 0.19991761 -0.53105407 3.122843 0.5
20.469368 22.483759 0.49212282 0.33573891 4.105439 0.5
10.873841 3.6024002 -0.53736473 -0.40714089 2.246795 0.5
8.9357396 11.782207 0.065978943 0.043338452 3.468535 0.5
16.177735 22.464656 0.1230192 -0.08955049 5.532293 0.5
12.245642 6.9832003 -0.20126161 -0.55940556 0.531572 0.5
14.28363 23.389022 0.099337679 -0.17491508 5.261584 0.5
21.304581 20.755266 0.11091785 -0.42001395 0.040113 0.5
12.873153 1.4067369 -0.12065976 0.092521523 4.576591 0.5
21.982278 23.065945 0.53623059 0.39668238 0.209824 0.5
18.391962 23.862347 -0.99339193 0.25641699 1.770879 0.5
12.512556 25.165261 -0.048626546 0.0076206729 4.791815 0.5
18.063969 3.753618 -0.072783682 0.22519532 2.522673 0.5
22.055151 21.716089 -0.43218545 -0.14087316 3.232151 0.5
9.4037241 9.9159799 -0.03117084 -0.34079811 0.943125 0.5
7.1322132 9.1240659 -0.063436654 -0.2513293 1.031271 0.5
11.613562 26.226577 -0.63323833 0.60139718 1.523797 0.5
11.828941 0.99870495 0.25705445 -0.049177903 1.787492 0.5
5.5303794 7.3529822 -0.38342592 0.21299554 3.056837 0.5
25.640428 16.443593 -0.1024667 -0.1404703 3.332967 0.5
4.91458 13.088457 0.043473555 -0.04756353 3.889918 0.5
12.255561 18.735563 0.23113253 0.2162599 1.775857 0.5
5.4672776 5.5640914 0.048394116 -0.24235189 4.33857 0.5
3.1074111 15.901197 0.18593507 -0.21671573 2.652322 0.5
26.388057 11.800016 -0.21202786 0.2784787 1.360759 0.5
8.0391358 24.433211 0.30503466 0.40335048 1.350476 0.5
18.405675 10.094859 0.26084657 -0.022964053 3.139709 0.5
16.138078 17.972406 -0.13350017 0.042213202 3.877928 0.5
16.985487 6.7596037 -0.35133858 -0.16762249 4.111005 0.5
15.199108 20.418634 0.59330143 -0.18796325 4.354529 0.5
22.802896 13.1062 0.17239016 -0.061312997 1.958136 0.5
18.358395 6.6026478 0.30605602 -0.10077097 1.935129 0.5
7.2839581 5.4731273 0.068944478 -0.12138643 0.983243 0.5
15.71098 14.557623 0.2884015 -0.45087971 4.524452 0.5
6.6002168 15.981387 -0.11175066 -0.078140016 4.628506 0.5
14.480471 18.210248 -0.15874917 -0.21836485 4.619789 0.5
17.320942 19.545834 0.33984029 0.1607861 6.246698 0.5
22.238855 19.189711 -0.12943647 -0.034052801 2.597917 0.5
11.916815 23.87157 -0.31821011 0.36502027 5.540445 0.5
22.529368 9.4941148 -0.31257027 -0.091276752 1.135786 0.5
5.0756513 4.5009985 0.01561693 0.085203425 0.649744 0.5
24.071532 18.384801 0.12558929 0.15949378 4.647872 0.5
20.973724 7.1619033 -0.098103205 0.10177903 3.116928 0.5
20.039547 15.879465 0.18504625 -0.28859253 1.058365 0.5
3.7163272 7.1152539 0.16619752 -0.44853672 1.223223 0.5
9.2226518 1.4298639 0.14171441 0.023574525 6.185729 0.5
13.73156 2.4021288 -0.2520746 -0.23297688 5.03693 0.5
20.994984 16.473518 0.11108001 -0.0082277238 0.158334 0.5
19.08715 24.795085 -0.16175355 0.50080255 0.09489 0.5
9.5534749 18.397187 -0.13233222 0.19669036 3.182579 0.5
27.293709 12.865884 -0.1845164 0.083708558 5.999337 0.5
22.523492 3.6388025 0.4573919 -0.21640351 0.712677 0.5
22.28368 14.44555 -0.018069059 -0.19583121 1.70588 0.5
5.6336638 22.673321 0.96432636 0.24998577 5.092516 0.5
2.8704325 12.042335 -0.76862034 -0.49951201 0.506989 0.5
13.969068 20.804541 -0.30191445 0.40340802 4.452103 0.5
20.909164 8.6072433 -0.16915859 0.014134288 3.429354 0.5
15.932504 16.847439 0.093130111 0.57999403 5.942963 0.5
1.9482979 19.419005 -0.13426693 -0.1781691 2.062723 0.5
25.546818 19.56361 0.2733263 -0.20507986 2.598321 0.5
18.288262 5.1182002 0.41591791 -0.47738961 6.159219 0.5
6.9773807 6.6834453 0.49580641 0.28295557 1.488917 0.5
16.342842 15.683146 -0.34481009 0.22644255 1.927238 0.5
23.213439 15.110806 0.032640329 -0.096647204 3.98558 0.5
19.849881 17.110111 -0.036309303 -0.29856049 3.515453 0.5
13.930966 16.101868 0.16624504 -0.15624415 3.362574 0.5
7.481754 20.244841 0.097261684 0.46555495 2.617045 0.5
16.631195 12.585013 -0.037055011 0.4180429 4.416501 0.5
8.2906676 2.4092416 0.01817967 0.11538864 2.357123 0.5
8.659477 14.427803 0.026884028 -0.22798407 0.027213 0.5
12.666777 20.541833 -0.42699496 -0.53829088 3.270335 0.5
11.685394 17.693585 0.44091251 0.72418971 5.133302 0.5
11.06527 14.838131 -0.046758885 0.21436047 4.163048 0.5
26.023836 13.704137 0.21445438 0.027403461 3.93618 0.5
25.449644 18.02094 -0.18523978 0.13837134 5.951127 0.5
19.233437 26.124476 0.091316028 -0.053124655 4.082451 0.5
19.373569 4.894313 0.016427663 0.18364226 1.780305 0.5
12.792835 16.454168 0.039205037 -0.36612357 2.847882 0.5
23.393698 23.560148 0.084453258 -0.27901393 1.767937 0.5
17.481542 11.18809 -0.17787256 0.10032149 0.00135 0.5
10.970542 1.7606932 -0.060771281 -0.59025817 5.312468 0.5
15.239225 12.208695 0.27001344 0.056380712 0.320289 0.5
13.429657 17.849588 -0.51102261 0.1496421 0.581132 0.5
5.1177307 15.445357 -0.27413715 0.24981085 3.087421 0.5
4.8705036 9.4378159 -0.28127759 -0.14408552 3.560403 0.5
3.1814952 19.244984 0.025133213 -0.51591645 0.555117 0.5
26.727166 16.878306 0.07695725 -0.038414203 6.220608 0.5
19.226104 23.06999 0.42431365 -0.32156144 5.652715 0.5
6.3168003 20.329425 -0.33563264 -0.33455494 0.827952 0.5
1.4851238 11.387678 -0.19280197 0.093565399 1.054048 0.5
10.121914 22.999976 -0.078743226 0.12329018 0.319962 0.5
20.279183 25.545894 -0.27729262 -0.02193499 2.464344 0.5
27.433185 14.410801 -0.17682358 0.11672067 3.780782 0.5
17.542077 1.2665276 0.17416087 0.062864095 0.745414 0.5
18.166368 20.550576 0.052406629 -0.49012255 3.348875 0.5
8.9195528 23.802364 1.0520711 -0.1220334 5.365761 0.5
14.501395 26.204521 0.86505255 0.001285213 0.445642 0.5
21.455741 9.9807977 -0.30113495 0.28487269 2.979068 0.5
3.1505714 10.539018 -0.3012396 0.022637298 2.813895 0.5
23.131015 22.006614 0.24270209 0.11687047 4.039246 0.5
18.635824 1.4909127 -0.1167247 0.12016253 4.602055 0.5
7.2044909 25.500911 0.029113484 0.27314162 1.676583 0.5
12.389326 11.90919 -0.2056178 0.087768867 1.207935 0.5
10.830179 5.327859 0.35543558 -0.041628611 6.164191 0.5
18.739107 11.115914 0.29294754 -0.36532914 1.491784 0.5
19.132674 3.4735327 -0.16189363 -0.17555596 6.269379 0.5
22.326535 11.093096 0.42444747 0.052719649 0.35856 0.5
25.221505 21.148673 0.2045349 -0.0055915519 0.326238 0.5
21.225489 4.1150972 0.15613865 0.23319158 1.608548 0.5
15.48761 7.6967106 0.28931539 -0.18404901 2.616667 0.5
20.214882 20.791056 -0.21930571 -0.42150168 0.410672 0.5
8.8551887 5.7714185 -0.060247755 -0.10196994 3.210668 0.5
22.085109 15.531493 0.033148225 -0.26764985 0.309541 0.5
17.412764 23.15028 -0.33682209 0.053465462 1.761874 0.5
6.8678619 18.458901 -0.28338068 -0.5636569 4.731547 0.5
14.873823 15.348911 0.14676038 -0.17310242 0.313065 0.5
15.264885 5.29059 0.12775736 0.14803369 0.087229 0.5
10.035482 24.945871 0.14744376 0.092966153 5.713071 0.5
12.835096 14.246471 0.13348722 0.29599465 0.34983 0.5
10.921284 18.577119 0.025401563 -0.14534098 2.015368 0.5
18.167797 25.40616 -0.11614194 0.55910689 0.42176 0.5
11.824502 13.648294 -0.33214265 -0.15975573 5.580866 0.5
14.799182 17.044569 -0.036708804 0.53759886 4.066321 0.5
19.544909 6.6327582 0.096956388 0.23759927 5.863794 0.5
5.2762507 19.750225 0.06684458 0.51840108 5.355125 0.5
24.261563 21.972219 0.075402713 0.16403996 5.404824 0.5
12.676406 3.0347775 0.0070834894 0.10257228 1.361005 0.5
23.03378 17.481826 0.38863335 -0.26832689 5.19755 0.5
14.269686 13.264564 -0.31840243 -0.92427454 5.853071 0.5
4.0035299 22.413183 0.12475531 0.14286495 2.830697 0.5
6.2564439 3.1438272 -0.35402088 -0.31632914 3.251414 0.5
15.990518 8.9071884 -0.30648982 -0.30969415 3.305262 0.5
10.089641 20.193299 0.05693658 -0.85620312 3.841898 0.5
12.241057 21.867208 -0.12851984 0.020651805 4.917041 0.5
14.075505 8.1700272 -0.49333621 -0.29545977 1.726803 0.5
24.630205 13.125332 0.2285162 -0.12165239 2.534849 0.5
2.6193868 20.615411 0.061017414 0.90103135 1.985571 0.5
4.1649046 16.594244 0.29547865 -0.43748594 5.636684 0.5
1.3852719 16.244105 -0.4037948 0.31774954 0.642493 0.5
10.922189 21.926093 -0.26113908 0.089958152 5.796573 0.5
16.725208 7.8835265 -0.0046393782 -0.47478684 4.738871 0.5
18.192093 21.627754 0.22663756 0.18180397 1.568073 0.5
13.059559 6.0854611 0.024390807 -0.19260658 2.749741 0.5
10.593316 26.499665 -0.18144933 0.16157718 1.171823 0.5
24.362053 17.01017 0.10574146 0.13160647 2.226958 0.5
4.0023254 20.013165 0.0316402 0.49935296 1.548545 0.5
9.98373 6.1929815 0.10130768 0.30138589 3.653333 0.5
16.265833 19.14779 -0.31092653 -0.32420573 4.394256 0.5
17.435258 13.446168 -0.067949237 -0.043218315 0.605652 0.5
25.213935 7.0772244 0.039137008 -0.072139224 3.106146 0.5
23.599714 16.23598 0.108271 0.28651553 3.095002 0.5
19.160797 12.286901 -0.11331382 -0.083469919 1.841384 0.5
5.2624493 24.103331 -0.52164551 0.81586926 6.034028 0.5
13.645527 4.7911139 0.16738494 -0.41107053 1.857551 0.5
16.361584 20.437826 0.1899426 0.013127487 1.702664 0.5
20.204763 19.587783 0.19082325 -0.27061619 1.16125 0.5
6.9170241 24.448854 -0.093008638 0.42334987 4.720586 0.5
12.923272 13.135267 0.46602901 -0.055564298 0.205718 0.5
20.055523 9.815787 -0.027115976 0.3426702 5.820667 0.5
7.3367917 23.390367 0.40898226 0.47728954 3.894129 0.5
14.52253 11.355906 0.211602 0.49371699 3.074393 0.5
21.803534 17.747142 -0.025281594 0.05686354 0.467747 0.5
17.731527 2.6444579 0.29157894 0.23034753 5.60533 0.5
2.5666733 7.1688896 -0.77194702 0.14811423 6.227367 0.5
16.639633 24.107788 0.0068307013 -0.15037503 5.177094 0.5
17.722744 26.912643 -0.39786129 -0.39261182 0.203779 0.5
22.070412 8.0700248 0.1872603 -0.29005107 6.095105 0.5
23.510092 10.793195 0.33936752 -0.37975086 5.150288 0.5
23.709034 11.977883 -0.12344642 -0.015195012 3.059892 0.5
15.130738 19.107936 0.0073430299 -0.16776472 3.692189 0.5
17.569003 14.519182 0.03280369 0.10025986 3.246869 0.5
11.856352 10.7756 0.1142424 -0.029265116 2.032293 0.5
12.441211 9.6279288 0.3141208 0.33531376 6.136396 0.5
8.6867747 12.947816 -0.36547196 -0.25985225 4.563161 0.5
25.16149 10.150883 -0.076715786 0.087972622 5.916686 0.5
19.060576 18.941996 -0.63034563 -0.21843731 1.344992 0.5
5.4866446 11.535456 -1.0874585 -0.5515185 3.633442 0.5
24.943155 8.9000565 -0.15444609 -0.17822656 2.78777 0.5
20.569946 3.112206 -0.29171409 0.089596105 1.483056 0.5
15.37153 24.118969 -0.67993995 0.13676088 0.879468 0.5
24.204671 6.4002479 -0.072439684 -0.19881976 4.923104 0.5
16.462281 3.0098757 0.2719909 0.26150592 5.350229 0.5
22.493753 6.5414663 -0.26259486 0.21945282 1.508644 0.5
21.360803 13.79548 -0.17515428 -0.25845097 4.32761 0.5
21.075145 18.89249 0.17029488 -0.01934128 1.3724 0.5
9.4906291 17.298008 0.0017131726 0.13051385 2.64206 0.5
11.643666 19.76915 -0.23916487 0.029932799 2.466218 0.5
18.210767 7.8284755 -0.28497062 -0.20579878 0.69625 0.5
12.334483 8.3460433 0.00034513114 0.18022038 0.502972 0.5
3.4157625 17.737063 -0.4660906 -0.047255709 4.066135 0.5
13.793143 25.203298 -0.34093573 -0.22919344 3.026607 0.5
13.078064 22.932707 -1.1599212 0.23493481 6.171553 0.5
19.881944 14.48497 -0.37643287 -0.13578277 3.767955 0.5
24.844258 11.186059 0.13160562 -0.44966493 5.349705 0.5
19.079455 13.622134 0.20573703 0.23907361 3.28374 0.5
8.5260858 20.396191 0.098870463 -0.33987356 1.964272 0.5
11.292305 11.746433 0.3313987 0.53298404 1.170799 0.5
20.981825 11.038183 0.41873323 0.015765689 0.802835 0.5
20.014754 23.910137 0.53989495 -0.21567857 5.063896 0.5
14.625061 6.4396655 0.19239061 -0.11983923 2.243796 0.5
20.129037 18.296116 0.12626859 -0.19850088 5.270568 0.5
12.898029 26.771162 0.13498134 -0.10074732 5.757172 0.5
23.741716 14.011636 -0.33058908 0.048564794 5.271397 0.5
17.361449 16.688291 0.25292185 -0.049736687 3.151318 0.5
23.531181 19.481483 -0.18783293 0.26163642 0.221595 0.5
11.804916 4.6084682 0.23396964 -0.38689659 1.510648 0.5
17.892312 18.029824 -0.13858369 -0.021089382 5.29405 0.5
21.302161 12.559021 0.29699734 -0.10568746 2.737677 0.5
14.960727 21.699702 -0.047486029 0.19477552 4.134415 0.5
7.1202413 12.232714 -0.35605717 0.0046555321 1.432456 0.5
13.968318 14.321175 0.028260704 0.17959006 2.840655 0.5
23.846432 7.678674 -0.36860578 -0.14524294 2.899005 0.5
11.345741 15.942095 -0.06483544 -0.087824268 4.137855 0.5
19.259582 20.249036 0.20935761 0.42815848 1.992807 0.5
10.037021 10.827788 -0.23629544 0.14197682 0.375558 0.5
17.048051 4.9584116 0.25222314 0.30879905 0.629977 0.5
11.138953 24.931087 0.35566814 0.021494183 5.301885 0.5
15.800524 1.5203341 0.06693153 0.312989 1.197725 0.5
15.445005 25.405416 -0.19533159 -0.32133403 2.939026 0.5
5.4132369 21.006772 -0.36165133 -0.089868645 3.912909 0.5
26.216316 8.490699 0.11338878 -0.43666413 3.115045 0.5
5.2296939 17.070476 -0.27140883 -0.37381577 1.662001 0.5
22.432101 20.524272 0.11285901 0.011887503 0.131507 0.5
