# x y vx vy theta radius
14.386659 11.686232 -1.175778 -0.12114384 4.3018077 0.5
14.322383 2.2580916 -0.63142317 -0.17175063 1.764168 0.5
5.4901021 15.848661 0.10232673 0.082349918 3.951996 0.5
19.226316 25.769657 0.057704114 0.30270536 4.259518 0.5
22.619903 3.7321947 -0.54470549 -0.1806248 1.882067 0.5
4.5413186 16.689167 0.022160728 0.031657673 0.92276 0.5
7.2566539 9.2481342 -0.19721555 0.486103 4.981497 0.5
18.717325 16.635965 0.83147439 0.1897467 0.663689 0.5
3.7478753 12.925341 -0.23871674 0.01228197 4.599871 0.5
8.7279338 23.218689 0.15982685 -0.42180751 3.315122 0.5
23.08627 6.0264195 0.54677231 0.035066521 5.224588 0.5
16.63756 17.203301 -0.21501516 -0.21251805 4.739779 0.5
21.024062 2.8798092 0.38126295 -0.32591929 0.624425 0.5
4.0066456 5.5643076 -0.10538828 0.44217127 0.734434 0.5
21.633008 23.233109 0.26270757 0.7126935 4.989084 0.5
15.424303 4.1150772 -0.031945869 -0.12084853 2.508867 0.5
9.0230255 2.2500034 0.088922899 -0.13825721 5.939565 0.5
21.303988 4.6034354 0.39153931 0.28635528 0.028815 0.5
13.994669 16.965457 0.27348449 -0.15763739 3.449449 0.5
21.772199 10.213962 0.27574949 0.12780958 0.592282 0.5
18.499685 24.080779 -0.37261817 -0.5059356 6.045768 0.5
13.9467 22.084424 -0.36969919 -0.16613214 0.890473 0.5
2.0262837 13.858995 0.24295111 0.59428276 2.353219 0.5
23.785404 14.782505 -0.21887459 -0.11283921 1.672869 0.5
6.4650902 10.448354 -0.29115914 0.03272788 4.21507 0.5
13.053002 10.504157 -0.091719949 -0.56102818 0.4829 0.5
19.653581 9.555687 -0.41023757 -0.11536083 6.274711 0.5
5.3521897 22.062083 -0.36681489 0.24687579 1.301021 0.5
2.8043301 7.1142422 -0.087422736 0.061632245 3.538852 0.5
2.1973761 15.090159 -0.22207401 -0.11627141 1.72413 0.5
14.335058 14.195834 -0.21530126 -0.39025609 0.779811 0.5
19.299799 3.3692899 -0.027611773 0.56979717 1.209651 0.5
17.585879 25.329054 0.6178879 -0.19870498 5.377079 0.5
12.126215 20.971651 0.076163901 -0.16066798 3.122843 0.5
7.141883 22.713299 -0.15549575 -0.19923079 4.105439 0.5
6.9747338 8.1066551 -0.15269009 0.023290628 2.246795 0.5
16.202471 20.752532 0.034669097 -0.056940261 3.468535 0.5
0.95900498 14.737692 0.56926631 -0.07608291 5.532293 0.5
20.317473 7.2252498 -0.01126751 0.51044231 0.531572 0.5
8.1614678 16.650888 -0.25730714 0.22003435 5.261584 0.5
25.554939 18.881576 0.80470306 -0.47382604 0.040113 0.5
14.280605 19.917413 0.01563979 0.13021792 4.576591 0.5
10.108087 10.625329 -0.062285462 0.57306478 0.209824 0.5
18.865788 5.7272578 -0.07747995 -0.0087052115 1.770879 0.5
21.11617 8.3247518 0.32628395 -0.22794558 4.791815 0.5
20.5231 5.3697972 0.20358697 0.0922513 2.522673 0.5
3.0117018 16.109367 0.38864829 -0.0098687469 3.232151 0.5
10.93341 11.442673 -0.49712526 -0.24286631 0.943125 0.5
16.792801 23.298659 0.24230854 0.34153472 1.031271 0.5
7.5923926 6.8664817 0.062894262 0.78833221 1.523797 0.5
19.154095 23.050828 -0.16908589 -0.43652544 1.787492 0.5
13.147343 20.350301 0.35729896 0.29684943 3.056837 0.5
6.3767692 11.888888 -0.054019023 0.46665211 3.332967 0.5
17.698855 1.3109593 0.44158867 0.069381233 3.889918 0.5
11.09638 14.460888 -0.13881658 0.15991959 1.775857 0.5
16.823625 11.41419 0.40765306 -0.056448171 4.33857 0.5
12.329733 22.330685 -0.132646 0.14301332 2.652322 0.5
3.9721799 14.918723 -0.1258761 0.020377466 1.360759 0.5
1.4247525 11.304458 0.10721823 -0.045336205 1.350476 0.5
7.2226688 3.2948545 0.29707671 -0.28921088 3.139709 0.5
8.6291605 3.4421608 0.29824868 0.17335263 3.877928 0.5
15.890054 22.330173 0.082107851 -0.85423451 4.111005 0.5
9.9456279 26.507091 -0.48731706 -0.050829847 4.354529 0.5
12.580955 19.003544 -0.0039586918 -0.39999946 1.958136 0.5
5.7236414 20.261773 0.04102639 0.29340877 1.935129 0.5
23.910958 17.078992 0.11347928 -0.018185203 0.983243 0.5
15.513739 2.0840134 0.0034630989 -0.78372361 4.524452 0.5
13.453449 15.771621 -0.46524709 -0.24726186 4.628506 0.5
9.4663786 17.923246 0.11779915 -0.12015567 4.619789 0.5
20.582194 12.35095 -0.2850204 -0.44719228 6.246698 0.5
1.9273047 19.581185 0.26924705 0.21797733 2.597917 0.5
17.159519 2.3767318 0.44535583 0.085567084 5.540445 0.5
15.262522 9.1174947 0.82452179 -0.13497712 1.135786 0.5
17.352287 15.476906 -0.50148101 -0.0572245 0.649744 0.5
24.969627 13.194569 -0.039917189 -0.41201331 4.647872 0.5
2.6119242 11.322727 0.3128057 -0.35290954 3.116928 0.5
7.8465067 4.5016513 0.33662077 -0.25905857 1.058365 0.5
17.592079 7.6468711 -0.32296587 -0.059909506 1.223223 0.5
23.121593 9.1409854 -0.25951878 0.39289611 6.185729 0.5
27.054782 11.063192 -0.18697397 0.27410901 5.03693 0.5
9.0473834 22.178853 0.075081634 -0.10954689 0.158334 0.5
7.9033041 2.3455303 0.011085735 -0.22301492 0.09489 0.5
10.941234 18.392783 0.37240605 -0.57386064 3.182579 0.5
8.8241622 6.0067783 -0.1344601 0.17580389 5.999337 0.5
5.973715 3.3836529 0.26927614 -0.12037792 0.712677 0.5
10.462621 21.171941 0.28542711 -0.36661179 1.70588 0.5
11.999887 24.519854 0.15667228 -0.3678203 5.092516 0.5
14.142607 26.001191 -0.017558498 0.4456946 0.506989 0.5
0.69191928 12.235966 -0.1044611 0.11125969 4.452103 0.5
20.440941 3.8997034 0.4252658 -0.19955758 3.429354 0.5
10.751121 25.588136 0.31904896 0.48162537 5.942963 0.5
23.710049 11.856861 -0.089267489 0.57449063 2.062723 0.5
7.458294 17.509349 -0.12946213 0.40619367 2.598321 0.5
5.3535641 6.4646917 -0.11196955 0.31037957 6.159219 0.5
21.183447 11.304482 0.24828148 0.12299162 1.488917 0.5
21.99355 9.1251624 0.69835014 -0.21466218 1.927238 0.5
22.053855 19.432878 0.53060791 0.65580229 3.98558 0.5
11.345882 2.7959361 -0.19886541 -0.021387331 3.515453 0.5
15.164336 26.807736 -0.099843105 -0.47119649 3.362574 0.5
23.945455 7.7604056 0.25620778 0.56426596 2.617045 0.5
23.542583 13.637097 -0.54827279 0.24783062 4.416501 0.5
21.665044 24.953202 -0.17982113 0.16132687 2.357123 0.5
18.312033 14.304441 -0.076476739 0.17493615 0.027213 0.5
10.061893 19.275478 -0.3935819 0.027210626 3.270335 0.5
21.392225 17.170979 -0.2446014 -0.43041669 5.133302 0.5
24.628577 10.941344 0.31712673 0.13727697 4.163048 0.5
6.897974 16.571528 0.13843748 0.41160055 3.93618 0.5
7.0921146 13.052017 0.036289541 0.17030383 5.951127 0.5
25.84156 7.9822937 0.21692371 0.2035621 4.082451 0.5
23.342709 23.273253 0.029226074 -0.091451917 1.780305 0.5
8.7107725 8.3192796 0.40502501 -0.19087972 2.847882 0.5
26.814598 12.313161 -0.18553426 -0.38344171 1.767937 0.5
20.378879 16.740765 0.41046111 0.003744697 0.00135 0.5
8.0044564 21.511456 -0.017906571 0.29519156 5.312468 0.5
24.428285 6.4719721 0.25665112 -0.049529006 0.320289 0.5
12.288717 15.218696 -0.21911173 0.71211471 0.581132 0.5
3.6806537 11.133962 0.29013005 0.21671183 3.087421 0.5
4.0387576 8.0405318 0.13681732 -0.053777823 3.560403 0.5
11.815625 16.409717 0.24973846 -0.077287577 0.555117 0.5
23.757021 4.9139834 0.23878256 0.015661985 6.220608 0.5
8.014001 10.532647 -0.10328622 0.41063623 5.652715 0.5
17.825867 3.3207948 0.4259353 -0.19778243 0.827952 0.5
14.373762 23.157747 -0.12536159 -0.27555443 1.054048 0.5
5.2568439 5.2710583 0.014338895 0.17806946 0.319962 0.5
11.214424 12.971239 -0.32776039 0.49626145 2.464344 0.5
3.1732326 17.306123 -0.015757774 -0.54258358 3.780782 0.5
18.66718 10.031717 0.38533559 0.21360824 0.745414 0.5
11.56083 6.1555408 -0.16505152 -0.15259778 3.348875 0.5
25.540758 14.479673 0.40880554 -0.44205351 5.365761 0.5
18.181287 13.160298 -0.41376973 -0.51965724 0.445642 0.5
5.0605431 4.074985 -0.32313958 0.029033271 2.979068 0.5
14.558028 24.547473 -0.086936232 -0.23076169 2.813895 0.5
27.003663 17.203081 -0.082392041 0.39813572 4.039246 0.5
6.6204835 21.548749 0.79264498 0.071475833 4.602055 0.5
9.8199656 14.591994 0.93304671 0.084386223 1.676583 0.5
11.283596 20.221872 0.37050178 -0.052080711 1.207935 0.5
4.3331819 19.492574 0.26614765 0.26041941 6.164191 0.5
12.840882 12.559359 -0.4654923 0.0043297302 1.491784 0.5
1.3243165 10.109363 -0.74111048 0.13019979 6.269379 0.5
12.358047 11.33091 0.10278462 0.147147 0.35856 0.5
8.2326522 18.549281 0.011796003 -0.21089174 0.326238 0.5
19.087916 8.0409748 -0.0012664681 -0.3659571 1.608548 0.5
1.3297926 18.154596 -0.10821457 0.73195858 2.616667 0.5
14.106182 9.3266591 0.11967631 -0.12976882 0.410672 0.5
15.746186 7.2669872 0.54196839 0.33174161 3.210668 0.5
14.939705 21.341878 0.62902811 0.026267562 0.309541 0.5
8.2590635 12.45465 0.16395035 0.086421939 1.761874 0.5
17.34099 9.6375142 -0.082687876 0.030674503 4.731547 0.5
25.62828 17.31638 0.16163681 0.029401096 0.313065 0.5
5.7797357 17.19136 0.28789724 0.48060461 0.087229 0.5
0.77777359 13.614926 0.016740998 0.17438638 5.713071 0.5
22.06208 13.1468 0.38131555 -0.21948457 0.34983 0.5
4.8734707 10.42676 0.0081589561 -0.14717991 2.015368 0.5
8.964744 9.9273664 0.034824343 0.03268601 0.42176 0.5
26.686971 13.661252 -0.12989057 -0.066581824 5.580866 0.5
4.1744037 17.833811 0.51742998 0.11859088 4.066321 0.5
6.3226907 7.0344618 -0.34922457 0.1556317 5.863794 0.5
14.301544 0.78839301 0.14517181 0.14828082 5.355125 0.5
15.297246 5.2539777 -0.41159352 -0.4534044 5.404824 0.5
15.9162 19.283502 -0.17202391 0.077119708 1.361005 0.5
16.832126 6.1026556 0.18812358 0.075686288 5.19755 0.5
21.375885 6.5362949 -0.0033122688 -0.16914112 5.853071 0.5
14.264292 7.0846221 -0.11763636 0.43974888 2.830697 0.5
13.690759 5.5476742 -0.32690966 0.38201432 3.251414 0.5
18.501563 12.056665 1.1098129 -0.09888133 3.305262 0.5
15.645862 17.697396 -0.29245837 0.4498234 3.841898 0.5
12.857151 13.713053 0.057701628 1.0328497 4.917041 0.5
8.6670507 14.578101 -0.036319276 0.13801712 1.726803 0.5
2.6753617 10.125509 -0.25552783 -0.036129539 2.534849 0.5
26.421033 9.3486982 -0.64923199 0.15458919 1.985571 0.5
25.932492 20.03794 -0.18106413 0.39637305 5.636684 0.5
5.3673825 18.738493 0.024828982 0.023445668 0.642493 0.5
3.2526089 18.685056 0.22601633 0.49149648 5.796573 0.5
10.485691 8.0738257 0.60344746 0.066768015 4.738871 0.5
10.162275 6.9642884 -0.087448367 -0.16784408 1.568073 0.5
12.898695 7.8479077 0.076273712 8.2355222e-06 2.749741 0.5
19.437815 24.576216 -0.12527205 0.81993791 1.171823 0.5
25.909656 11.398484 0.20149994 0.10786449 2.226958 0.5
3.0638877 20.708754 0.13440185 0.62146014 1.548545 0.5
17.759502 26.736276 0.37351067 0.039959564 3.653333 0.5
5.7604595 12.829025 0.27342629 -0.11048816 4.394256 0.5
9.2804838 13.537316 0.17207061 0.1156147 0.605652 0.5
18.377799 22.118426 0.63682067 0.3026632 3.106146 0.5
22.811548 17.718303 0.42210592 -0.080844708 3.095002 0.5
20.234878 19.542163 0.34892838 -0.53356446 1.841384 0.5
9.0911578 4.6313831 0.045243835 0.12507674 6.034028 0.5
5.9930769 24.476833 -0.094740512 0.2322354 1.857551 0.5
16.576588 3.3625089 -0.31011737 0.36366332 1.702664 0.5
9.7313444 12.254515 -0.088241152 -0.067849459 1.16125 0.5
19.656057 13.116426 0.050808644 0.65930891 4.720586 0.5
10.363485 9.4195441 -0.16533954 0.046206424 0.205718 0.5
2.1583873 8.2064011 -0.14143304 -0.35612728 5.820667 0.5
20.915122 15.209385 0.68938382 0.33022672 3.894129 0.5
17.207286 18.553986 0.16068871 -0.43328143 3.074393 0.5
24.695462 21.70609 0.025867518 -0.32085467 0.467747 0.5
15.683564 24.868215 -0.15370885 0.23931641 5.60533 0.5
9.8430264 1.2929745 -0.036349187 0.34239918 6.227367 0.5
6.9737819 14.700478 0.43327632 -0.26546016 5.177094 0.5
5.9155726 23.058382 -0.44052514 -0.18974806 0.203779 0.5
4.2792149 21.40116 0.82587858 -0.08958551 6.095105 0.5
22.229208 11.29364 0.066184174 -0.046514669 5.150288 0.5
19.954593 2.4278785 -0.35433199 0.11997471 3.059892 0.5
8.0960334 19.632387 0.23217164 -0.10594424 3.692189 0.5
14.194378 3.4820963 0.052542239 -0.051651533 3.246869 0.5
22.308494 14.843398 -0.2640071 0.12477329 2.032293 0.5
6.232835 13.863226 -0.29663881 -0.12105794 6.136396 0.5
12.088793 17.685927 0.28683158 -0.28955069 4.563161 0.5
6.5356128 5.7199092 0.3510058 -0.1400214 5.916686 0.5
6.8085257 19.775155 0.26065493 0.26451279 1.344992 0.5
10.601579 22.624405 0.014790902 0.29898809 3.633442 0.5
10.909213 4.2882628 -0.10027754 -0.18538087 2.78777 0.5
20.246771 22.445281 0.062823863 0.48778863 1.483056 0.5
22.125339 16.350071 -0.22767219 -0.55201789 0.879468 0.5
16.448286 25.779524 0.43357637 0.19769253 4.923104 0.5
21.776643 21.007635 -0.11037152 -0.56996706 5.350229 0.5
3.2416337 22.064424 0.21150355 0.075747076 1.508644 0.5
11.61385 10.386809 0.072528534 -0.42986273 4.32761 0.5
12.461024 26.026204 0.00090404539 0.29545925 1.3724 0.5
9.6574802 16.548022 0.71955144 0.29197422 2.64206 0.5
19.771245 14.805415 -0.93038938 0.48670518 2.466218 0.5
25.60147 15.831752 -0.21796963 -0.096202893 0.69625 0.5
4.7266316 13.517768 0.56147877 0.28159517 0.502972 0.5
24.383411 18.556553 0.015428893 -0.26777561 4.066135 0.5
13.590691 18.138789 0.24022676 -0.30911897 3.026607 0.5
12.527869 2.8442878 0.44044104 0.03605036 6.171553 0.5
13.539624 24.09534 -0.1574932 0.30169731 3.767955 0.5
11.905232 1.3438086 0.22606453 -0.079495137 5.349705 0.5
5.8379301 8.4689435 0.046578277 0.0031709122 3.28374 0.5
15.676441 23.463517 0.65184343 -0.11229618 1.964272 0.5
7.2541443 25.342165 0.39343785 0.15731594 1.170799 0.5
5.4108202 14.62813 -0.17036573 -0.19094296 0.802835 0.5
15.364985 1.0243105 0.19389796 -0.40290609 5.063896 0.5
16.517675 0.90119375 -0.059318701 0.32329402 2.243796 0.5
15.785355 16.376247 0.18860493 -0.011710398 5.270568 0.5
4.3529375 22.881929 0.24819644 0.38378359 5.757172 0.5
17.474427 4.4922473 0.27052727 0.10344182 5.271397 0.5
18.712361 4.3617885 0.50820973 -0.35324514 3.151318 0.5
22.389133 4.8790142 -0.43827887 0.22178718 0.221595 0.5
26.725776 15.937631 -0.178928 -0.66353035 1.510648 0.5
15.654652 14.466083 0.15536148 -0.010223361 5.29405 0.5
12.920075 6.7432586 0.16754064 0.038772805 2.737677 0.5
22.827375 20.271519 0.47613428 -0.013235571 4.134415 0.5
17.449027 21.528952 -0.037322708 -0.50938473 1.432456 0.5
9.2339588 21.030702 0.0586543 -0.044226169 2.840655 0.5
21.282858 18.515403 0.33151006 -0.1330564 2.899005 0.5
13.447448 27.174397 0.36374245 0.40179401 4.137855 0.5
7.1072652 24.092704 0.22456141 0.43650008 1.992807 0.5
1.9969242 17.196976 0.37351419 0.39797748 0.375558 0.5
2.2746159 12.467847 0.11210187 -0.33747522 0.629977 0.5
18.699469 6.8981334 0.11024687 -0.32591611 5.301885 0.5
12.472666 23.452891 0.14826773 0.04085041 1.197725 0.5
9.4891279 24.677841 0.5141694 -0.13904253 2.939026 0.5
13.430357 4.2777833 -0.56613006 0.53675457 3.912909 0.5
17.015232 19.651574 -0.14973489 -0.63579557 3.115045 0.5
12.108984 4.8385345 -0.082155059 0.30616741 1.662001 0.5
19.026479 1.612125 0.0020119932 -0.11293107 0.131507 0.5
