# x y vx vy theta radius
21.748145 22.796827 -0.46608409 -1.2154566 5.053949 0.5
25.603866 15.646556 0.31383349 0.32503688 1.764168 0.5
11.30206 1.2346554 0.17703463 -0.016161131 3.951996 0.5
5.2844061 12.042533 -0.059180363 0.025680109 4.259518 0.5
20.41181 11.128092 -0.10341538 0.47874269 1.882067 0.5
10.919025 19.96299 -0.024260753 0.11487896 0.92276 0.5
16.481564 8.2088209 0.25303707 -0.17659092 4.981497 0.5
12.794174 8.2429091 0.0075263556 0.28110097 0.663689 0.5
15.42997 17.242381 0.028772844 -0.22293703 4.599871 0.5
24.697124 7.8499141 0.27938334 -0.034399284 3.315122 0.5
15.794831 24.063337 -0.015977525 0.41844605 5.224588 0.5
17.571732 6.7298707 -0.19720694 -0.15351101 4.739779 0.5
4.6915558 7.7261983 -0.080050458 -0.15767665 0.624425 0.5
14.01844 18.237254 0.0032512045 0.42191966 0.734434 0.5
1.5084065 15.847155 -0.0092938078 0.17062143 4.989084 0.5
6.697248 23.076529 0.02671548 0.43650856 2.508867 0.5
13.692968 23.824989 0.28743786 -0.26814768 5.939565 0.5
13.128173 10.328816 -0.057505525 -0.1495647 0.028815 0.5
16.817249 22.053417 0.012140219 -0.21507943 3.449449 0.5
15.47255 26.16856 -0.050992454 0.20919598 0.592282 0.5
11.809963 22.851423 -0.4461405 0.64589977 6.045768 0.5
11.574555 16.472384 -0.073930553 0.27271459 0.890473 0.5
22.500309 19.230337 0.66647865 -0.043291157 2.353219 0.5
26.938169 14.209072 -0.16411842 -0.15280381 1.672869 0.5
2.7591499 9.9097932 0.51022467 -0.19527268 4.21507 0.5
18.532907 24.153731 -0.083560957 -0.48063607 0.4829 0.5
14.138502 27.429887 0.70308596 0.1308835 6.274711 0.5
6.0807374 3.4330815 -0.024655976 -0.41025768 1.301021 0.5
5.6448746 14.448285 -0.016018921 0.070858172 3.538852 0.5
20.496818 18.527976 0.33444717 0.4346247 1.72413 0.5
9.1914007 13.355603 0.48345881 -0.050170995 0.779811 0.5
18.568562 11.826442 0.22754696 -0.29291061 1.209651 0.5
12.853 11.576193 -0.14671939 -0.056151979 5.377079 0.5
15.684355 21.526388 0.33804499 0.067270452 3.122843 0.5
10.400279 7.2962098 -0.013936376 -0.6750854 4.105439 0.5
10.810896 4.7332568 0.086391368 -0.12422052 2.246795 0.5
2.9620486 18.88182 -0.44336466 -0.44813873 3.468535 0.5
18.479895 9.659045 -0.06019795 -0.38901728 5.532293 0.5
16.36095 4.37639 0.030817253 0.036473786 0.531572 0.5
10.757882 15.042218 -0.064250797 0.16593293 5.261584 0.5
15.66013 14.33659 0.29453366 0.44765766 0.040113 0.5
6.6061648 17.087539 0.44363769 -0.15665917 4.576591 0.5
0.62586282 12.81759 -0.0065648202 -0.23538499 0.209824 0.5
9.9837533 22.481299 0.31356198 -0.15052378 1.770879 0.5
4.7104065 19.047748 -0.36611674 -0.42262773 4.791815 0.5
10.627852 26.888941 0.14133666 0.21161581 2.522673 0.5
23.230107 11.230807 0.29149188 -0.17249307 3.232151 0.5
12.32497 9.3203982 0.20754891 -0.075555871 0.943125 0.5
14.501993 5.4574144 0.12307591 -0.12101254 1.031271 0.5
6.8011046 9.3316616 0.50678362 -0.020222936 1.523797 0.5
26.174035 17.801792 0.27010241 0.025315355 1.787492 0.5
16.280421 1.9078475 -0.5151039 -0.027078376 3.056837 0.5
16.1598 3.2617953 0.044252405 -0.041198195 3.332967 0.5
7.8254619 21.29282 0.10904513 -0.13396967 3.889918 0.5
2.7219467 16.808561 -0.039270587 0.08635971 1.775857 0.5
17.872046 3.2570504 0.075930878 0.26107573 4.33857 0.5
4.4873114 6.6890895 -0.23343029 -0.18670968 2.652322 0.5
20.22755 24.232768 -0.092006421 0.50260633 1.360759 0.5
9.4658014 6.7176386 0.66620562 0.099886396 1.350476 0.5
1.8434235 11.433036 -0.49969437 -0.19492484 3.139709 0.5
14.056391 13.301702 0.18990326 0.010777029 3.877928 0.5
24.477596 15.299126 -0.22373919 -0.25494915 4.111005 0.5
10.990902 18.826868 0.0032205696 -0.2254893 4.354529 0.5
1.5890764 10.387295 -0.046514482 -0.01326595 1.958136 0.5
1.6051929 18.487336 0.32028584 -0.2994011 1.935129 0.5
16.735049 13.52549 0.72205199 -0.17579548 0.983243 0.5
11.775135 3.8454257 -0.41176958 0.14350282 4.524452 0.5
8.8200706 18.542201 -0.23922122 0.15007018 4.628506 0.5
19.191536 10.879006 0.14080661 -0.6910539 4.619789 0.5
4.9296168 21.014439 -0.37096332 -0.18951309 6.246698 0.5
5.6343316 18.023579 0.084391613 0.15095955 2.597917 0.5
10.150956 10.566954 0.087203035 -0.013880608 5.540445 0.5
23.708187 16.480538 -0.15107068 -0.32089574 1.135786 0.5
3.3970543 13.066462 0.19758336 0.34227641 0.649744 0.5
11.737641 20.825565 -0.091651383 -0.22399492 4.647872 0.5
23.721349 8.6695262 0.58589757 -0.58085945 3.116928 0.5
13.479564 19.455108 0.029246247 -0.35170635 1.058365 0.5
18.785302 1.4244211 -0.025416302 -0.084463668 1.223223 0.5
12.223398 13.505832 -0.2703168 -0.32415143 6.185729 0.5
12.312316 18.653745 0.036923442 -0.3106496 5.03693 0.5
10.026293 8.9422377 -0.056996975 0.048590576 0.158334 0.5
25.999323 8.3498406 0.14770085 0.23979604 0.09489 0.5
7.2682536 7.3683098 -0.3171971 -0.24252185 3.182579 0.5
7.8454787 20.106615 0.091157979 -0.3260064 5.999337 0.5
2.8855367 12.132874 -0.13384384 0.54070501 0.712677 0.5
23.043197 5.5472162 -0.15573246 -0.17588186 1.70588 0.5
17.893712 21.443265 -0.42625933 0.47531803 5.092516 0.5
5.4339845 16.857404 0.21405402 0.50793643 0.506989 0.5
8.5522906 5.9351212 0.24857533 0.28880246 4.452103 0.5
24.983736 12.098169 0.25264628 0.16398901 3.429354 0.5
5.7347358 8.7168751 -0.11501685 0.36363285 5.942963 0.5
22.190211 24.691406 0.44198712 -0.10257034 2.062723 0.5
8.2228976 8.9761877 0.027585044 -0.11802489 2.598321 0.5
24.692186 13.501648 0.16437359 0.060942328 6.159219 0.5
4.499119 8.829415 -0.07952937 -0.017322838 1.488917 0.5
13.292805 22.210367 0.18123471 0.040979197 1.927238 0.5
10.230216 3.2762997 -0.17016535 -0.25566059 3.98558 0.5
2.6230889 15.557412 0.46074598 -0.14707039 3.515453 0.5
12.556721 14.731365 -0.16387552 0.15981801 3.362574 0.5
21.091788 3.1916768 0.39419398 -0.54340006 2.617045 0.5
4.2295756 20.051007 -0.0024688791 0.14612314 4.416501 0.5
13.769519 4.4503144 -0.30747055 -0.0030187254 2.357123 0.5
3.7319 17.910512 -0.28638371 -0.093851314 0.027213 0.5
9.1569135 3.421018 -0.19430128 0.064505415 3.270335 0.5
11.498536 7.7257299 0.27224181 0.092951692 5.133302 0.5
10.340131 12.851563 0.01031122 0.18826354 4.163048 0.5
21.90447 4.7426606 -0.22219667 0.1581842 3.93618 0.5
11.619602 10.952879 -0.078207884 -0.079671963 5.951127 0.5
25.824235 14.431243 -0.32532424 0.081791491 4.082451 0.5
10.126772 13.960216 -0.097743106 0.10698374 1.780305 0.5
16.336341 12.195613 0.58589879 -0.20616274 2.847882 0.5
24.067719 6.8141473 -0.1254218 0.29929251 1.767937 0.5
1.0050155 13.956399 -0.32154955 0.097772435 0.00135 0.5
15.105685 6.3789341 -0.028797193 -0.15902551 5.312468 0.5
5.5032912 20.057782 0.019222239 -0.12393056 0.320289 0.5
25.212463 18.265144 -0.23693409 0.53171092 0.581132 0.5
6.0202305 4.7643608 0.10575174 0.3499325 3.087421 0.5
5.8985147 7.3108666 0.09435438 -0.24632303 3.560403 0.5
11.697261 26.484216 0.12232971 -0.71940662 0.555117 0.5
3.7238094 14.617293 0.32297486 -0.13120006 6.220608 0.5
23.992562 22.046188 0.099378601 -0.44386212 5.652715 0.5
1.3198046 17.370406 0.16320108 0.34280613 0.827952 0.5
11.227064 9.4300832 -0.046688465 -0.031607662 1.054048 0.5
8.3547728 16.002858 -0.01178257 -0.36956732 0.319962 0.5
14.415298 20.191106 -0.53271531 0.39823993 2.464344 0.5
1.9724584 14.466155 0.23867944 -0.46930137 3.780782 0.5
22.351265 3.4640749 0.13900209 0.12085735 0.745414 0.5
20.563574 6.4869438 -0.49954994 -0.31703432 3.348875 0.5
19.381846 17.107742 0.25102208 0.38438357 5.365761 0.5
10.043605 17.890748 -0.38472142 -0.32142349 0.445642 0.5
5.8362624 9.8862947 0.032445867 -0.19527841 2.979068 0.5
3.8152869 22.512649 0.3272641 0.55156229 2.813895 0.5
14.566122 24.746365 0.44791166 -0.09471123 4.039246 0.5
21.044435 8.300116 -0.33515054 0.1303022 4.602055 0.5
16.826127 9.7713578 -0.16129112 -0.18407934 1.676583 0.5
9.0881106 8.1467274 -0.45813119 0.32366343 1.207935 0.5
14.011904 0.74916261 0.093263174 -0.19738626 6.164191 0.5
9.1596323 12.018342 -0.38024057 -0.10280684 1.491784 0.5
12.606993 0.91409627 0.29194917 -0.12550637 6.269379 0.5
7.7417285 19.010215 0.34099472 -0.19568137 0.35856 0.5
20.174497 2.4329217 0.15931545 0.073723091 0.326238 0.5
14.225353 12.130295 0.25581509 -0.75163068 1.608548 0.5
20.082922 15.574856 0.25549786 -0.19237514 2.616667 0.5
23.304237 14.019337 -0.1727875 -0.049287665 0.410672 0.5
20.186242 25.607884 -0.77838117 -0.43608555 3.210668 0.5
9.7866306 1.4860985 -0.11519754 -0.093878421 0.309541 0.5
10.268894 16.355334 0.19910248 0.14717217 1.761874 0.5
5.1122749 10.96454 0.079426182 0.16694026 4.731547 0.5
17.837254 5.3786387 0.055334694 0.28813328 0.313065 0.5
7.9023249 4.3076363 0.037778388 -0.041959214 0.087229 0.5
26.335741 11.201119 0.10994183 -0.23824486 5.713071 0.5
18.750708 6.8212518 -0.28501928 0.061432444 0.34983 0.5
9.6011021 20.070048 0.080592629 0.17706728 2.015368 0.5
17.116736 17.560463 0.060935609 0.051538323 0.42176 0.5
8.6911391 23.710883 -0.19586984 -0.063440043 5.580866 0.5
19.947519 8.4784506 -0.21793931 -0.058427503 4.066321 0.5
9.7512705 5.2800693 -0.087520649 0.15585359 5.863794 0.5
1.912986 13.23421 0.024280809 -0.4152142 5.355125 0.5
12.336633 4.8316367 0.26206829 -0.040692875 5.404824 0.5
17.853949 15.739915 -0.12684428 -0.37505224 1.361005 0.5
11.596295 2.7388727 -0.12018277 -0.35427792 5.19755 0.5
4.5174598 15.703114 0.21321121 0.012698244 5.853071 0.5
7.534799 6.275374 -0.098259898 0.527136 2.830697 0.5
8.841532 2.1005202 0.26702368 -0.26145807 3.251414 0.5
18.946376 15.186155 -0.22994003 -0.58790655 3.305262 0.5
4.8596878 4.4727193 0.095804126 0.28590873 3.841898 0.5
18.787646 13.970374 -0.17944019 -0.033966896 4.917041 0.5
7.7568537 22.543345 -0.064276868 -0.53304634 1.726803 0.5
23.134121 12.92179 -0.49182593 -0.33799703 2.534849 0.5
6.4964582 12.469556 -0.19578998 -0.62262434 1.985571 0.5
19.412474 3.6596307 -0.23971108 0.11476037 5.636684 0.5
7.3339489 2.7112642 -0.36152169 -0.1281597 0.642493 0.5
15.002889 15.873211 0.21404844 -0.3913193 5.796573 0.5
27.069971 15.896672 -0.2849482 0.056242622 4.738871 0.5
18.702009 18.276676 -0.085447423 -0.058200243 1.568073 0.5
21.307668 15.067466 0.4117647 -0.11135357 2.749741 0.5
3.3083994 6.7955424 -0.088598432 0.2279135 1.171823 0.5
23.34119 15.243769 0.50407677 0.57727047 2.226958 0.5
18.534993 8.1355327 -0.24389153 0.28845504 1.548545 0.5
13.689445 3.3163279 0.011602864 0.19610261 3.653333 0.5
18.701761 19.379677 0.18299565 0.25814325 4.394256 0.5
9.0225737 10.693306 -0.3631834 -0.059854653 0.605652 0.5
21.158236 12.409705 0.32385 0.13805384 3.106146 0.5
6.6390712 18.605744 -0.33481711 0.13361825 3.095002 0.5
16.906639 26.956099 0.021463408 -0.055076534 1.841384 0.5
7.8491732 17.310984 -0.11643561 -0.44845426 6.034028 0.5
14.629095 9.2315669 -0.37040033 -0.25331132 1.857551 0.5
3.9630431 11.970355 0.33216304 0.36472019 1.702664 0.5
22.974255 21.740763 0.9247805 -0.36636419 1.16125 0.5
8.8391846 22.467262 0.40911073 -0.13598051 4.720586 0.5
7.4332351 10.355585 0.35530953 -0.41219336 0.205718 0.5
16.362104 16.36537 -0.040155435 -0.49540404 5.820667 0.5
26.196568 9.5287975 0.090395365 -0.3590174 3.894129 0.5
3.5338956 20.873525 0.030436168 -0.2974713 3.074393 0.5
20.98709 19.79064 0.20151383 -0.097619451 0.467747 0.5
11.740964 17.749893 0.31768748 -0.19130163 5.60533 0.5
12.865631 25.61771 0.17431203 0.0012953255 6.227367 0.5
24.674355 21.028038 -0.11605568 -1.3311258 5.177094 0.5
21.785775 11.356102 -0.004384365 0.037202875 0.203779 0.5
20.563718 5.0923886 0.30375193 -0.027271167 6.095105 0.5
4.1189784 16.888289 -0.092694374 -0.22436356 5.150288 0.5
0.63315251 15.040257 0.1472809 0.329222 3.059892 0.5
21.972619 16.52992 -0.60009716 -1.495026 3.692189 0.5
9.7621844 24.050784 0.13470283 -0.17131589 3.246869 0.5
16.314879 19.985688 0.013686273 0.33106909 2.032293 0.5
17.29947 14.664732 0.11800758 0.1206665 6.136396 0.5
17.690707 18.664608 -0.14927243 0.041695409 4.563161 0.5
2.011023 20.068384 0.19463032 -0.24407492 5.916686 0.5
24.150391 19.725061 0.52928295 0.15231563 1.344992 0.5
6.3642041 5.9770226 0.13541336 0.0091147594 3.633442 0.5
8.1689854 13.869972 0.28703074 -0.055938579 2.78777 0.5
20.993778 9.9863665 -0.2910088 0.19409299 1.483056 0.5
25.910081 19.583765 0.54738577 -0.60619822 0.879468 0.5
1.6264578 8.7460824 0.13115348 -0.044891308 4.923104 0.5
7.9463736 12.746628 -0.074547968 0.2064717 5.350229 0.5
11.801158 12.255377 0.25957021 0.3979753 1.508644 0.5
15.777098 7.3579434 -0.44769381 0.04109567 4.32761 0.5
8.2675642 24.927699 0.26211569 -0.37714493 1.3724 0.5
6.0639733 15.860337 0.23076037 0.07753645 2.64206 0.5
7.5734996 15.065413 -0.250231 -0.086149784 2.466218 0.5
6.811044 13.881423 -0.26099241 -0.34172468 0.69625 0.5
4.4563264 13.84897 -0.27908251 -0.026271853 0.502972 0.5
3.8893631 9.8824595 0.2450077 -0.28667666 4.066135 0.5
16.601597 10.94871 -0.13429902 0.15765311 3.026607 0.5
24.257815 10.375728 0.47541237 -0.51093747 6.171553 0.5
4.8284657 23.395154 0.020557022 -0.18493827 3.767955 0.5
7.1707114 5.1610412 -0.52815618 0.029337186 5.349705 0.5
12.449403 6.5094895 0.33319087 -0.10124845 3.28374 0.5
22.424023 7.7317555 0.046170844 -0.3085083 1.964272 0.5
10.646357 11.604474 0.24490504 0.33823068 1.170799 0.5
6.7679604 20.510208 0.0072249031 -0.025062533 0.802835 0.5
2.3793657 7.9114756 0.18196813 -0.086146956 5.063896 0.5
14.844736 22.238734 -0.25383983 0.1622432 2.243796 0.5
19.208701 12.915659 0.091975554 -0.022712836 5.270568 0.5
18.623997 22.283184 -0.53605205 0.0046727427 5.757172 0.5
26.998854 17.08264 -0.046905272 -0.20284978 5.271397 0.5
15.17228 3.9691942 0.28488044 0.27190115 3.151318 0.5
5.0625605 22.229077 -0.14759869 -0.12147353 0.221595 0.5
15.248003 10.420028 0.31722814 0.090083449 1.510648 0.5
21.966885 21.269396 -0.026953061 0.12853376 5.29405 0.5
16.451381 24.920852 0.2431355 0.039549095 2.737677 0.5
19.821351 9.9050057 0.64496705 0.15400779 4.134415 0.5
15.06446 2.7121536 0.032274351 -0.12296821 1.432456 0.5
12.987683 16.304531 0.36654458 -0.14785456 2.840655 0.5
9.3122215 16.979853 0.035086979 0.044547241 2.899005 0.5
11.665769 25.271413 -0.31471422 -0.14747342 4.137855 0.5
12.869558 2.1624899 -0.012655755 -0.35269128 1.992807 0.5
13.864128 15.034485 0.18568294 0.50030033 0.375558 0.5
6.6833072 24.815785 0.24296566 -0.20086305 0.629977 0.5
9.2437129 15.330886 0.030411288 -0.32741053 5.301885 0.5
3.0228448 8.8644726 -0.34393338 0.092848213 1.197725 0.5
14.242678 7.7096457 -0.065851976 -0.32337261 2.939026 0.5
6.3356385 11.378018 0.1970756 0.17053935 3.912909 0.5
24.022994 17.508572 -0.071893991 -0.13077782 3.115045 0.5
9.8645413 21.169453 0.079794329 0.36212052 1.662001 0.5
22.319052 17.873543 -0.46882608 0.52997536 0.131507 0.5
