# x y vx vy theta radius
5.9716707 22.169565 -1.7471883 -0.60353769 3.7671018 0.5
17.052084 26.87034 -0.10426994 -0.0065164391 1.764168 0.5
13.708624 16.7939 -0.065147311 0.16972552 3.951996 0.5
21.989094 6.3180301 0.32266065 0.06905194 4.259518 0.5
27.119035 14.513703 0.60212513 0.10626693 1.882067 0.5
21.613792 10.564382 -0.22780796 0.25074358 0.92276 0.5
16.506738 18.283775 0.55314856 0.20803305 4.981497 0.5
24.628524 6.3694478 0.068641527 -0.31833356 0.663689 0.5
16.04542 0.95557763 0.039408787 0.29146895 4.599871 0.5
13.581331 20.801831 0.24101184 0.2795621 3.315122 0.5
22.482512 4.0561442 -0.24538052 0.090462228 5.224588 0.5
1.8420938 13.621262 0.25649647 0.0091514636 4.739779 0.5
15.554987 22.323436 -0.3567222 0.6395151 0.624425 0.5
9.2139245 13.466981 -0.0065120929 0.32791464 0.734434 0.5
23.160954 16.032167 0.064693542 -0.030325592 4.989084 0.5
20.874633 14.265049 -0.0013352176 -0.30263148 2.508867 0.5
17.882734 11.678113 0.15382838 0.35252459 5.939565 0.5
4.9570029 9.7413977 0.26073743 -0.34339488 0.028815 0.5
3.0179748 9.7442728 -0.24322689 0.37904819 3.449449 0.5
17.678388 8.9218512 0.16765069 -0.16440529 0.592282 0.5
15.333374 6.9068998 -0.2439048 -0.2402507 6.045768 0.5
19.901983 13.584961 0.097685807 -0.33833563 0.890473 0.5
18.641396 3.9785085 0.15342818 -0.4435878 2.353219 0.5
15.687103 12.852993 -0.55140571 0.1975702 1.672869 0.5
21.132846 4.1559193 0.089897769 0.0026827786 4.21507 0.5
15.501625 10.54009 -0.16865325 0.041217863 0.4829 0.5
23.736494 7.5229488 0.41152762 0.11557438 6.274711 0.5
17.172542 10.441667 0.35254139 0.012919508 1.301021 0.5
17.024988 5.6846226 0.068816793 0.012242386 3.538852 0.5
10.993623 4.0942634 0.30925817 0.41249261 1.72413 0.5
22.907155 19.107303 -0.078970684 0.25122599 0.779811 0.5
26.071133 8.3166288 0.044158271 0.32198915 1.209651 0.5
24.796897 9.3869653 0.090584908 0.19930205 5.377079 0.5
14.786725 14.386587 0.015087636 -0.069102349 3.122843 0.5
23.787132 11.617294 0.13196846 -0.13104882 4.105439 0.5
6.934065 4.8350343 -0.059801976 0.39151899 2.246795 0.5
22.812558 9.8075424 -0.22932185 0.27474225 3.468535 0.5
6.4047465 15.953132 0.39496005 0.14628251 5.532293 0.5
16.241481 13.96576 -0.080173284 0.19695271 0.531572 0.5
11.492722 0.92751879 0.25021885 -0.35391038 5.261584 0.5
18.842975 20.848611 -0.32032957 0.075047085 0.040113 0.5
12.157698 2.9719132 -0.078510072 0.14169865 4.576591 0.5
18.146651 6.9173642 -0.062025363 0.15959375 0.209824 0.5
9.6557768 8.5335502 0.27739347 -0.42997176 1.770879 0.5
22.36339 20.697161 0.058215921 -0.03801288 4.791815 0.5
2.2312929 19.637969 0.046232408 0.1733793 2.522673 0.5
25.696579 15.508118 -0.43030128 -0.056367776 3.232151 0.5
14.516034 3.9941703 -0.55526456 -0.20221983 0.943125 0.5
14.724971 0.85805613 0.17060121 0.20406686 1.031271 0.5
18.181937 21.734853 -0.62246342 -0.26700367 1.523797 0.5
23.893524 10.091324 0.088469221 0.052033656 1.787492 0.5
19.797303 2.2628217 0.25698313 -0.095318137 3.056837 0.5
8.7822291 9.8665448 -0.020612103 -0.34254277 3.332967 0.5
10.762858 19.59275 -0.019843482 0.42718783 3.889918 0.5
12.425201 6.356362 -0.0029332135 -0.35815636 1.775857 0.5
6.912779 3.6901798 0.049899693 -0.078272039 4.33857 0.5
7.2117084 16.684687 0.20284484 0.8360075 2.652322 0.5
8.5036787 8.1362064 -0.36604547 -0.10473198 1.360759 0.5
16.045347 15.191693 -0.37658909 0.044285545 1.350476 0.5
4.5389927 10.891674 0.54788038 0.37893336 3.139709 0.5
6.8148441 23.480094 -0.16588675 0.024512029 3.877928 0.5
7.7248538 11.326651 0.22272859 -0.3176481 4.111005 0.5
26.819101 12.402619 0.25873829 -0.081058194 4.354529 0.5
7.6275555 2.8862303 0.087926092 0.29273161 1.958136 0.5
22.648827 11.426091 -0.055072322 0.0046830483 1.935129 0.5
24.69015 10.883098 0.012832823 0.19251128 0.983243 0.5
3.4914373 6.055698 -0.22146235 0.035296344 4.524452 0.5
19.950227 20.961915 0.11738519 0.18412163 4.628506 0.5
8.2261865 12.92441 -0.18287045 -0.29942382 4.619789 0.5
14.787507 24.681396 -0.56255636 0.31971512 6.246698 0.5
5.7628098 3.9537071 0.58793056 0.35555123 2.597917 0.5
17.169133 13.050423 -0.3446001 -0.35340782 5.540445 0.5
19.922539 7.3409285 -0.033669443 -0.24194884 1.135786 0.5
14.798261 8.0593832 0.086101433 -0.1094157 0.649744 0.5
4.6772307 20.357572 0.047651695 0.082536701 4.647872 0.5
14.267696 19.730496 0.39239315 0.14828313 3.116928 0.5
17.595255 17.004816 0.3532943 -0.23210342 1.058365 0.5
8.826963 6.9309892 -0.0044431454 0.14389597 1.223223 0.5
20.643116 23.930624 0.89277741 0.037776189 6.185729 0.5
20.185272 11.002868 0.0093184487 -0.21009154 5.03693 0.5
4.5552875 4.5808381 -0.35022693 -0.63751552 0.158334 0.5
14.381407 18.517618 -0.046991769 -0.040963513 0.09489 0.5
8.1238493 15.181601 -0.16078703 -0.013045722 3.182579 0.5
8.0049178 25.421185 -0.1021421 1.0765001 5.999337 0.5
18.013917 23.81738 0.46822123 0.10108886 0.712677 0.5
22.442759 14.649646 -0.23212499 0.2207444 1.70588 0.5
19.604352 14.678145 -0.29851454 0.0051516385 5.092516 0.5
4.5960696 5.9452527 0.19823034 -0.040868331 0.506989 0.5
16.277874 9.5584042 -0.23365045 0.079083735 4.452103 0.5
23.538385 22.404555 0.27259939 -0.0017250319 3.429354 0.5
23.859555 18.559841 -0.51045784 -0.020236794 5.942963 0.5
21.900001 17.679807 -0.00063066361 0.2317239 2.062723 0.5
2.9690969 15.605417 -0.13529397 0.21176707 2.598321 0.5
14.320191 11.456202 -0.34631444 -0.11031898 6.159219 0.5
25.171332 12.560534 -0.15962028 -0.027441996 1.488917 0.5
23.333541 5.0529146 -0.11067164 0.10452769 1.927238 0.5
4.0713949 12.443345 0.086677933 -0.42787774 3.98558 0.5
2.6270629 7.7423129 -0.30088674 -0.064729365 3.515453 0.5
11.47464 26.793026 -0.47819722 0.11165951 3.362574 0.5
3.9344788 8.5442919 0.097582677 -0.077425403 2.617045 0.5
18.281534 26.63615 -0.3318972 0.37998548 4.416501 0.5
14.735526 2.6433711 0.29981742 0.14879666 2.357123 0.5
21.839952 21.942249 -0.2628471 0.03603712 0.027213 0.5
11.571129 21.291091 0.79568295 -0.21161301 3.270335 0.5
15.546206 18.934314 0.27831836 0.043882179 5.133302 0.5
3.5039331 18.787861 -0.13403653 -0.94255054 4.163048 0.5
7.4550166 7.191084 -0.06362907 0.015074404 3.93618 0.5
7.0967175 6.1110576 0.43384681 -0.44282401 5.951127 0.5
25.270232 19.158317 0.08209863 0.043977423 4.082451 0.5
23.590923 8.9021049 0.22305991 0.022321539 1.780305 0.5
10.717391 6.43074 -0.15022438 0.24936709 2.847882 0.5
11.317559 9.1857847 -0.0079271728 -0.15094838 1.767937 0.5
20.092072 4.5974001 -0.079485034 0.048594676 0.00135 0.5
3.452261 10.803622 -0.073980399 -0.25458525 5.312468 0.5
20.860418 5.8869208 -0.0097887071 -0.012656641 0.320289 0.5
20.823769 8.6628938 -0.037243238 -0.26204101 0.581132 0.5
11.261857 2.2513311 0.19656379 0.27601401 3.087421 0.5
11.385382 10.576729 0.32668416 -0.37719313 3.560403 0.5
24.43571 19.930914 -0.39779627 0.069555046 0.555117 0.5
20.705636 15.356554 -0.32432738 -0.022293302 6.220608 0.5
25.90231 11.720132 0.39256505 0.33956598 5.652715 0.5
9.1668516 1.8018195 -0.093940434 -0.14977354 0.827952 0.5
15.190229 15.988657 0.075012888 0.18534332 1.054048 0.5
23.711573 21.207248 0.28761592 -0.48794266 0.319962 0.5
15.015517 9.2509314 -0.42788138 -0.014465972 2.464344 0.5
16.705391 8.5020677 -0.0016274209 0.029550472 3.780782 0.5
13.342949 25.503134 0.055046632 0.50736374 0.745414 0.5
16.83976 11.848228 0.29736006 0.0094959474 3.348875 0.5
11.547008 24.333749 -0.68510003 -0.029761825 5.365761 0.5
21.724749 23.754134 -0.1576608 -0.0032226378 0.445642 0.5
22.424349 13.326681 0.46635244 -0.17339286 2.979068 0.5
8.818109 19.242661 0.17610722 0.49864082 2.813895 0.5
11.09927 23.15255 0.37873479 0.18300647 4.039246 0.5
20.102867 9.7893395 0.14359418 0.069085603 4.602055 0.5
13.654151 6.9537869 0.10490724 -0.40318691 1.676583 0.5
10.237172 9.7640749 -0.22108046 -0.14041006 1.207935 0.5
27.154126 11.324223 -0.056457759 0.15824599 6.164191 0.5
26.395648 18.947681 0.2788486 0.63098231 1.491784 0.5
9.2818929 11.225837 0.22086107 -0.50674182 6.269379 0.5
4.9638354 14.297762 0.043080899 -0.027142316 0.35856 0.5
5.0057667 8.2220623 0.026919737 -0.24097219 0.326238 0.5
12.124572 7.6300593 0.16104391 0.34683833 1.608548 0.5
15.333049 26.104737 -0.1865874 -0.21235381 2.616667 0.5
15.721617 11.743757 -0.036248244 -0.59574739 0.410672 0.5
20.596599 19.687725 -0.2132764 0.051396139 3.210668 0.5
18.601802 17.91455 -0.018841604 0.14238856 0.309541 0.5
6.3945738 10.722695 0.43868904 0.55559709 1.761874 0.5
18.976514 16.525788 0.30838195 -0.04182443 4.731547 0.5
10.377472 13.409772 0.48959675 0.3880714 0.313065 0.5
17.320489 20.14851 0.254535 -0.21853606 0.087229 0.5
10.225347 25.857071 -0.67721305 0.61259582 5.713071 0.5
10.375612 15.910647 0.31935425 0.29872863 0.34983 0.5
13.545355 5.0933396 -0.099897942 0.0050248457 2.015368 0.5
20.020023 25.833033 -0.41046007 0.060759242 0.42176 0.5
20.467898 12.399773 0.49536864 -0.088258478 5.580866 0.5
14.436009 21.67943 -0.19114939 0.14600746 4.066321 0.5
12.74629 9.1490868 0.047786847 -0.15988418 5.863794 0.5
12.335875 20.457634 -0.31335765 0.27357039 5.355125 0.5
18.14706 24.936533 0.31760132 -0.67478077 5.404824 0.5
23.776649 17.143426 -0.11353523 -0.33608329 1.361005 0.5
25.234616 17.781179 0.36351796 0.21569967 5.19755 0.5
9.7435379 5.3511358 -0.27755889 -0.42920631 5.853071 0.5
13.205197 8.0542261 -0.26906996 -0.13709288 2.830697 0.5
13.176246 12.90995 0.072019841 -0.19834698 3.251414 0.5
2.1376417 10.609306 -0.1950397 0.76813733 3.305262 0.5
1.5642375 15.521751 -0.054024153 0.21760996 3.841898 0.5
9.9695478 2.6940638 0.30287255 -0.19940771 4.917041 0.5
6.1518529 8.5232217 0.37395429 -0.30167948 1.726803 0.5
19.165111 24.019861 -0.03272026 0.133805 2.534849 0.5
16.920724 25.452492 -0.24362109 -1.232979 1.985571 0.5
11.788058 16.937693 -0.029580697 0.22826425 5.636684 0.5
23.122014 23.739229 -0.25900915 0.63021018 0.642493 0.5
12.927301 14.023618 -0.21795871 -0.040948208 5.796573 0.5
13.073805 3.7759606 0.12025949 -0.035237394 4.738871 0.5
2.0812114 9.0677428 -0.021796649 -0.43547036 1.568073 0.5
8.0600842 3.9894272 -0.17763383 0.18013146 2.749741 0.5
16.27255 3.4177897 0.14035687 0.30370954 1.171823 0.5
26.295842 16.477489 -0.69442062 0.76342535 2.226958 0.5
25.530657 14.326917 0.38827338 0.085076853 1.548545 0.5
21.627783 12.309956 -0.14470505 -0.059971474 3.653333 0.5
14.550615 13.163208 0.044835833 -0.17157136 4.394256 0.5
12.094953 4.2808494 -0.11699798 -0.53126319 0.605652 0.5
8.5140648 5.1065397 -0.39859744 -0.37515965 3.106146 0.5
20.620764 18.575749 0.49468997 0.15811082 3.095002 0.5
16.905585 1.647271 -0.002988299 0.087238696 1.841384 0.5
20.201386 3.462506 0.14353664 -0.32363108 6.034028 0.5
19.391773 5.9126182 -0.38796109 -0.094383936 1.857551 0.5
22.088962 8.9444899 0.01537475 0.13127959 1.702664 0.5
18.993264 12.717752 0.47330377 -0.011485266 1.16125 0.5
9.5046702 24.166756 0.056629616 -0.38749477 4.720586 0.5
16.461978 16.95732 -0.082852965 -0.14570983 0.205718 0.5
12.880404 0.63141791 0.10555813 -0.9001457 5.820667 0.5
20.946953 2.5863321 0.32919792 -0.079393357 3.894129 0.5
8.1892802 20.454179 0.86635307 0.76676692 3.074393 0.5
18.040324 1.6418022 0.032518685 -0.070826978 0.467747 0.5
26.488913 13.633383 -0.67242799 -0.20371551 5.60533 0.5
15.893991 2.1719925 0.14165334 -0.54346697 6.227367 0.5
8.391949 16.864039 0.53422569 -0.75241787 5.177094 0.5
10.020111 23.106042 -0.20913206 0.80626633 0.203779 0.5
13.290434 15.445523 -0.064794468 0.26384506 6.095105 0.5
17.596625 18.847869 -0.61414852 0.4577826 5.150288 0.5
24.749655 8.2095654 -0.023475172 0.11072448 3.059892 0.5
7.7122235 9.2827603 0.70988388 -0.31762681 3.692189 0.5
12.859531 21.848875 -0.41100727 0.27146515 3.246869 0.5
3.6567674 14.495121 -0.63499966 -0.50627949 2.032293 0.5
3.2373579 21.565708 0.5797676 -0.047919153 6.136396 0.5
22.659203 7.7921191 0.2888436 0.0041810021 4.563161 0.5
18.287792 14.245636 0.5565398 -0.091537 5.916686 0.5
11.546651 5.2801264 0.18004504 0.4547442 1.344992 0.5
11.464912 14.211877 0.21874515 0.12710263 3.633442 0.5
12.928487 11.366769 0.35364447 -0.2196421 2.78777 0.5
6.9767716 25.116881 -0.059186169 1.3949502 1.483056 0.5
6.604942 18.599269 0.24096377 -0.054482552 0.879468 0.5
4.6829722 17.072541 0.24540461 0.10537153 4.923104 0.5
19.296738 18.800009 0.19809901 -0.21700662 5.350229 0.5
21.702388 24.918073 0.070243684 0.14153003 1.508644 0.5
7.0738652 12.621348 0.038143899 -0.017735768 4.32761 0.5
12.048635 12.991309 0.040033971 0.45698246 1.3724 0.5
18.428363 10.313485 0.28245931 0.13706047 2.64206 0.5
16.942216 22.971832 0.13959279 0.79847397 2.466218 0.5
11.756192 11.7089 -0.17169489 0.19850215 0.69625 0.5
17.376342 4.0383933 -0.5783195 -0.071518293 0.502972 0.5
15.461452 5.0265908 -0.32567397 -0.32683068 4.066135 0.5
19.577999 8.722107 -0.19190611 0.14355459 3.026607 0.5
0.89087332 11.360889 -0.17656517 -0.13380155 6.171553 0.5
5.9640605 5.2921752 0.004472587 -0.17247367 3.767955 0.5
21.856702 5.1061335 0.14760457 -0.047874802 5.349705 0.5
8.1578495 18.381509 0.30937262 0.28266673 3.28374 0.5
26.236554 10.510464 0.17966786 -0.0045466391 1.964272 0.5
26.424252 9.3976849 0.18415588 -0.30730268 1.170799 0.5
14.366631 5.9793873 -0.030859115 -0.632529 0.802835 0.5
17.642719 15.376392 0.34629673 -0.10886824 5.063896 0.5
7.3135391 13.987529 -0.16171179 -0.33382511 2.243796 0.5
15.447077 17.454825 0.04541462 -0.48370847 5.270568 0.5
21.691758 19.537203 0.034092693 -0.55464136 5.757172 0.5
18.413641 19.768452 0.021131688 -0.21635829 5.271397 0.5
4.9878858 22.64023 -0.36321587 0.3984967 3.151318 0.5
12.557695 18.362473 0.14328009 -0.050437364 0.221595 0.5
21.373312 7.2050235 0.20659505 0.43934116 1.510648 0.5
20.806617 17.476779 -0.79912689 0.09782326 5.29405 0.5
19.350349 22.149437 -0.025700209 0.55943481 2.737677 0.5
11.676807 15.750512 -0.022439601 -0.24285386 4.134415 0.5
1.0086754 12.83594 -0.30882206 0.49534346 1.432456 0.5
6.0260108 14.21252 -0.071782986 0.13056767 2.840655 0.5
23.312052 12.568855 -0.36997603 -0.38160419 2.899005 0.5
16.728436 7.1675599 -0.12445784 0.25193469 4.137855 0.5
5.9512861 12.593798 -0.013101755 0.15477239 1.992807 0.5
10.281441 1.1957889 -0.28317963 0.38421304 0.375558 0.5
20.676286 22.644803 0.22230393 -0.48561911 0.629977 0.5
6.2578416 7.1948433 0.32138483 0.22699889 5.301885 0.5
10.154005 17.197186 -0.042829205 0.14551613 1.197725 0.5
23.848477 13.720696 0.41233117 -0.44912338 2.939026 0.5
25.531942 7.1849898 0.13032265 -0.035125302 3.912909 0.5
13.047357 2.0611699 0.2452422 -0.30857699 3.115045 0.5
6.3920844 20.52931 0.42970306 -0.40064449 1.662001 0.5
26.98643 17.437651 0.038068263 0.1349789 0.131507 0.5
