# x y vx vy theta radius
21.686488 16.396725 -1.1022601 0.51978008 3.6646271 0.5
16.771062 14.519509 -0.61535162 -0.11751399 1.764168 0.5
4.5145584 16.769559 -0.35926803 -0.17566195 3.951996 0.5
16.513983 27.201051 0.34929931 0.45829416 4.259518 0.5
8.3703436 21.89183 -0.09370557 -0.16013369 1.882067 0.5
3.0678005 21.535886 -0.029870661 0.22213471 0.92276 0.5
13.22256 19.989043 -0.085048515 0.15588262 4.981497 0.5
14.318192 19.844346 0.0012766856 -0.89729155 0.663689 0.5
14.200002 6.0723472 -0.20625851 -0.15970713 4.599871 0.5
10.878296 9.0465765 0.040578061 0.12071484 3.315122 0.5
20.096666 2.4684111 0.15005173 -0.19860962 5.224588 0.5
13.61513 11.0016 0.21237075 0.18168243 4.739779 0.5
16.629979 22.420952 -0.24179963 -0.51443299 0.624425 0.5
7.7221698 4.5539203 0.14174975 -0.030351272 0.734434 0.5
12.125079 25.216144 0.28821563 0.075666201 4.989084 0.5
15.871955 25.720158 -0.3201042 -0.57367582 2.508867 0.5
15.393913 4.8010856 -0.22178525 0.24226872 5.939565 0.5
7.5037547 10.20729 0.14201759 -0.39516881 0.028815 0.5
16.119479 23.328404 0.28001302 0.12133364 3.449449 0.5
21.25428 21.370197 0.1230334 -0.18491736 0.592282 0.5
26.195876 12.392769 -0.31607708 0.76517118 6.045768 0.5
15.483829 22.058533 0.15009973 -0.23837153 0.890473 0.5
12.736622 26.158926 0.302895 -0.064543671 2.353219 0.5
12.600859 17.88007 -0.2142295 0.33739378 1.672869 0.5
15.819469 13.883551 0.30348289 -0.16778991 4.21507 0.5
15.922273 15.099917 -0.1463532 0.30744852 0.4829 0.5
4.7947031 21.270162 -0.027923379 0.57755194 6.274711 0.5
10.088166 5.3763529 -0.21916711 -0.018376314 1.301021 0.5
17.796582 11.511913 -0.47422039 -0.2010906 3.538852 0.5
11.822405 8.4612911 0.082544293 0.37636573 1.72413 0.5
23.687638 19.623191 0.10157554 0.21574256 0.779811 0.5
9.9513791 7.7751396 0.19108781 0.46191017 1.209651 0.5
14.826027 14.399995 0.049814501 -0.37932957 5.377079 0.5
13.71908 17.903165 0.14070733 -0.36980147 3.122843 0.5
10.504438 23.030908 -0.16629048 0.32114277 4.105439 0.5
23.968115 22.393387 0.019196953 -0.1020668 2.246795 0.5
8.1428766 13.698789 -0.44610431 0.69379833 3.468535 0.5
4.5719016 23.550188 0.095540922 -0.55852998 5.532293 0.5
16.127435 17.002945 -0.40386718 0.083575011 0.531572 0.5
1.9838429 18.369635 -0.070911022 0.032719878 5.261584 0.5
11.251699 0.8486374 0.095402993 0.21242942 0.040113 0.5
22.48017 9.399321 0.51570847 -0.60813273 4.576591 0.5
7.0587039 13.288976 -0.24365473 0.4869861 0.209824 0.5
14.443018 26.209768 0.3383519 0.11317259 1.770879 0.5
1.5977296 17.194831 -0.198045 -0.083901397 4.791815 0.5
10.921718 24.700423 -0.54741005 -0.28439708 2.522673 0.5
14.500682 2.3545534 0.43444072 0.48709089 3.232151 0.5
20.428907 25.643831 -0.40643041 -0.16560205 0.943125 0.5
1.9304578 9.0525916 0.30280832 0.032228878 1.031271 0.5
17.525403 8.9931899 -0.28681087 0.088720186 1.523797 0.5
18.361156 8.0548821 -0.43480099 0.82008275 1.787492 0.5
6.9870702 17.609705 -0.026216187 0.21934469 3.056837 0.5
16.177013 19.16652 -0.39174984 0.15005158 3.332967 0.5
6.0860852 23.107161 0.26241624 -0.1305225 3.889918 0.5
17.615086 22.904127 0.22216149 0.19478407 1.775857 0.5
23.998384 5.4918727 0.24678865 -0.14906958 4.33857 0.5
26.14859 19.732705 -0.098845872 -0.06416134 2.652322 0.5
16.060307 24.535204 -0.037761925 0.2592255 1.360759 0.5
18.467011 25.172885 -0.19749721 -0.37701304 1.350476 0.5
12.875498 4.31205 -0.16649494 0.0050614265 3.139709 0.5
5.1523173 12.566701 -0.08867116 -0.088155241 3.877928 0.5
12.445113 5.5393357 -0.13230238 -0.41645292 4.111005 0.5
2.8715868 17.626789 0.22845406 0.3844729 4.354529 0.5
5.0548939 11.156931 -0.25338657 -0.18161015 1.958136 0.5
21.040127 19.757919 -0.56682155 0.14774473 1.935129 0.5
20.826213 22.722265 0.74899058 -0.21695286 0.983243 0.5
7.8195108 8.4618839 -0.18391529 0.81133129 4.524452 0.5
14.586463 22.853532 -0.20929638 -0.13378443 4.628506 0.5
10.370302 15.080369 -0.048389705 -0.23527069 4.619789 0.5
16.26017 20.820839 0.10875861 -0.23916048 6.246698 0.5
20.014237 7.3865442 -0.23052155 0.26658749 2.597917 0.5
6.1161325 21.926929 0.14880174 0.18319053 5.540445 0.5
3.9538614 11.729563 -0.18277896 -0.36126706 1.135786 0.5
13.608782 21.587218 -0.0015213899 -0.03024656 0.649744 0.5
2.1532263 11.056455 0.027606627 -0.059585774 4.647872 0.5
6.9193194 2.6544062 0.044456937 0.18169785 3.116928 0.5
11.069141 11.497396 -0.18044525 0.11579725 1.058365 0.5
10.209732 2.3189422 0.28678858 -0.38485944 1.223223 0.5
3.8515364 12.853061 -0.13589155 -0.23341339 6.185729 0.5
9.8691952 17.850876 -0.43158236 0.27475194 5.03693 0.5
20.328239 12.149269 -0.16957679 -0.53377224 0.158334 0.5
4.5854281 19.911763 -0.15557265 0.053996888 0.09489 0.5
8.4559553 7.5227137 0.46421619 -0.66888291 3.182579 0.5
4.070668 22.179414 -0.1107496 0.19665464 5.999337 0.5
13.554567 16.277841 0.0053370667 0.23038622 0.712677 0.5
21.876682 7.5890334 0.23593512 -0.21328999 1.70588 0.5
11.196804 18.616721 0.16823405 0.29289999 5.092516 0.5
8.6803818 26.244318 -0.10144574 -0.11956526 0.506989 0.5
21.353513 2.8486817 0.21514279 0.053779972 4.452103 0.5
8.9311102 5.763718 -0.39155144 0.16193157 3.429354 0.5
6.9580094 25.471314 0.037196065 -0.060950649 5.942963 0.5
11.747024 23.579653 -0.26551942 -0.44560323 2.062723 0.5
5.5536101 16.42513 0.048952966 0.022599346 2.598321 0.5
12.04281 12.857001 0.35649987 -0.028754093 6.159219 0.5
25.246822 21.063865 0.098811915 -0.16464052 1.488917 0.5
15.888732 18.065725 -0.42094081 0.70948139 1.927238 0.5
21.534002 6.5222272 -0.17767592 0.19533156 3.98558 0.5
8.9495629 18.604972 -0.13957722 -0.42093885 3.515453 0.5
12.585563 1.621347 0.17833184 -0.28510544 3.362574 0.5
9.1187494 8.6580979 0.61864479 0.29177461 2.617045 0.5
18.372706 5.1934197 0.039192701 -0.051723208 4.416501 0.5
25.856444 17.906013 -0.07694367 -0.22697772 2.357123 0.5
18.197682 19.662302 0.13693644 0.29309147 0.027213 0.5
15.619384 8.3614446 0.066732317 0.18029764 3.270335 0.5
10.208283 1.2137291 0.22084831 0.036554372 5.133302 0.5
10.565122 19.743027 0.1997811 -0.05005282 4.163048 0.5
23.469499 7.4229201 -0.56494485 0.33976044 3.93618 0.5
19.605051 9.3457148 -0.065662082 -0.64787752 5.951127 0.5
16.918976 13.350936 0.11343709 -0.16193071 4.082451 0.5
3.1308368 19.460919 -0.094671084 0.16676317 1.780305 0.5
20.037158 18.966417 -0.028769394 0.13653316 2.847882 0.5
7.9714447 18.170483 -0.16069407 0.16215912 1.767937 0.5
19.328993 6.1885828 0.049173629 -0.22770614 0.00135 0.5
18.670145 17.803149 -0.054068417 0.058133605 5.312468 0.5
10.862437 10.392987 -0.076508948 0.26549984 0.320289 0.5
9.8899351 21.18889 -0.2979633 -0.13098344 0.581132 0.5
9.6238179 13.689874 -0.21926662 0.23426126 3.087421 0.5
4.64105 8.2684437 0.21801363 -0.27805857 3.560403 0.5
14.777678 18.76142 -0.53028385 0.68695498 0.555117 0.5
4.6044467 9.4608027 -0.18357718 -0.0099289605 6.220608 0.5
6.5569888 15.477427 -0.035301888 -0.15930309 5.652715 0.5
11.014405 20.840279 -0.055656819 0.21977882 0.827952 0.5
19.296363 16.514329 0.26322981 0.41981124 1.054048 0.5
4.8282074 15.535215 0.23690714 -0.53135237 0.319962 0.5
17.165392 25.51083 0.23669778 0.17058952 2.464344 0.5
15.509015 6.0172584 -0.55065912 -0.79482924 3.780782 0.5
15.276476 11.989676 -0.16686159 0.11297163 0.745414 0.5
18.554168 21.923007 0.2686117 -0.073366006 3.348875 0.5
5.4885297 7.516511 0.074250907 -0.31805008 5.365761 0.5
21.119258 24.634801 0.0050468079 0.025503915 0.445642 0.5
3.1238957 7.7843434 0.068004353 0.062402837 2.979068 0.5
5.0062063 5.9059578 0.13183376 0.2082654 2.813895 0.5
11.102788 25.801549 0.21223747 -0.034563756 4.039246 0.5
10.949406 12.927913 -0.18875145 -0.36640695 4.602055 0.5
25.38442 10.129712 0.50864426 -0.42003244 1.676583 0.5
24.79485 15.929622 0.31549084 0.91587093 1.207935 0.5
12.329045 16.655336 -0.22630051 -0.28503911 6.164191 0.5
8.5201693 1.7247043 -0.020919133 0.069146593 1.491784 0.5
4.0586097 18.736877 -0.055476005 -0.46294583 6.269379 0.5
7.9940429 2.8769936 0.49431274 -0.054948419 0.35856 0.5
19.694231 23.033545 -0.46581035 0.17135162 0.326238 0.5
12.224389 21.529473 0.12542993 0.11284064 1.608548 0.5
6.435517 12.281436 -0.13287207 0.21081528 2.616667 0.5
21.116769 17.866478 -0.045322835 0.731309 0.410672 0.5
18.009906 14.494563 0.018760241 -0.44864946 3.210668 0.5
8.8082724 4.1682612 0.14452723 -0.37954215 0.309541 0.5
8.1443304 23.363448 0.16896051 -0.28909525 1.761874 0.5
9.8642384 12.464881 0.043135764 -0.19904461 4.731547 0.5
12.877863 24.267257 0.25360671 0.052169141 0.313065 0.5
12.561146 27.361823 -0.22902312 0.0096564056 0.087229 0.5
15.165272 9.413055 0.0030605906 -0.3477717 5.713071 0.5
11.211945 4.2011943 -0.061972415 -0.38545338 0.34983 0.5
13.088759 8.3056885 0.12405675 -0.38240694 2.015368 0.5
18.063071 1.6722858 -0.10860559 0.32984909 0.42176 0.5
4.9871823 13.771731 -0.17068095 -0.18899869 5.580866 0.5
22.620945 11.833083 0.59431584 -0.28088337 4.066321 0.5
3.03841 9.1693231 0.3661333 0.093584156 5.863794 0.5
18.439096 23.62934 -0.012780919 0.20699692 5.355125 0.5
6.1626002 19.384465 0.18435029 0.22338723 5.404824 0.5
20.635062 13.860772 0.23844866 -0.72656351 1.361005 0.5
5.0671164 17.885246 0.017281033 -0.28549189 5.19755 0.5
6.205124 10.806934 -0.026731707 -0.24467859 5.853071 0.5
14.8895 10.937949 -0.64506818 0.33440335 2.830697 0.5
1.3889629 12.635077 -0.024028267 -0.19667753 3.251414 0.5
19.370367 25.912897 -0.35472848 0.47902728 3.305262 0.5
3.6293998 20.491715 -0.21813903 -0.33599852 3.841898 0.5
8.8869323 10.233129 0.18963217 -0.34437143 4.917041 0.5
10.999825 14.066747 0.3407171 -0.47063313 1.726803 0.5
26.371899 10.602547 -0.36755955 -0.31562768 2.534849 0.5
3.5103337 10.486216 -0.31300762 0.094966055 1.985571 0.5
23.432259 8.8250996 -0.53651505 -0.70372601 5.636684 0.5
2.3666146 16.302758 0.26408153 -0.023992518 0.642493 0.5
7.6028189 19.241255 -0.12892472 -0.12637782 5.796573 0.5
12.611183 22.75459 0.60993125 -0.088373092 4.738871 0.5
19.833815 21.668386 -0.26153374 0.24255513 1.568073 0.5
7.639942 6.0389553 0.11690332 -0.3135103 2.749741 0.5
15.097938 27.383906 -0.49300751 0.041867668 1.171823 0.5
10.96133 21.99468 -0.10839943 0.2462215 2.226958 0.5
16.147135 10.613904 -0.047921139 -0.23675825 1.548545 0.5
17.478942 3.4935698 -0.066020602 -0.040728129 3.653333 0.5
5.7091815 8.9814996 -0.36063816 0.11032617 4.394256 0.5
21.745261 14.871928 0.06611531 0.29819269 0.605652 0.5
23.541626 18.176291 0.2515321 0.57390647 3.106146 0.5
5.7575991 24.3344 -0.024561857 -0.26798843 3.095002 0.5
6.3037753 6.249484 0.27218467 -0.15719555 1.841384 0.5
24.177245 11.127775 -0.029376615 -0.015303721 6.034028 0.5
11.836446 19.64239 0.21574457 -0.30439211 1.857551 0.5
22.271774 23.2597 0.18150263 -0.52574051 1.702664 0.5
14.189047 1.1449503 0.4290001 0.3154009 1.16125 0.5
16.494966 4.5183873 0.066699962 -0.10097646 4.720586 0.5
12.37809 14.027066 0.33043867 -0.049624619 0.205718 0.5
9.3686851 23.009331 0.048591005 0.024995693 5.820667 0.5
10.587179 26.828357 -0.49726336 -0.27213582 3.894129 0.5
17.090893 16.410133 -0.10212117 -0.43415925 3.074393 0.5
27.330097 15.155262 0.053931119 0.49309986 0.467747 0.5
1.3941056 10.121089 0.10143077 0.1206318 5.60533 0.5
22.147271 20.478738 0.16429451 -0.17421029 6.227367 0.5
16.499537 12.302294 0.2335986 0.12954076 5.177094 0.5
24.723236 6.4895379 0.3767337 0.16366256 0.203779 0.5
24.418755 8.0765456 -0.02969711 0.13814235 6.095105 0.5
0.93198223 14.09067 -0.17426987 -0.31753265 5.150288 0.5
17.53744 21.497966 0.052217958 0.32672193 3.059892 0.5
11.866728 2.5262218 -0.38488669 0.63500184 3.692189 0.5
9.2716022 3.0160868 -0.11352665 0.18652595 3.246869 0.5
1.0028103 15.91725 -0.15017295 -0.12484484 2.032293 0.5
17.463507 24.318607 0.01613909 0.13477454 6.136396 0.5
18.69482 13.400491 -0.14543101 -0.3911445 4.563161 0.5
7.1395542 21.43791 -0.16827423 0.053009515 5.916686 0.5
4.9233063 4.3203495 0.21923551 -0.0095179662 1.344992 0.5
12.727975 15.256841 -0.056889007 -0.32028227 3.633442 0.5
7.1097234 22.627804 0.2578916 -0.25539383 2.78777 0.5
15.318062 1.035219 -0.23160173 0.11132448 1.483056 0.5
8.6452821 20.046854 -0.09602303 0.09226201 0.879468 0.5
23.625097 12.408377 0.50798865 -0.44828386 4.923104 0.5
14.049341 25.108754 -0.66656242 -0.21218819 5.350229 0.5
13.691074 27.173677 -0.089366409 0.025037165 1.508644 0.5
19.275766 12.407118 0.54774198 -0.40872989 4.32761 0.5
10.838127 6.3998044 0.12032458 -0.12447999 1.3724 0.5
2.5491942 13.905338 -0.25172981 0.086864293 2.64206 0.5
17.233462 20.231196 -0.910403 0.600902 2.466218 0.5
11.211116 17.312762 -0.37418589 -0.25179565 0.69625 0.5
9.3019871 15.108558 -0.33884424 -0.19112843 0.502972 0.5
8.5145756 24.871724 0.16068663 0.29140919 4.066135 0.5
2.3189967 15.069767 -0.18440883 -0.063998532 3.026607 0.5
9.6361632 11.248104 -0.10365562 0.14229984 6.171553 0.5
11.357055 15.819258 0.12788601 -0.26671185 3.767955 0.5
3.4765191 15.812802 -0.082057653 -0.19461584 5.349705 0.5
22.397926 5.7430345 0.3127094 -0.75963315 3.28374 0.5
2.3487231 12.11559 -0.29859594 -0.15491574 1.964272 0.5
21.530675 10.133017 0.18435958 0.10089953 1.170799 0.5
19.667984 24.816308 -0.14783698 0.082368466 0.802835 0.5
9.7747454 24.869853 -0.12261249 -0.25113347 5.063896 0.5
0.97776372 11.506724 -0.11464912 0.059237676 2.243796 0.5
14.698155 20.94429 -0.4750377 0.21100662 5.270568 0.5
6.4823944 8.1283904 0.15493491 0.07523843 5.757172 0.5
21.658088 4.7173777 -0.1976606 -0.39217101 5.271397 0.5
21.613862 12.554254 0.11586137 -0.37808566 3.151318 0.5
27.046523 16.494866 -0.049388757 0.41426793 0.221595 0.5
14.081739 4.053348 0.36215534 0.15068889 1.510648 0.5
5.8177098 20.648131 0.068940737 -0.28226353 5.29405 0.5
13.693834 23.457289 0.16091961 0.038764874 2.737677 0.5
17.898939 26.705645 -0.15966842 0.019761402 4.134415 0.5
16.441244 7.3126045 0.31157338 0.11493389 1.432456 0.5
17.340049 18.518412 0.38551292 0.21930888 2.840655 0.5
19.461187 4.7283311 0.14261072 0.25812936 2.899005 0.5
2.9746121 6.5370503 -0.69407117 0.21475045 4.137855 0.5
7.1960745 14.518815 -0.11005765 0.2866051 1.992807 0.5
2.0130156 19.848415 0.025340625 0.075005707 0.375558 0.5
13.972428 13.725314 -0.17306964 -0.41807778 0.629977 0.5
5.8183101 14.523238 -0.12793123 0.24753105 5.301885 0.5
6.3647218 4.8630943 0.32514938 0.18740174 1.197725 0.5
8.8836916 17.147119 -0.13415074 -0.050553304 2.939026 0.5
21.047224 9.0704364 0.23956179 0.077075603 3.912909 0.5
7.7501943 12.399294 -0.087100957 0.0022906449 3.115045 0.5
17.45663 6.0155851 0.2251114 0.28960462 1.662001 0.5
22.40115 17.86752 0.081857674 0.36833045 0.131507 0.5
