# x y vx vy theta radius
12.370024 5.7192151 -0.60969355 -0.17696132 5.8243084 0.5
23.400693 17.140618 0.14595084 -0.046500837 1.764168 0.5
11.056064 15.056375 0.12405099 0.047606408 3.951996 0.5
16.326206 2.1342622 0.83576213 0.35824269 4.259518 0.5
14.956104 14.799397 -0.085342976 -0.17424511 1.882067 0.5
27.107469 14.080274 0.13550485 -0.020986106 0.92276 0.5
16.551645 19.938632 0.19734819 -0.41528902 4.981497 0.5
15.558839 8.5160218 -0.38017461 -0.63527582 0.663689 0.5
21.90024 16.772804 -0.0066212817 0.14400298 4.599871 0.5
23.298822 18.719484 0.34855362 -0.30175807 3.315122 0.5
17.654041 23.388415 -0.020541792 0.38064709 5.224588 0.5
10.711666 17.230438 0.15298924 0.23618344 4.739779 0.5
12.026937 24.168973 0.059258423 -0.27065985 0.624425 0.5
7.0319582 18.818392 0.2113063 -0.048475561 0.734434 0.5
25.367288 11.140223 -0.27079734 -0.41906679 4.989084 0.5
23.260613 15.895353 -0.14891675 -0.20624886 2.508867 0.5
4.6627736 21.571322 0.037531885 0.12271988 5.939565 0.5
6.7794517 8.678525 -0.20106724 -0.059337647 0.028815 0.5
20.883085 11.986868 0.03003354 0.13393061 3.449449 0.5
19.939932 16.368412 -0.50175896 0.053902942 0.592282 0.5
17.58453 13.982513 -0.42295144 -0.21756637 6.045768 0.5
2.9876268 14.631757 -0.2194994 0.091580219 0.890473 0.5
21.271794 13.561091 0.051928922 0.06362264 2.353219 0.5
10.521483 25.833399 -0.18763502 -0.017729583 1.672869 0.5
7.1874671 3.1852697 -0.53189429 0.21195011 4.21507 0.5
3.8930562 15.652426 -0.18278153 0.32162314 0.4829 0.5
19.086056 22.490168 -0.24035572 0.29479237 6.274711 0.5
25.687951 12.897606 -0.30249441 -0.38366404 1.301021 0.5
13.145201 27.372226 -0.32440435 0.11728946 3.538852 0.5
23.942896 8.9119973 -0.23002155 -0.071632453 1.72413 0.5
1.1677914 10.273131 0.035661075 0.31495365 0.779811 0.5
12.851174 16.695189 -0.27520404 0.21409528 1.209651 0.5
2.705144 20.84 -0.093377723 0.16759962 5.377079 0.5
18.140216 3.0558435 -0.59596722 0.36950954 3.122843 0.5
5.7094791 18.315839 -0.49190574 -0.089709754 4.105439 0.5
15.13712 5.1970923 -0.70048982 -0.11236353 2.246795 0.5
8.5216106 18.443296 0.31209138 -0.14004793 3.468535 0.5
13.990134 22.968605 -0.42425841 -0.49587979 5.532293 0.5
15.671743 27.333085 0.0048738163 0.11852497 0.531572 0.5
21.849563 10.025075 0.078389684 -0.26465223 5.261584 0.5
8.5924456 10.831515 0.24843263 0.1774921 0.040113 0.5
17.110671 1.183531 -0.099182335 -0.39033547 4.576591 0.5
16.531536 23.221182 0.61183304 0.14066035 0.209824 0.5
23.887147 5.0987071 -0.23533766 -0.2321979 1.770879 0.5
12.2738 2.6529764 0.059706205 -0.41557022 4.791815 0.5
22.045519 15.555732 -0.43676996 -0.26211271 2.522673 0.5
19.919915 13.193626 0.46978942 -0.12060079 3.232151 0.5
23.245576 9.9073433 0.44136852 -0.36096331 0.943125 0.5
19.218432 2.1760366 -0.43143283 -0.1996559 1.031271 0.5
4.0271672 20.302769 -0.40203169 0.38113148 1.523797 0.5
11.498794 10.929622 -0.1898101 0.04065066 1.787492 0.5
15.511823 10.599937 0.10762862 -0.01014101 3.056837 0.5
24.630396 18.075983 -0.037492428 0.22664307 3.332967 0.5
9.7141264 15.250451 0.10354818 0.032266127 3.889918 0.5
9.3370629 25.644148 0.070518112 0.24204627 1.775857 0.5
2.404338 15.814044 -0.27391367 -0.3531618 4.33857 0.5
0.69167576 15.370923 -0.22247911 0.052891342 2.652322 0.5
2.0613082 13.733666 0.19224321 0.070734368 1.360759 0.5
2.0924761 19.047541 -0.10741254 -0.016819231 1.350476 0.5
27.150552 15.72111 -0.27713252 -0.61006153 3.139709 0.5
6.4106671 10.031737 0.47219019 -0.17966452 3.877928 0.5
13.198993 14.936887 -0.64565252 -0.062473912 4.111005 0.5
21.889851 12.428083 0.29137721 0.018464021 4.354529 0.5
13.280499 17.983719 -0.88938494 -0.044972301 1.958136 0.5
5.4394561 19.357289 -0.059821371 0.25379958 1.935129 0.5
14.713575 9.8295035 -0.17189691 -0.3396734 0.983243 0.5
16.554719 7.6205748 -0.04931976 -0.058187848 4.524452 0.5
25.8358 17.608955 -0.067632586 0.055420644 4.628506 0.5
26.419 9.4652798 -0.17640772 -0.024228008 4.619789 0.5
19.860148 18.207459 0.22280784 0.070460876 6.246698 0.5
3.2738641 17.479496 -0.56393907 -0.14658783 2.597917 0.5
17.093708 4.0420453 -0.097279066 -0.12547922 5.540445 0.5
4.4153786 7.694534 0.11307078 -0.0036554313 1.135786 0.5
25.886592 20.270853 -0.11536221 -0.1961872 0.649744 0.5
15.954345 12.430545 -0.029024552 -0.27701178 4.647872 0.5
12.361497 15.667199 0.20830317 -0.25914112 3.116928 0.5
17.891046 26.326758 -0.6871535 0.049927442 1.058365 0.5
21.273556 19.376127 0.57158653 0.53691564 1.223223 0.5
10.234855 21.277138 -0.3573505 -0.25644818 6.185729 0.5
11.780938 4.7151531 -0.97184698 -0.84163373 5.03693 0.5
4.3614323 19.168244 0.5022356 -0.35586148 0.158334 0.5
8.1188858 26.018973 -0.29705296 -0.15664188 0.09489 0.5
12.512906 22.973408 -0.041590832 -0.34872614 3.182579 0.5
20.494421 10.017519 0.47011751 0.56335132 5.999337 0.5
10.918228 12.724273 -0.18306645 -0.31616614 0.712677 0.5
6.1454821 20.715555 0.054850053 -0.21624373 1.70588 0.5
17.222929 19.068372 0.09660457 0.12277586 5.092516 0.5
20.456225 24.235816 0.047046002 -0.31897869 0.506989 0.5
1.2419561 11.463704 -0.22479274 0.038311222 4.452103 0.5
14.778708 12.833053 0.28265143 0.083820952 3.429354 0.5
10.024285 13.952828 -0.22987322 0.22531546 5.942963 0.5
18.812889 7.648445 0.45723179 0.086071917 2.062723 0.5
17.653142 6.124983 -0.16972825 -0.13879268 2.598321 0.5
11.415151 9.0325207 -0.011060806 -0.14375223 6.159219 0.5
18.722482 18.663061 -0.44901802 0.48890494 1.488917 0.5
7.1444133 13.889719 0.04765186 0.29220978 1.927238 0.5
17.075208 24.437788 -0.17393104 0.060419044 3.98558 0.5
8.8587656 13.627017 -0.57825155 0.10871484 3.515453 0.5
18.877125 12.600144 -0.25041016 -0.2877942 3.362574 0.5
7.1423308 16.58028 0.35146366 0.12424846 2.617045 0.5
9.4348712 8.1540372 0.27237988 0.16734675 4.416501 0.5
22.753887 20.618418 -0.031975449 0.025287416 2.357123 0.5
14.918145 1.3653739 0.15914543 0.040863574 0.027213 0.5
5.6157718 11.232312 -0.072554409 0.32206528 3.270335 0.5
17.982204 22.330578 -0.13374988 -0.018456062 5.133302 0.5
3.1586843 12.725074 -0.35618208 0.14985279 4.163048 0.5
15.911514 21.210735 -0.036177613 0.22817666 3.93618 0.5
19.116392 24.677002 0.30396782 0.24761951 5.951127 0.5
3.5415021 22.014162 0.49479296 -0.14221842 4.082451 0.5
16.799287 15.906098 0.224057 0.26909506 1.780305 0.5
6.1161522 3.6000073 0.4674824 -0.31706492 2.847882 0.5
9.2796514 9.3765526 -0.32748224 -0.45876994 1.767937 0.5
4.4806467 17.993859 -0.20896951 0.35157269 0.00135 0.5
8.190442 15.90139 -0.41491993 0.02483758 5.312468 0.5
14.431526 16.53571 -0.093469806 0.0021389646 0.320289 0.5
15.393742 22.534785 0.0071394508 -0.2392705 0.581132 0.5
20.967927 14.912584 0.1613758 0.59158974 3.087421 0.5
19.737703 5.0914049 -0.11645606 0.23436636 3.560403 0.5
10.855965 27.066785 0.032329692 0.15582605 0.555117 0.5
13.297475 21.807749 -0.42719618 0.14801818 6.220608 0.5
22.545592 19.547361 0.32134057 -0.10646029 5.652715 0.5
4.1229273 11.659343 -0.23963429 -0.3446251 0.827952 0.5
8.2073538 19.541154 0.13664863 0.084219844 1.054048 0.5
14.2942 13.898958 0.080616648 -0.28160305 0.319962 0.5
19.808417 8.8230751 0.15151638 0.083639134 2.464344 0.5
20.174256 6.6436215 0.40947847 0.58989432 3.780782 0.5
14.460453 26.772566 -0.15902531 0.016296972 0.745414 0.5
0.61881929 13.111857 -0.16483728 -0.2696448 3.348875 0.5
20.59994 25.489949 0.084982214 0.026657927 5.365761 0.5
20.900577 21.12442 0.37759798 -0.20524899 0.445642 0.5
19.06984 21.20634 -0.21036295 0.077630897 2.979068 0.5
5.0433111 17.064951 -0.46425082 -0.16205764 2.813895 0.5
13.420293 25.308841 -0.013448252 0.089084401 4.039246 0.5
24.016985 14.877816 -0.028626208 0.61732846 4.602055 0.5
3.2075912 19.227097 0.049883549 0.20457247 1.676583 0.5
6.7494625 24.982478 -0.079023344 0.091089025 1.207935 0.5
14.981092 17.536301 -0.28341111 -0.28289655 6.164191 0.5
7.5836308 11.374722 -0.089034627 -0.027975845 1.491784 0.5
22.547107 22.988862 -0.21375685 -0.036910642 6.269379 0.5
8.334899 21.669875 -0.089854044 0.31026313 0.35856 0.5
22.116112 8.8925302 -0.35532144 -0.51730971 0.326238 0.5
10.726824 23.655111 -0.20761714 0.23683398 1.608548 0.5
21.54242 18.15336 0.12978594 0.38915877 2.616667 0.5
12.946961 10.99103 -0.49549418 -0.10793619 0.410672 0.5
16.697829 8.8861697 -0.26208017 -0.62550553 3.210668 0.5
12.420771 3.9106684 -0.41504811 -0.31908043 0.309541 0.5
26.943135 17.289093 0.79203793 -0.34231944 1.761874 0.5
24.722757 16.279104 0.33008562 -0.36717164 4.731547 0.5
4.4887049 10.163076 -0.50426533 0.0062043798 0.313065 0.5
13.942227 18.889302 -0.55734294 0.76068974 0.087229 0.5
2.4604547 8.0948006 -0.041487763 -0.04560475 5.713071 0.5
12.582416 9.2690416 0.2413379 -0.41053998 0.34983 0.5
17.887923 15.342943 0.45592632 0.11720211 2.015368 0.5
9.0769814 1.7260387 -0.91423908 -0.39196063 0.42176 0.5
16.997577 21.727201 -0.1331017 -0.37878381 5.580866 0.5
9.5981205 4.9971074 -0.23033196 -0.71809279 4.066321 0.5
11.868035 21.347937 0.16469677 0.18173015 5.863794 0.5
13.326861 20.252717 0.063759236 0.18139665 5.355125 0.5
5.2265098 4.2831053 0.12695638 0.066653842 5.404824 0.5
25.815853 14.424383 0.53870785 0.74359696 1.361005 0.5
6.9960966 4.3150026 0.48312062 -0.087188228 5.19755 0.5
21.393523 6.641621 0.45391883 0.014245832 5.853071 0.5
7.4370366 22.285537 0.22996182 0.096174611 2.830697 0.5
26.68413 18.499892 -0.093788669 -0.36688516 3.251414 0.5
18.648254 9.2884051 0.60220885 0.56266017 3.305262 0.5
21.822284 11.237273 0.4056479 -0.038927486 3.841898 0.5
16.785241 26.594947 0.10354911 0.20142363 4.917041 0.5
10.997035 3.9279311 0.14380283 -0.27659874 1.726803 0.5
7.5797856 6.3369846 0.053211372 0.0056225083 2.534849 0.5
10.07624 24.78599 -0.28693303 0.22471682 1.985571 0.5
6.1766436 14.856406 0.38762516 0.29969652 5.636684 0.5
4.9274514 15.206025 0.15682068 0.22657045 0.642493 0.5
5.0193788 8.893032 0.13455149 0.79914888 5.796573 0.5
14.445556 21.437657 0.3034611 0.081862093 4.738871 0.5
15.717011 26.114998 0.026688074 -0.09033866 1.568073 0.5
12.382755 12.616779 0.23240077 0.052945289 2.749741 0.5
10.056563 1.3806256 -0.53198761 -0.28252738 1.171823 0.5
15.203919 18.831508 -0.65828367 0.26451633 2.226958 0.5
9.396324 16.286417 -0.21288809 0.097977903 1.548545 0.5
15.084735 2.912222 0.32936298 0.4114797 3.653333 0.5
2.3627661 9.9995413 -0.15672189 0.45450643 4.394256 0.5
5.2574479 5.9004885 -0.39330004 -0.535097 0.605652 0.5
11.044649 19.002041 -0.08813169 0.29800997 3.106146 0.5
8.4358879 17.231695 -0.21586777 0.12478638 3.095002 0.5
2.741135 11.429912 0.067320754 0.086933274 1.841384 0.5
12.297663 13.886209 -0.60954207 0.079926758 6.034028 0.5
6.8583112 12.239009 0.33097586 0.072019323 1.857551 0.5
20.478952 7.9311054 -0.070730403 0.18269996 1.702664 0.5
0.55553879 14.219826 0.13156987 -0.11583205 1.16125 0.5
15.928461 3.6269739 -0.009304351 0.10370714 4.720586 0.5
3.3090064 6.7904379 0.65894968 -0.021277331 0.205718 0.5
15.505918 24.078904 -0.62384922 0.37175783 5.820667 0.5
5.7415606 24.127043 0.15270862 0.27778662 3.894129 0.5
11.753997 25.675651 -0.33661359 -0.081201313 3.074393 0.5
21.133598 3.3780433 -0.082396877 0.3030703 0.467747 0.5
13.982278 11.571413 0.57528664 -0.50545335 5.60533 0.5
11.217152 1.2782215 0.23515784 0.2051483 6.227367 0.5
10.823139 16.186404 -0.15386094 -0.4186662 5.177094 0.5
5.5960524 13.592483 -0.14043321 -0.34732687 0.203779 0.5
25.025166 19.626708 0.46927674 0.79530021 6.095105 0.5
24.292083 10.368669 -0.60246931 -0.0287366 5.150288 0.5
6.1814194 6.6025102 0.38894093 -0.11512277 3.059892 0.5
21.697866 24.914259 -0.19102767 -0.34790807 3.692189 0.5
15.959366 0.70714387 -0.61661516 0.36551579 3.246869 0.5
22.781329 5.8724068 0.1896094 -0.46025076 2.032293 0.5
10.592819 20.15258 0.16365524 -0.436611 6.136396 0.5
25.854626 15.761132 0.1015201 -0.094011511 4.563161 0.5
7.4305755 20.37688 0.040998359 0.010023585 5.916686 0.5
18.45113 1.4791376 -0.55388619 0.068074423 1.344992 0.5
4.2997313 4.847574 0.74457079 0.016879594 3.633442 0.5
6.977451 17.667178 -0.44304959 0.29931246 2.78777 0.5
18.607481 4.1037091 -0.33611169 0.15203499 1.483056 0.5
23.272032 7.0949195 0.884884 -0.29773453 0.879468 0.5
12.997533 7.1351002 -0.067089429 -0.27029002 4.923104 0.5
9.6095182 2.7737093 0.0066077312 -0.32920809 5.350229 0.5
1.4381473 17.143022 -0.040327226 -0.17358336 1.508644 0.5
22.157063 7.4687898 -0.71705117 -0.0023839989 4.32761 0.5
4.2668049 13.020816 0.16296648 0.45916169 1.3724 0.5
12.184927 19.43942 -0.34022415 -0.19001901 2.64206 0.5
24.363161 11.509591 -0.11018654 -0.23974127 2.466218 0.5
27.195299 12.494601 -0.11501611 -0.40646188 0.69625 0.5
6.83532 23.893978 0.084927026 0.18838011 0.502972 0.5
20.957223 23.201775 -0.22287249 0.47770031 4.066135 0.5
19.483923 14.618798 -0.049308978 -0.67605166 3.026607 0.5
11.434586 7.0189947 0.27098158 -0.41515512 6.171553 0.5
14.51407 20.168937 -0.045693809 0.057083634 3.767955 0.5
18.911735 15.798898 -0.16664533 -0.094974727 5.349705 0.5
19.971059 19.506269 -0.13805406 -0.2441138 3.28374 0.5
16.936464 10.984686 0.45484169 0.76837302 1.964272 0.5
17.993162 25.146123 0.098437394 -0.041382643 1.170799 0.5
5.0483782 22.611915 0.10194761 -0.28105202 0.802835 0.5
23.546753 23.470022 -0.40256619 -0.32625124 5.063896 0.5
17.712211 20.87915 -0.22959225 -0.031212752 2.243796 0.5
20.040816 3.3470412 0.068424956 -0.18451582 5.270568 0.5
8.9166337 7.1730905 -0.25049607 0.044287421 5.757172 0.5
10.647061 11.597871 0.37556183 -0.30033851 5.271397 0.5
21.002402 16.100128 -0.74688112 -0.14943288 3.151318 0.5
7.6705646 10.192564 0.054958917 0.10115232 0.221595 0.5
10.990333 22.541138 0.06155779 0.33307288 1.510648 0.5
7.2485815 15.135354 -0.32647077 0.41282757 5.29405 0.5
8.3403238 12.430111 0.34731048 0.11224041 2.737677 0.5
24.809936 21.689196 0.10419807 0.28800674 4.134415 0.5
8.4956589 2.7803486 0.48979928 0.098371113 1.432456 0.5
5.9755842 7.8908033 0.16601362 0.34480084 2.840655 0.5
19.979047 11.267259 0.27748231 0.2126509 2.899005 0.5
4.118884 14.134217 -0.16228485 0.11475402 4.137855 0.5
17.255516 17.197522 0.20825746 0.12990538 1.992807 0.5
13.278031 24.073633 0.032721376 0.29842749 0.375558 0.5
9.8242988 18.485914 -0.088993407 -0.37628823 0.629977 0.5
8.5163914 14.656674 -0.039036887 0.42062554 5.301885 0.5
13.812138 0.57601469 -0.39520997 -0.18964097 1.197725 0.5
16.084947 16.874574 0.063360416 0.18189087 2.939026 0.5
11.899814 17.937915 -0.088400698 0.29385326 3.912909 0.5
8.0772211 8.7743414 0.49832811 -0.42074773 3.115045 0.5
8.411582 22.80334 0.15847028 -0.19399797 1.662001 0.5
22.66102 14.297297 -0.26204505 -0.5192519 0.131507 0.5
