# x y vx vy theta radius
9.7748617 7.6442576 -0.30495067 -1.9082708 3.5865676 0.5
12.397524 19.420018 -0.27662729 0.32324525 1.764168 0.5
25.223983 9.0074363 -0.22376503 0.16951637 3.951996 0.5
20.635134 13.801301 0.21010844 0.018513293 4.259518 0.5
11.638634 16.323437 0.52349865 -0.71079651 1.882067 0.5
21.256573 23.692359 -0.15817561 0.23584516 0.92276 0.5
11.392954 18.606543 -0.28843201 0.16357055 4.981497 0.5
12.180465 5.1515774 0.41692287 -0.37755341 0.663689 0.5
10.535044 3.610527 0.13505628 0.03086309 4.599871 0.5
24.702333 14.656291 -0.052375078 -0.0058231814 3.315122 0.5
26.351113 9.1909723 0.039450032 0.020598157 5.224588 0.5
24.556052 10.160855 -0.52597532 0.27054098 4.739779 0.5
5.3138255 12.573157 -0.21178706 0.19696868 0.624425 0.5
25.86994 13.72107 -0.074837449 0.5058409 0.734434 0.5
16.83485 9.6625207 0.47110164 0.9390771 4.989084 0.5
19.316061 8.5858945 0.21394794 -0.53931554 2.508867 0.5
9.8686158 15.294006 0.29523674 -0.077544788 5.939565 0.5
12.201309 27.331349 -0.33427185 0.34352091 0.028815 0.5
8.6079277 12.800092 -0.18983735 0.58503447 3.449449 0.5
22.930707 12.675674 0.29511816 0.01271759 0.592282 0.5
22.187462 21.547079 -0.7457998 -0.21826057 6.045768 0.5
17.225411 21.276229 -0.59166969 -0.084561371 0.890473 0.5
2.1616094 18.944332 -0.068957138 -0.10743425 2.353219 0.5
24.053833 17.980903 0.55493448 -0.097573076 1.672869 0.5
4.6753694 15.563701 0.030824276 -0.11435335 4.21507 0.5
15.7606 18.943337 -0.44068442 0.32585028 0.4829 0.5
23.524627 5.1890394 0.10951847 -0.043325245 6.274711 0.5
11.148727 1.3891921 -0.31533735 0.28280114 1.301021 0.5
13.517495 0.64688711 0.16583873 0.0076517129 3.538852 0.5
11.774429 8.2515961 -0.20468145 -0.10096211 1.72413 0.5
9.757998 26.102242 -0.50558773 -0.31913118 0.779811 0.5
21.618136 16.466113 0.15572349 -0.39435123 1.209651 0.5
17.18777 26.89185 -0.29403344 -0.24794898 5.377079 0.5
9.3046491 20.706586 0.036343768 -0.0018475086 3.122843 0.5
17.88526 9.0548373 -0.36209217 0.21447884 4.105439 0.5
17.432708 17.174988 -0.24952043 -0.16863781 2.246795 0.5
18.175048 16.368017 -0.17906275 -0.17043565 3.468535 0.5
10.525375 2.3066998 0.22123666 0.98850465 5.532293 0.5
17.033088 13.024292 -0.29539901 -0.19656463 0.531572 0.5
2.1401978 10.764067 0.90442871 0.12175649 5.261584 0.5
14.380932 3.103691 -0.10198352 -0.12986404 0.040113 0.5
20.498872 12.55029 0.33697786 0.061179916 4.576591 0.5
20.136845 14.987161 -0.15580298 -0.059731001 0.209824 0.5
14.200857 20.94424 0.060959635 -0.099543703 1.770879 0.5
9.5289366 13.627663 -0.074291193 -0.27899415 4.791815 0.5
23.644685 23.195217 -0.074005814 0.0046181566 2.522673 0.5
2.7941739 16.703447 0.045574494 -0.14392707 3.232151 0.5
8.0024283 23.345995 0.29949307 -0.0086906875 0.943125 0.5
11.152655 7.2171691 0.55641146 0.20969595 1.031271 0.5
13.688339 9.0697941 0.36949459 -0.042106472 1.523797 0.5
17.760889 5.7931511 -0.11564697 -0.20246114 1.787492 0.5
6.8287213 9.9930422 0.45359178 -0.069473008 3.056837 0.5
23.700837 11.797503 0.011440024 -0.014919349 3.332967 0.5
5.5464973 20.370637 0.058361692 0.21317192 3.889918 0.5
20.569683 10.14609 0.10358923 -0.0024155549 1.775857 0.5
21.62721 22.625044 0.34906877 0.036568487 4.33857 0.5
26.693214 18.43675 -0.046665556 0.021793449 2.652322 0.5
11.952243 2.2333297 -0.26407242 0.036851902 1.360759 0.5
4.4105259 21.575283 -0.511324 0.13164349 1.350476 0.5
22.586258 15.549882 0.38970388 -0.1427679 3.139709 0.5
12.411742 17.142585 0.70367973 0.027116652 3.877928 0.5
13.519445 19.136295 0.10485105 0.013528563 4.111005 0.5
12.726854 12.854132 -0.18122176 0.057649976 4.354529 0.5
3.1960563 15.588278 0.33724334 -0.56235133 1.958136 0.5
11.054383 23.991814 0.14708415 -0.72063253 1.935129 0.5
12.144296 3.8193436 0.062157369 0.23375839 0.983243 0.5
5.7262985 10.214395 -0.072456345 -0.25945097 4.524452 0.5
5.0678804 6.686022 0.071281397 -0.10599493 4.628506 0.5
15.996044 27.026816 -0.0016708221 -0.23595854 4.619789 0.5
22.738776 18.377801 -0.14809684 -0.56253387 6.246698 0.5
24.798221 21.947845 0.31955365 -0.3841311 2.597917 0.5
7.9529053 25.514133 -0.33454584 -0.05849466 5.540445 0.5
12.959471 5.9217407 0.012018644 -0.077528945 1.135786 0.5
13.3884 10.983963 0.45653609 0.54348446 0.649744 0.5
14.044053 25.041155 -0.19043445 0.34248921 4.647872 0.5
13.559264 26.440359 -0.33017341 -0.13564484 3.116928 0.5
8.0172988 18.557883 -0.25301221 -0.45606784 1.058365 0.5
6.0210501 6.0468509 -0.84413688 0.063275689 1.223223 0.5
17.011488 15.716433 -0.24443149 0.0099636386 6.185729 0.5
3.0506566 13.597082 -0.075493118 -0.47158378 5.03693 0.5
27.080415 12.276382 -0.084079962 -0.39543787 0.158334 0.5
27.225428 15.708784 0.00021509911 0.25725699 0.09489 0.5
4.9143449 18.241508 0.9061338 -0.0058673922 3.182579 0.5
25.002162 6.2831381 -0.16665599 0.034765959 5.999337 0.5
24.841813 7.5527846 -0.1654009 0.22892445 0.712677 0.5
7.802463 19.882284 0.24867094 -0.28090453 1.70588 0.5
16.981811 24.11499 0.31274142 0.59779517 5.092516 0.5
19.825758 19.295987 0.72361018 0.48267864 0.506989 0.5
20.554985 22.436698 0.68117455 0.25209381 4.452103 0.5
3.5449746 22.393008 0.93536144 -0.54938609 3.429354 0.5
3.8718368 9.7389776 -0.18657589 0.6031992 5.942963 0.5
18.322029 12.638892 0.030468968 0.58751624 2.062723 0.5
15.942937 14.076573 -0.13846126 -0.3351059 2.598321 0.5
16.287945 17.670189 0.063888691 0.27807321 6.159219 0.5
17.906749 22.840651 0.71670692 -0.12323406 1.488917 0.5
14.887146 6.0796867 0.02970567 -0.41317449 1.927238 0.5
20.629424 20.913031 0.38216633 -0.078043301 3.98558 0.5
19.626523 20.428145 0.068427117 0.26960396 3.515453 0.5
3.181147 18.02642 0.2204187 0.11675125 3.362574 0.5
12.578478 24.52976 -0.13604462 0.24403967 2.617045 0.5
21.633538 5.9812601 0.28659889 0.2460227 4.416501 0.5
20.917962 11.186727 -0.051784511 0.071226874 2.357123 0.5
19.50128 11.533427 0.26594918 -0.55738024 0.027213 0.5
24.425193 19.628208 -0.40624449 -0.13797791 3.270335 0.5
4.9441948 9.2870873 -0.40841907 -0.6187457 5.133302 0.5
15.805372 24.936138 0.40676855 -0.44391508 4.163048 0.5
15.348219 2.501149 0.020889483 0.031694893 3.93618 0.5
12.310522 22.582154 0.038354412 0.91039579 5.951127 0.5
7.0848979 22.002491 -0.52690199 0.26691192 4.082451 0.5
21.450128 15.235848 -0.0022383436 0.27710088 1.780305 0.5
16.258253 23.227723 0.0013260815 0.32308064 2.847882 0.5
22.574646 23.937715 -0.0039404549 -0.055991138 1.767937 0.5
19.569567 21.707571 0.32463065 -0.11929884 0.00135 0.5
20.25343 16.253859 0.25596548 0.024159642 5.312468 0.5
8.8648429 15.604617 -0.20930789 -0.068127277 0.320289 0.5
11.269119 10.377754 0.44864903 -0.32299614 0.581132 0.5
20.997067 8.7987455 -0.25030733 -0.017346701 3.087421 0.5
9.8726875 24.27641 0.35520848 0.40311027 3.560403 0.5
22.943304 10.094216 -0.082399553 0.23178636 0.555117 0.5
25.77876 12.454069 0.33027215 -0.34703405 6.220608 0.5
20.496468 6.2747658 0.52636711 -0.0026588591 5.652715 0.5
8.1028127 2.9037123 0.40548733 0.905569 0.827952 0.5
19.746829 3.8211179 0.49633617 -0.18084223 1.054048 0.5
20.841212 3.4896368 -0.26299201 0.24934554 0.319962 0.5
9.0380981 4.1382373 -0.1251708 -0.88259981 2.464344 0.5
10.091959 19.663413 -0.65047301 -0.58459468 3.780782 0.5
10.115794 10.999744 0.49756659 -0.53212528 0.745414 0.5
22.911352 17.052082 -0.34963352 -0.13186132 3.348875 0.5
5.8932066 19.214396 -0.4127165 -0.48402399 5.365761 0.5
16.49226 2.8032743 -0.80300922 -0.46747839 0.445642 0.5
14.949931 11.493538 0.50664833 -0.29148806 2.979068 0.5
12.263388 26.17275 -0.2802769 0.41116081 2.813895 0.5
4.3568654 19.616879 -0.15805845 -0.28193728 4.039246 0.5
24.909629 11.413984 0.061272721 -0.2751874 4.602055 0.5
6.9190471 18.187251 -0.57774949 0.19500396 1.676583 0.5
18.78783 24.008595 0.20573472 0.14837776 1.207935 0.5
15.074919 22.812753 0.61849279 0.10136473 6.164191 0.5
6.6791682 20.391646 -0.38943545 -0.040422341 1.491784 0.5
18.556649 15.224343 -0.015380976 0.49830014 6.269379 0.5
14.608924 0.79141922 0.13737098 0.26232891 0.35856 0.5
1.420535 17.696196 -0.26646547 0.038224363 0.326238 0.5
8.1350244 14.255464 0.2062258 -0.26710972 1.608548 0.5
22.049306 9.466059 0.096359044 0.78719722 2.616667 0.5
21.730697 12.230903 0.3011888 -0.16694438 0.410672 0.5
20.887039 25.580785 -0.19657303 -0.50967462 3.210668 0.5
9.7705432 18.519314 0.39118961 -0.20753495 0.309541 0.5
7.2111483 15.220726 -0.77884056 0.13874065 1.761874 0.5
7.483439 11.719928 0.049060569 0.19193993 4.731547 0.5
15.709235 21.364676 -0.49487203 0.45839535 0.313065 0.5
17.984738 25.022325 -0.0802837 0.31501353 0.087229 0.5
24.086167 16.692189 -0.026574947 0.52479042 5.713071 0.5
14.323352 4.5064143 0.42871744 -0.39628929 0.34983 0.5
17.604146 19.854212 0.21800928 0.025383827 2.015368 0.5
22.258694 6.8640936 -0.21812606 0.17475225 0.42176 0.5
22.949583 3.9662792 -0.5150388 0.29481034 5.580866 0.5
17.833187 3.5861779 0.16909122 0.88844245 4.066321 0.5
13.648272 17.682685 -0.65139596 0.44252981 5.863794 0.5
4.3276007 11.166952 -0.41171962 0.29864275 5.355125 0.5
17.673976 2.302716 0.18130561 -0.2933697 5.404824 0.5
20.781341 7.3300165 0.045919518 0.022648259 1.361005 0.5
19.664186 5.5527303 0.50724811 0.21190802 5.19755 0.5
18.275708 18.436273 -0.11275577 -0.063047417 5.853071 0.5
2.7700082 9.0418125 0.14583912 0.29638559 2.830697 0.5
9.7574981 12.579666 0.067309038 0.010714013 3.251414 0.5
17.69684 1.1242159 0.092102366 0.064001675 3.305262 0.5
23.86112 15.44581 0.36072739 -0.48393513 3.841898 0.5
4.4630676 23.324387 -0.3464401 0.15675827 4.917041 0.5
21.069363 4.8633093 0.10143252 -0.29931926 1.726803 0.5
26.650609 16.939753 -0.0073180506 -0.36148752 2.534849 0.5
19.678183 23.134828 -0.6511437 0.030786988 1.985571 0.5
0.5952836 12.975559 -0.19031952 -0.47317215 5.636684 0.5
26.986498 10.539921 0.10111809 0.012784207 0.642493 0.5
11.509759 5.9274976 0.59592704 -0.74864973 5.796573 0.5
15.525312 3.8798402 0.19185169 0.096624697 4.738871 0.5
9.1969633 21.884114 0.40488576 -0.5038735 1.568073 0.5
15.991703 20.013836 -0.090000488 0.0098712312 2.749741 0.5
24.60678 13.348449 0.19478642 0.065590407 1.171823 0.5
14.700486 16.582163 0.30941375 -0.080719605 2.226958 0.5
16.894597 11.294076 -0.34105555 -0.47778196 1.548545 0.5
10.841134 14.738793 -0.57309149 0.0041459191 3.653333 0.5
18.645778 10.54575 0.5387194 0.092512559 4.394256 0.5
0.99772602 10.671473 -0.31779054 0.24847291 0.605652 0.5
2.0777512 14.094104 -0.65948478 -0.590256 3.106146 0.5
14.699836 19.98346 -0.13785137 0.44377442 3.095002 0.5
15.753685 5.4368693 -0.051775533 0.042175192 1.841384 0.5
10.536398 5.0629653 -0.17449977 -0.47875057 6.034028 0.5
8.8561074 24.81692 -0.20505529 0.18232725 1.857551 0.5
10.669402 22.098128 -0.59387774 0.57075118 1.702664 0.5
13.971717 1.8267415 0.25193427 0.3570748 1.16125 0.5
22.425819 14.155119 -0.0065274663 0.24390225 4.720586 0.5
25.957738 15.829 0.43884095 -0.088547708 0.205718 0.5
19.85567 1.9513242 -0.064309342 -0.60411286 5.820667 0.5
14.928283 17.905933 -0.57326218 -0.44760856 3.894129 0.5
0.75813189 15.453014 -0.12706292 0.22479018 3.074393 0.5
14.898357 8.2407065 -0.1051625 -0.20560056 0.467747 0.5
13.314702 14.127905 -0.012080014 0.25110726 5.60533 0.5
17.24818 18.768403 0.45944164 0.18074086 6.227367 0.5
23.70469 14.048804 -0.17235002 0.26266649 5.177094 0.5
7.8224895 3.9899289 0.20355484 0.57503819 0.203779 0.5
20.069207 24.129067 0.50395917 0.32805317 6.095105 0.5
18.291196 4.7739678 0.059121038 0.25475134 5.150288 0.5
8.0952987 7.8154836 -0.27510155 -0.20244947 3.059892 0.5
16.232218 8.7386578 0.13131102 -0.072529128 3.692189 0.5
17.568531 14.344928 0.43981112 0.04910757 3.246869 0.5
21.861705 20.254514 -0.016925324 0.31787296 2.032293 0.5
8.7372299 1.9757257 -0.095427819 0.40963197 6.136396 0.5
0.78089598 14.170575 0.19536466 -0.14905905 4.563161 0.5
16.883304 22.290801 0.084902195 -0.14711274 5.916686 0.5
18.61165 7.4835029 -0.32983001 -0.050639835 1.344992 0.5
25.103554 17.55969 -0.27258654 0.21236107 3.633442 0.5
16.262562 1.7036613 -0.01247757 0.13091759 2.78777 0.5
23.197938 7.5452494 -0.069799607 -0.15009661 1.483056 0.5
19.57693 6.860669 0.1954027 0.47324564 0.879468 0.5
3.8542317 5.7223543 0.41450545 0.34657254 4.923104 0.5
11.354803 21.148083 -0.26200737 0.80261691 5.350229 0.5
21.600878 17.556195 -0.38340194 -0.060405738 1.508644 0.5
6.4776493 4.8014848 -0.4680704 0.076234921 4.32761 0.5
10.920769 25.099749 0.090385177 -0.37703379 1.3724 0.5
14.96564 12.574495 -0.10716025 0.17221565 2.64206 0.5
27.266468 14.370178 -0.24714224 -0.052318063 2.466218 0.5
18.916133 2.8362013 -0.037982338 0.25799147 0.69625 0.5
23.253364 22.092982 -0.22867951 0.29777245 0.502972 0.5
12.457621 9.7673203 0.72126521 0.32589753 4.066135 0.5
24.09333 8.4926673 0.066971609 0.096117701 3.026607 0.5
8.0264448 10.621795 0.42931503 0.50949948 6.171553 0.5
16.581894 25.967167 0.25123975 -0.56231501 3.767955 0.5
25.952314 8.0032614 0.051634741 -0.28125834 5.349705 0.5
12.90537 20.483929 0.1086466 0.017526343 3.28374 0.5
15.273583 15.198855 -0.18412019 1.1352208 1.964272 0.5
7.9639632 9.1822078 0.85523427 -0.12043686 1.170799 0.5
16.595332 7.3547047 0.4876373 0.090836153 0.802835 0.5
23.021417 19.565437 -0.41615204 0.25329649 5.063896 0.5
25.360988 20.380902 -0.43767182 0.0037248927 2.243796 0.5
14.892763 26.628102 -0.10373084 0.38651115 5.270568 0.5
13.888792 23.081788 0.11006875 0.27121309 5.757172 0.5
8.3388008 5.8414504 0.58530573 -0.038521403 5.271397 0.5
6.4152359 13.991804 -0.3251201 -0.42002355 3.151318 0.5
13.233413 16.362855 -0.15681527 -0.4068146 0.221595 0.5
13.899855 12.105654 -0.10859074 0.30357263 1.510648 0.5
13.13575 7.1414729 -0.05148329 -0.022189356 5.29405 0.5
6.3624693 8.726486 0.050036163 -0.097520769 2.737677 0.5
23.289756 6.3940957 0.24218962 -0.20919247 4.134415 0.5
15.803949 16.716702 -0.2396133 0.32206734 1.432456 0.5
14.230647 22.037536 -0.38161946 -0.1848274 2.840655 0.5
14.943705 9.3659771 0.070237675 -0.18330546 2.899005 0.5
19.272033 17.177824 0.91590773 -0.055765598 4.137855 0.5
18.623405 25.932242 -0.095438712 0.49893969 1.992807 0.5
21.48339 18.723069 0.35461127 -0.11993423 0.375558 0.5
5.8971674 15.446294 -0.44798771 -0.53421923 0.629977 0.5
13.240432 2.9813242 -0.013941094 0.0048469396 5.301885 0.5
6.2217193 21.333597 0.20929506 0.27344822 1.197725 0.5
12.60976 15.379847 0.052631775 0.39351148 2.939026 0.5
10.167013 6.4334418 -0.019682755 -0.064402042 3.912909 0.5
15.519002 10.538129 -0.12246964 0.18072653 3.115045 0.5
11.329698 12.483588 -0.52106868 0.16382412 1.662001 0.5
14.709828 13.915254 -0.15606284 0.20430746 0.131507 0.5
