# x y vx vy theta radius
14.642971 20.97534 -0.25286883 0.56810834 1.7679541 0.5
18.542264 2.3598309 0.1401584 -0.057458491 1.764168 0.5
22.471049 23.657148 -0.42304378 -0.30862191 3.951996 0.5
2.7899482 17.844649 0.088627088 -0.21915124 4.259518 0.5
5.18884 22.403212 0.47175718 -0.57375757 1.882067 0.5
11.694938 4.3853088 0.55205002 -0.077454019 0.92276 0.5
6.6823462 19.686623 0.29487153 0.92793206 4.981497 0.5
4.473449 17.477433 -0.1668016 0.23756722 0.663689 0.5
16.648488 5.5997433 0.16395595 -0.14495181 4.599871 0.5
8.7636509 2.8321484 0.14274044 -0.20652268 3.315122 0.5
7.9697254 18.297345 -0.080018829 -0.39928123 5.224588 0.5
20.358289 14.967812 -0.67871679 0.031287882 4.739779 0.5
5.3069409 6.7551694 0.21571644 -0.024095483 0.624425 0.5
10.979 1.0297979 0.089101793 0.056739102 0.734434 0.5
2.4211453 15.621496 0.11875554 -0.062976734 4.989084 0.5
19.697586 1.8836538 0.21274903 -0.10069326 2.508867 0.5
10.477226 17.163813 0.30996185 0.77874425 5.939565 0.5
20.433885 11.24917 0.18080536 -0.071231017 0.028815 0.5
23.32598 6.2727967 -0.3695343 0.15677541 3.449449 0.5
2.0266709 18.921386 0.16951747 0.0095899796 0.592282 0.5
12.76388 9.7338299 0.42748388 -0.087194437 6.045768 0.5
5.9711702 4.6284505 -0.0088866959 -0.046657597 0.890473 0.5
3.9465518 8.9380748 -0.4791036 -0.31814931 2.353219 0.5
13.055531 17.070634 -0.39916025 0.027437138 1.672869 0.5
20.665242 19.116693 -0.15902613 0.75681686 4.21507 0.5
24.670799 10.729068 0.21262642 0.11314469 0.4829 0.5
12.120991 3.3478101 -0.73567805 0.056891151 6.274711 0.5
10.949813 15.736773 0.22975634 0.55769061 1.301021 0.5
10.195125 4.6518328 0.039131131 0.41740349 3.538852 0.5
13.570715 13.418207 -0.52317495 -0.18243143 1.72413 0.5
17.241749 8.140677 -0.53947078 -0.17050305 0.779811 0.5
10.351592 22.744496 -0.41400629 0.028085701 1.209651 0.5
13.593624 11.964556 0.14448668 0.064624839 5.377079 0.5
8.176639 5.7936604 0.12540893 0.22289816 3.122843 0.5
3.4097214 16.328286 0.45108682 -0.6357895 4.105439 0.5
20.931049 25.313333 0.58626858 -0.30524169 2.246795 0.5
23.091792 13.149068 -0.35988996 0.089797323 3.468535 0.5
25.236514 20.885192 0.0042590714 -0.027233901 5.532293 0.5
11.911638 10.763872 0.084218015 -0.99582945 0.531572 0.5
10.674381 12.407468 -0.018885886 -0.56829869 5.261584 0.5
18.764295 8.6785632 -0.18276793 -0.3499154 0.040113 0.5
23.038353 18.562702 0.2074722 -0.23113142 4.576591 0.5
15.775363 6.3582772 -0.48448945 -0.50228558 0.209824 0.5
3.1678778 11.670808 -0.44805974 -0.56076479 1.770879 0.5
26.282221 10.250652 0.22931809 -0.033134882 4.791815 0.5
6.3116332 22.373908 0.37110105 0.2295384 2.522673 0.5
9.1912975 10.832324 0.2081152 -0.34202223 3.232151 0.5
11.881986 24.441698 0.097102005 0.25245836 0.943125 0.5
9.8802079 13.81146 -0.0002809956 -0.17455474 1.031271 0.5
11.86267 17.331987 0.21637208 0.20868676 1.523797 0.5
4.533257 15.915346 -0.19783725 0.19832734 1.787492 0.5
21.108467 7.9880484 0.069166879 -0.26211142 3.056837 0.5
19.330282 12.837075 -0.15982639 -0.18596242 3.332967 0.5
24.451472 9.6425179 0.14265213 0.022926653 3.889918 0.5
6.6863385 8.4785642 0.27004391 0.11112475 1.775857 0.5
26.056106 13.933957 0.090625772 -0.32696304 4.33857 0.5
6.9448336 15.413268 0.34262685 0.35744035 2.652322 0.5
14.096144 16.45954 -0.1548194 0.26869701 1.360759 0.5
16.65132 14.739137 -0.19535818 -0.11488898 1.350476 0.5
22.549524 7.6448151 -0.12657849 -0.33071025 3.139709 0.5
14.054808 26.263906 0.76349454 -0.049929327 3.877928 0.5
19.168792 11.531042 0.22071465 0.51986983 4.111005 0.5
19.781279 9.4378552 -0.064849208 0.046735316 4.354529 0.5
24.224266 12.0047 0.29970206 -0.50655871 1.958136 0.5
9.3003747 7.0708847 -0.027947276 -0.26485339 1.935129 0.5
13.059519 2.8023012 0.18076552 -0.34716929 0.983243 0.5
25.066335 17.523633 0.086326681 0.15817777 4.524452 0.5
21.287172 9.9288324 -0.56908832 -0.66643425 4.628506 0.5
11.303448 5.7095894 -0.2880012 0.11919363 4.619789 0.5
8.3436469 12.277491 0.39719226 0.17384067 6.246698 0.5
10.84817 26.541151 0.28830065 -0.023828419 2.597917 0.5
27.00994 11.319306 -0.19121884 -0.063560064 5.540445 0.5
7.1277482 9.9448909 0.19526316 -0.068915573 1.135786 0.5
7.2138357 25.252482 -0.29893001 -0.16473207 0.649744 0.5
5.9509316 14.561645 -0.10414716 -0.18511709 4.647872 0.5
19.497943 14.236181 0.24144208 -0.10536119 3.116928 0.5
6.0802253 18.614615 0.29159718 0.14850142 1.058365 0.5
7.2620708 13.358539 0.015019807 0.47145974 1.223223 0.5
8.436524 8.1211231 0.094062212 0.5059512 6.185729 0.5
20.165597 5.9764049 -0.1984912 -0.066021936 5.03693 0.5
13.059192 14.664292 -0.0061966114 -0.56731371 0.158334 0.5
9.5332579 15.42746 -0.19304011 0.36068403 0.09489 0.5
21.689473 18.691213 0.28474777 -0.075760849 3.182579 0.5
2.0536562 14.38071 -0.14808463 0.31295929 5.999337 0.5
12.361376 26.8748 0.14403638 0.055375818 0.712677 0.5
8.9212872 1.5936363 0.082146484 0.34833057 1.70588 0.5
4.122053 22.94106 -0.015569922 -0.08927828 5.092516 0.5
25.984601 19.944135 0.056837015 -0.12589133 0.506989 0.5
19.56567 3.2434936 -0.01007725 -0.30650922 4.452103 0.5
5.7618075 9.904736 -0.11223991 0.0059969141 3.429354 0.5
5.2304424 20.200281 0.084826829 -0.1701175 5.942963 0.5
6.6300062 16.676829 -0.90745417 -0.29212863 2.062723 0.5
20.912959 3.7632675 -0.41046254 0.09589457 2.598321 0.5
15.941076 15.593506 0.033975518 -0.094501997 6.159219 0.5
24.306061 7.1645202 -0.026366945 -0.19013575 1.488917 0.5
10.563569 14.654017 -0.032894384 0.10438637 1.927238 0.5
24.613789 13.238218 -0.029591561 0.035500033 3.98558 0.5
20.804173 21.524041 -0.5258024 0.36061782 3.515453 0.5
10.486172 6.9342478 0.28478849 0.10121543 3.362574 0.5
8.2123664 22.132522 0.069239482 0.34181514 2.617045 0.5
12.196826 0.95195753 0.32749906 0.11673222 4.416501 0.5
13.334782 7.210069 -0.75195422 -0.095679977 2.357123 0.5
23.178469 21.007418 0.088833294 0.19668132 0.027213 0.5
26.896893 12.909294 0.16387007 -0.16571049 3.270335 0.5
22.791442 14.881794 -0.49646658 0.25645741 5.133302 0.5
9.6729606 3.5148752 -0.20498118 -0.3673348 4.163048 0.5
9.6673702 5.77049 -0.038159626 -0.15703702 3.93618 0.5
26.801492 15.742924 0.12926106 -0.1139579 5.951127 0.5
16.585949 4.4555451 -0.1582193 0.36809774 4.082451 0.5
12.293365 6.4727739 -0.22755488 -0.18812608 1.780305 0.5
15.688088 26.091609 0.57507385 -0.04317847 2.847882 0.5
22.338242 5.6876789 0.21665936 -0.026941914 1.767937 0.5
16.822112 3.3109653 -0.28744384 -0.1390186 0.00135 0.5
17.975148 12.152549 -0.42184427 0.32875146 5.312468 0.5
4.6261944 21.522855 -0.083535035 -0.49689168 0.320289 0.5
23.117608 10.423287 -0.37933477 -0.021026196 0.581132 0.5
25.262758 16.251809 0.020441735 -0.16647028 3.087421 0.5
17.867725 1.1312665 -0.30610272 -0.38723694 3.560403 0.5
16.717901 22.44019 0.092136803 0.30141245 0.555117 0.5
23.724672 14.280876 -0.38361095 0.30977834 6.220608 0.5
14.298006 9.8787087 -0.18192909 0.13265653 5.652715 0.5
6.3109823 7.2969095 0.1536361 -0.40244638 0.827952 0.5
4.1675411 14.013621 0.029808146 0.45297302 1.054048 0.5
22.327084 11.56083 0.080846416 -0.31955811 0.319962 0.5
18.866944 21.770167 -0.37088021 -0.11959903 2.464344 0.5
20.078956 22.742399 0.13270482 -0.3245045 3.780782 0.5
4.2014274 7.6430822 -0.14909868 0.042477069 0.745414 0.5
15.303068 5.0751447 0.83065238 -0.071408522 3.348875 0.5
18.520572 10.294726 0.47405093 0.4817321 5.365761 0.5
17.555771 16.021311 0.41390071 0.34744595 0.445642 0.5
12.775952 4.217026 -0.022784925 0.36963855 2.979068 0.5
14.339169 25.138919 0.0027329037 1.2074155 2.813895 0.5
7.7009201 4.6658527 -0.62226847 -0.16434209 4.039246 0.5
15.584617 1.823816 0.075676993 -0.087069734 4.602055 0.5
11.856885 2.0300065 -0.3472951 -0.52636882 1.676583 0.5
19.67448 7.1106934 0.16310557 -0.059084057 1.207935 0.5
20.017328 20.589957 0.055606876 -0.20861582 6.164191 0.5
16.74843 10.071199 -0.0099700506 -0.90224134 1.491784 0.5
23.754826 5.1083971 -0.39593772 0.1614945 6.269379 0.5
12.604421 12.47466 -0.44877918 0.21677574 0.35856 0.5
12.243134 7.5845734 -0.31241697 0.16729675 0.326238 0.5
21.250117 20.411268 -0.43958029 -0.034620602 1.608548 0.5
7.403114 21.255586 0.37794898 0.2024492 2.616667 0.5
13.383504 18.561877 0.32457616 -0.13102409 0.410672 0.5
6.2030999 11.739332 0.060190041 0.0142025 3.210668 0.5
10.414365 8.2257818 -0.29277352 0.07784143 0.309541 0.5
10.918398 20.200407 -0.66971716 0.19814348 1.761874 0.5
16.084289 7.833408 0.076350472 0.20738835 4.731547 0.5
7.7465448 2.2297806 -0.1946297 0.04191278 0.313065 0.5
23.428097 19.78159 0.31788398 -0.10350465 0.087229 0.5
0.87968092 13.501667 -0.53501687 -0.022488153 5.713071 0.5
25.622333 7.6338601 0.060679532 -0.37117519 0.34983 0.5
20.08244 16.237869 0.26213097 0.12238363 2.015368 0.5
1.1435554 15.449388 -0.2888575 0.14490684 0.42176 0.5
12.997842 22.537327 0.0037570772 -0.0038818128 5.580866 0.5
16.910081 27.027568 -0.083629792 0.20449698 4.066321 0.5
14.299549 14.953716 -0.26817066 0.1451433 5.863794 0.5
13.072032 25.571149 -0.099546782 0.22255195 5.355125 0.5
15.732468 9.7274959 0.087989771 -0.1077622 5.404824 0.5
17.707526 6.393325 -0.66064258 -0.31935541 1.361005 0.5
15.917597 11.621596 0.091476394 0.39115176 5.19755 0.5
7.8041754 3.3910577 0.095539486 0.1094045 5.853071 0.5
21.831806 3.0574333 0.054363609 0.4379176 2.830697 0.5
8.8889694 19.276347 -0.5116505 -0.12162981 3.251414 0.5
6.6566555 5.8695763 -0.25363609 -0.043016198 3.305262 0.5
3.7480002 12.959552 -0.12565524 -0.35327812 3.841898 0.5
7.6803348 6.8270641 0.57267061 -0.090315823 4.917041 0.5
14.788788 11.504303 -0.4782538 -0.56256166 1.726803 0.5
21.091945 4.923324 0.072872606 0.16029965 2.534849 0.5
14.940173 8.8468139 -0.27936578 0.062229226 1.985571 0.5
4.4328503 10.233932 0.040007518 0.0047422626 5.636684 0.5
3.170217 21.658528 -0.14461428 -0.00062951507 0.642493 0.5
16.856968 12.37955 0.40729776 -0.29684666 5.796573 0.5
9.7808651 26.401899 -0.35483965 -0.49292468 4.738871 0.5
26.403927 18.092698 -0.03434567 0.67624805 1.568073 0.5
17.10607 11.169623 0.015705929 -0.056148832 2.749741 0.5
1.3410413 17.087322 -0.15578299 0.0068144851 1.171823 0.5
9.4938316 24.871662 0.14121785 0.067556944 2.226958 0.5
16.522039 19.394369 -0.10386808 0.50664936 1.548545 0.5
18.030916 13.911612 0.25488908 -0.44804377 3.653333 0.5
15.611738 3.874985 -0.057361585 0.037483474 4.394256 0.5
2.037152 8.3801881 -0.079039056 -0.38779551 0.605652 0.5
15.29149 22.264981 -0.41941328 -0.49558858 3.106146 0.5
6.6553207 2.9244507 -0.053347387 -0.072189271 3.095002 0.5
10.843889 11.052554 -0.40088422 0.1875657 1.841384 0.5
24.834258 8.5148576 0.019119393 -0.097597004 6.034028 0.5
1.2687606 9.6356316 0.15962935 -0.35604393 1.857551 0.5
22.108873 4.2844252 -0.31396105 0.17712697 1.702664 0.5
25.77158 11.285765 -0.023218541 0.30608833 1.16125 0.5
3.1198974 7.2055233 0.32273343 -0.13993104 4.720586 0.5
3.9451561 19.71912 -0.054371581 0.051431199 0.205718 0.5
12.108052 15.463657 -0.067776706 0.97763538 5.820667 0.5
8.2674261 23.588292 -0.7556032 -0.28952473 3.894129 0.5
19.791645 23.928383 -1.2042592 0.24086925 3.074393 0.5
11.236338 22.176237 -0.048661242 -0.12578262 0.467747 0.5
20.85877 2.4408473 0.066525728 -0.095178264 5.60533 0.5
17.649279 9.1678855 0.52587906 -0.10023527 6.227367 0.5
14.357511 17.930385 0.26323843 -1.2579975 5.177094 0.5
15.251668 14.02747 -0.14959517 0.18102991 0.203779 0.5
11.828731 25.897346 0.90211465 0.066322228 6.095105 0.5
15.12534 17.014722 0.38048258 0.08853132 5.150288 0.5
4.5917367 11.484412 -0.27885399 -0.17227274 3.059892 0.5
2.933044 10.519288 -0.10822312 -0.1587968 3.692189 0.5
8.5983924 16.93987 -0.080434906 -0.25449547 3.246869 0.5
14.605421 23.433347 -0.033521892 0.79294951 2.032293 0.5
21.087626 17.214236 0.30270994 -0.0031837268 6.136396 0.5
12.667869 21.407121 -0.85116451 -0.028272219 4.563161 0.5
11.367218 9.0280643 0.18395506 0.093041324 5.916686 0.5
4.9874883 4.0786159 -0.13144998 0.040823454 1.344992 0.5
18.628022 4.2209921 -0.031381874 -0.30763043 3.633442 0.5
18.89351 15.630518 0.2339937 0.25824605 2.78777 0.5
16.260979 17.30836 0.57346813 0.41215982 1.483056 0.5
10.056095 19.47985 0.038243191 -0.18909115 0.879468 0.5
23.719462 8.2158683 -0.12091859 -0.37628704 4.923104 0.5
14.450984 3.3972706 -0.036664822 0.1992776 5.350229 0.5
13.994047 1.7214302 -0.077985321 -0.040650695 1.508644 0.5
21.255733 6.1430777 0.039432095 -0.052450192 4.32761 0.5
1.942385 11.624176 0.40586636 0.10264853 1.3724 0.5
13.026365 8.6365111 -0.18781603 0.038522915 2.64206 0.5
21.457906 15.509042 -0.41932731 -0.5946318 2.466218 0.5
5.3072688 16.715847 -0.078319916 0.84626119 0.69625 0.5
15.475629 12.845344 0.11465274 -0.53388033 0.502972 0.5
22.307859 8.8683709 -0.0011091983 -0.39685889 4.066135 0.5
6.1168237 13.26287 -0.18367591 -0.27469433 3.026607 0.5
24.485715 6.0147162 -0.11672997 0.12589491 6.171553 0.5
9.0664551 9.0652634 0.037581636 -0.077736067 3.767955 0.5
6.804659 23.726529 -0.38978808 0.030806282 5.349705 0.5
14.355192 0.6042443 -0.1446048 0.034120383 3.28374 0.5
10.159681 2.5211974 0.091132679 -0.014515266 1.964272 0.5
15.775248 18.294311 -0.3764516 0.18639297 1.170799 0.5
24.229802 15.482422 -0.12061642 -0.34769433 0.802835 0.5
18.923644 6.1904129 0.13193071 -0.12361579 5.063896 0.5
11.607596 13.576799 0.44006274 -0.08257642 2.243796 0.5
5.1826924 5.4689361 -0.5516078 0.081646163 5.270568 0.5
9.5420799 21.952221 0.18370535 -0.031456657 5.757172 0.5
18.173027 25.871858 0.34066429 -0.045278175 5.271397 0.5
19.954848 8.2594555 -0.092648901 -0.2404142 3.151318 0.5
14.257218 6.2276105 0.094508676 0.21311307 0.221595 0.5
7.9567934 14.369916 0.008505406 0.12862336 1.510648 0.5
2.5950761 9.3261459 -0.1654665 0.47458425 5.29405 0.5
7.5954989 10.939057 -0.33353999 0.29445775 2.737677 0.5
13.809229 4.6033599 0.043549579 0.28608795 4.134415 0.5
21.568437 12.641984 -0.18040503 0.22178261 1.432456 0.5
19.68773 4.9654136 0.057782277 -0.01301461 2.840655 0.5
18.357589 16.73207 0.05651455 -0.13434958 2.899005 0.5
24.551435 21.963387 0.5994396 -0.40784772 4.137855 0.5
20.539525 13.685449 0.35106041 -0.20863859 1.992807 0.5
10.809843 24.10569 -0.54702036 -0.20100444 0.375558 0.5
5.0060945 13.034746 -0.25344856 0.034924253 0.629977 0.5
12.271089 20.212104 -0.88824595 0.32580786 5.301885 0.5
9.3967077 23.635302 -0.23292795 0.69866433 1.197725 0.5
8.1293552 20.169265 -0.79543479 -0.20796492 2.939026 0.5
5.4661994 8.455403 0.062510241 -0.66384489 3.912909 0.5
4.0254891 5.5780523 0.21923309 0.12689719 3.115045 0.5
13.070778 23.862779 0.29951966 0.95607949 1.662001 0.5
18.236114 7.4568895 0.20204299 -0.12189503 0.131507 0.5
