# x y vx vy theta radius
7.7283206 7.0870164 -0.80116496 -0.46404812 1.6890353 0.5
21.05331 10.944532 0.39696116 -0.13514814 1.764168 0.5
15.689482 20.266675 -0.028626864 -0.26227046 3.951996 0.5
4.7053173 13.36175 -0.091950188 0.42631842 4.259518 0.5
5.0735703 9.6541171 0.14686484 -0.036285181 1.882067 0.5
23.804714 12.388752 -0.13515261 0.77960382 0.92276 0.5
23.261229 19.281378 -0.032886227 0.25090299 4.981497 0.5
10.343635 19.922969 0.15466427 -0.59754661 0.663689 0.5
22.529408 17.846418 0.11709647 -0.92610065 4.599871 0.5
10.507717 26.12872 0.37114278 0.17394377 3.315122 0.5
7.6494566 13.112987 -0.343398 0.15061967 5.224588 0.5
6.4745506 24.875759 0.14529769 0.28192889 4.739779 0.5
2.7014734 17.489512 -0.34049635 0.46853155 0.624425 0.5
13.814824 20.362858 0.0909548 -0.099201101 0.734434 0.5
20.076063 5.5415959 -0.40918063 -0.30281106 4.989084 0.5
23.862987 15.648437 0.31430373 -0.38748191 2.508867 0.5
10.652022 9.273148 -0.32340897 0.26512793 5.939565 0.5
18.149491 24.74036 -0.097727792 -0.24266982 0.028815 0.5
8.1796335 25.888083 0.12785889 -0.0068287044 3.449449 0.5
16.413281 27.078985 -0.22271444 0.1513919 0.592282 0.5
15.017074 18.262596 -0.15395272 -0.13244848 6.045768 0.5
14.382908 26.139431 0.087918531 -0.62733899 0.890473 0.5
11.120549 14.439645 -0.55932847 0.019744841 2.353219 0.5
9.8229269 3.6521324 0.13121983 0.5920705 1.672869 0.5
14.511437 2.6577185 0.48608371 -0.20335738 4.21507 0.5
21.483579 8.4326806 0.019152985 0.16574352 0.4829 0.5
23.946858 13.595756 -0.10454131 0.091375035 6.274711 0.5
24.653865 10.626604 0.33088696 -0.015301924 1.301021 0.5
4.2639403 7.0399006 -0.1240659 -0.30709738 3.538852 0.5
23.746457 11.246142 0.26952903 0.12263714 1.72413 0.5
6.9928762 8.2144024 -0.35011399 1.0283093 0.779811 0.5
22.764877 14.668242 -0.16498344 -0.18144158 1.209651 0.5
15.547824 14.863244 0.5883574 -0.45744082 5.377079 0.5
17.717647 11.927852 -0.17770288 0.20137959 3.122843 0.5
18.684019 21.500417 0.14176402 0.28652561 4.105439 0.5
22.482121 24.39182 0.19730322 -0.19787758 2.246795 0.5
18.050523 9.1180496 -0.07341826 -0.17579485 3.468535 0.5
15.856812 23.025032 0.28155834 0.31804623 5.532293 0.5
3.6087223 9.7510802 -0.50016638 -0.45428179 0.531572 0.5
6.2662519 4.2848228 -1.1092617 0.39107604 5.261584 0.5
9.0342591 24.871232 0.13015741 -0.27687161 0.040113 0.5
12.056941 11.438257 0.073900079 -0.16721099 4.576591 0.5
12.434451 21.452788 -0.016146291 0.17272029 0.209824 0.5
9.72995 18.728302 0.0073708061 0.23032917 1.770879 0.5
19.801529 11.637899 -0.26314715 0.060341387 4.791815 0.5
25.494644 20.981843 -0.10001164 0.025869169 2.522673 0.5
20.002867 10.189944 0.41579351 -0.034489386 3.232151 0.5
6.8479944 23.804034 -0.18879097 0.010887697 0.943125 0.5
5.299598 20.014642 0.14348219 -0.2991216 1.031271 0.5
10.230015 22.783672 0.65890904 0.190402 1.523797 0.5
25.698184 9.8378786 0.78414458 0.79479626 1.787492 0.5
15.633607 24.152044 0.057823329 -0.21854435 3.056837 0.5
15.273283 6.5835876 -0.2175242 0.023422967 3.332967 0.5
25.809418 19.527444 -0.45891627 0.21639988 3.889918 0.5
11.716877 8.3337915 -0.47602732 -0.16846687 1.775857 0.5
11.624318 20.540195 0.0061406796 -0.38210287 4.33857 0.5
21.206398 12.256371 -0.061551421 0.54713964 2.652322 0.5
16.313402 3.882261 -0.21531943 0.35517009 1.360759 0.5
24.60052 19.789617 -0.44198117 0.32696969 1.350476 0.5
25.996046 17.113214 0.21532767 0.20806788 3.139709 0.5
17.575269 20.862733 0.25713413 -0.078955328 3.877928 0.5
21.923782 5.3129293 -0.074786116 0.37819447 4.111005 0.5
6.9055973 21.741605 0.11084171 0.4326221 4.354529 0.5
5.8521889 22.069729 -0.35211743 0.10985311 1.958136 0.5
9.5897663 21.76016 -0.1024421 -0.64853315 1.935129 0.5
16.11069 13.644523 -0.1296952 -0.032639389 0.983243 0.5
8.4210323 16.443945 -0.046741825 0.023199708 4.524452 0.5
9.3119918 26.391329 -0.11281707 0.32156753 4.628506 0.5
18.772152 4.505521 -0.11375411 0.14126706 4.619789 0.5
9.547846 13.569419 0.047860994 0.60873901 6.246698 0.5
23.235757 22.144884 -0.47336738 -0.26590822 2.597917 0.5
13.885602 18.080728 0.19017803 0.083259336 5.540445 0.5
27.059855 11.223306 0.51762865 -0.029538126 1.135786 0.5
24.87006 16.914288 -0.12085288 -0.2199094 0.649744 0.5
25.746828 8.3995843 -0.054834163 0.30485358 4.647872 0.5
19.685872 26.078546 -0.084169245 -0.013941855 3.116928 0.5
16.617967 12.65617 -0.0064544742 0.015995371 1.058365 0.5
6.2525742 19.444477 -0.09332342 -0.23092509 1.223223 0.5
2.401181 7.4466914 -0.29395351 -0.44901841 6.185729 0.5
10.127838 16.713569 -0.13813819 0.77618067 5.03693 0.5
12.282022 3.3454693 0.3955644 0.24801274 0.158334 0.5
21.153982 23.421533 -0.12679714 -0.16218547 0.09489 0.5
13.750243 6.1025989 1.0655731 -0.074881777 3.182579 0.5
17.840011 22.276976 0.23543792 0.13883729 5.999337 0.5
15.154747 0.58529977 0.19933892 0.25198387 0.712677 0.5
17.125239 8.1591838 0.085328251 -0.1659088 1.70588 0.5
11.208981 17.649088 0.16861304 0.74680104 5.092516 0.5
8.7747841 22.496005 0.4285109 0.42700558 0.506989 0.5
22.080012 15.507404 0.058209983 0.11255631 4.452103 0.5
22.595014 6.4461166 -0.55310958 0.1105789 3.429354 0.5
21.994888 22.590691 -0.25958704 0.51224398 5.942963 0.5
10.362528 5.9720931 0.032152375 0.31757787 2.062723 0.5
7.5295098 19.907945 -0.28117533 0.18330964 2.598321 0.5
1.8087784 15.242532 0.21136803 0.39434621 6.159219 0.5
20.251245 8.31892 0.61499944 0.69961791 1.488917 0.5
5.8481827 11.997059 -0.35081142 -0.48683061 1.927238 0.5
12.907495 13.349671 -0.11812806 0.15616532 3.98558 0.5
13.144485 14.916398 -0.056120537 -0.19306928 3.515453 0.5
6.0918296 20.943759 0.18616481 -0.28769854 3.362574 0.5
20.008176 19.96971 -0.05836783 0.16454771 2.617045 0.5
16.118955 19.115049 0.1403968 -0.37517241 4.416501 0.5
13.461123 10.218821 -0.65120211 0.18517537 2.357123 0.5
17.005317 4.6858789 -0.12763048 0.34631882 0.027213 0.5
18.315803 13.477738 -0.20581144 0.49379099 3.270335 0.5
19.852618 24.813541 -0.26715173 -0.29150553 5.133302 0.5
7.5360443 11.308172 -0.64828516 0.39346283 4.163048 0.5
18.745655 2.3015312 0.3454312 0.21257207 3.93618 0.5
19.951819 23.425644 0.42294127 0.34667358 5.951127 0.5
26.931154 15.594452 -0.14443794 0.21427301 4.082451 0.5
17.535059 5.8485618 0.24477712 -0.27619185 1.780305 0.5
21.185125 18.208217 0.25107769 0.41645208 2.847882 0.5
26.785026 10.136799 0.16316688 -0.082929389 1.767937 0.5
14.521189 4.6329604 0.11367711 -0.36300242 0.00135 0.5
9.0951914 19.708527 -0.2036617 0.22399314 5.312468 0.5
3.5596129 16.490627 0.3407813 -0.1195681 0.320289 0.5
17.728423 1.7933577 0.13725565 0.0019319928 0.581132 0.5
21.267633 13.445489 -0.17479234 -0.1720497 3.087421 0.5
16.122998 25.253732 0.4279632 -0.27022597 3.560403 0.5
1.7545079 18.357274 -0.015966069 -0.19119713 0.555117 0.5
12.363992 19.605653 -0.12833688 0.046729234 6.220608 0.5
14.360457 14.989638 -0.42942365 -0.13295595 5.652715 0.5
22.728643 13.162731 0.068791285 -0.14350607 0.827952 0.5
25.882122 11.298814 0.1804687 -0.20737149 1.054048 0.5
25.243722 13.687947 0.078086888 0.39852096 0.319962 0.5
25.803473 18.242983 0.22053648 -0.37090713 2.464344 0.5
10.37311 10.455624 -0.34732194 -0.034035283 3.780782 0.5
16.06105 7.2957338 0.44545422 -0.79454421 0.745414 0.5
0.94395359 10.838696 0.17429836 -0.18828524 3.348875 0.5
16.203282 8.6979801 0.073429505 0.14655011 5.365761 0.5
16.929433 9.5343628 0.22211332 0.10237962 0.445642 0.5
15.101743 27.164857 0.053966985 0.27602577 2.979068 0.5
5.9428704 10.667041 -0.46504048 -0.0022787234 2.813895 0.5
16.511364 15.705839 0.19419509 -0.43711649 4.039246 0.5
22.744254 16.715072 0.031631084 -0.17922936 4.602055 0.5
14.364 8.4469073 -0.08414157 0.34503818 1.676583 0.5
18.074913 19.736996 0.11178825 0.36019695 1.207935 0.5
20.399031 4.32719 -0.027585144 -0.2045413 6.164191 0.5
5.2419467 15.084674 0.24578564 0.38867131 1.491784 0.5
3.3457308 10.871371 -0.49936367 0.063846899 6.269379 0.5
1.2068647 16.208204 -0.00882764 0.1837449 0.35856 0.5
20.756574 3.105193 -0.36613854 -0.54396421 0.326238 0.5
24.962122 12.174498 0.24738709 0.28135961 1.608548 0.5
19.246728 9.0509229 0.1244781 0.49755521 2.616667 0.5
14.656069 24.659439 0.61515589 -0.10691406 0.410672 0.5
14.425832 9.5603758 0.051732662 0.076528597 3.210668 0.5
18.205445 17.134779 0.14807082 0.014182243 0.309541 0.5
14.191306 13.502265 0.57425845 0.49622269 1.761874 0.5
8.0359317 24.160352 0.24343812 -0.032503579 4.731547 0.5
6.2212014 3.0290524 -0.34257622 -0.097661199 0.313065 0.5
12.386087 27.153151 0.26138962 -0.31181821 0.087229 0.5
8.5902169 2.2848375 -0.014241911 -0.064418061 5.713071 0.5
26.584208 12.212869 -0.14507254 -0.093758592 0.34983 0.5
5.2844856 23.99211 -0.039963022 0.035300502 2.015368 0.5
24.262289 9.5382567 -0.28927191 0.26322355 0.42176 0.5
11.586981 26.075442 -0.36193698 -0.36592249 5.580866 0.5
9.362716 17.550769 0.19825215 -0.03233893 4.066321 0.5
23.753609 23.124079 -0.14505544 0.012659313 5.863794 0.5
16.394297 10.656019 0.22853537 0.42803184 5.355125 0.5
20.870248 15.357948 0.16095096 0.21602944 5.404824 0.5
16.913465 19.858921 0.26564068 -0.046524306 1.361005 0.5
10.907792 21.767115 -0.34809699 0.60108823 5.19755 0.5
12.916299 4.6441437 -0.54521552 0.24773296 5.853071 0.5
14.24269 10.966689 -0.25184518 0.49269845 2.830697 0.5
24.685854 7.9709566 0.040240713 0.0047513696 3.251414 0.5
4.78982 21.666149 0.26840872 0.002501542 3.305262 0.5
21.078923 19.465876 -0.41463166 -0.17546598 3.841898 0.5
18.569855 26.289034 0.089849615 0.12224224 4.917041 0.5
17.131704 14.127407 -0.15568783 0.018835021 1.726803 0.5
3.2016322 20.047004 0.28031636 0.23371229 2.534849 0.5
14.020998 16.319464 -0.0015226994 0.31771295 1.985571 0.5
14.638696 19.48665 0.22658068 -0.081498773 5.636684 0.5
13.641699 12.521362 0.40984481 0.55939433 0.642493 0.5
16.36104 21.480613 -0.086990905 -0.044293832 5.796573 0.5
22.570979 11.165693 0.49248307 0.46891143 4.738871 0.5
27.197801 13.142614 -0.25251548 -0.11085556 1.568073 0.5
13.786157 27.291205 -0.012835675 -0.17568798 2.749741 0.5
3.1060251 15.294027 0.027536764 -0.3732935 1.171823 0.5
11.125368 1.2249338 -0.55477816 0.49774384 2.226958 0.5
24.15557 18.716107 0.27278669 0.16067757 1.548545 0.5
19.373743 17.011702 0.24608938 -0.3064249 3.653333 0.5
19.467699 13.233757 0.7658304 0.10445359 4.394256 0.5
8.9051225 4.673564 0.0066273193 0.18375144 0.605652 0.5
16.129243 5.2928399 -0.14225269 0.091521233 3.106146 0.5
17.645385 15.930328 0.2230818 -0.11239918 3.095002 0.5
20.998753 6.2017358 -0.23018194 -0.6160992 1.841384 0.5
24.94106 15.200362 -0.17549631 0.24148738 6.034028 0.5
14.218404 7.2774774 0.69787243 -0.52734106 1.857551 0.5
15.473865 12.299681 0.072524293 0.37254069 1.702664 0.5
14.204494 1.2736697 0.15639021 0.075956078 1.16125 0.5
7.4205881 4.8082966 0.25908591 0.065382044 4.720586 0.5
19.592734 7.3939521 -0.27707549 0.19156734 0.205718 0.5
23.137437 7.8778329 -0.11118143 0.050771919 5.820667 0.5
22.813355 8.928702 -0.98128916 -0.28987757 3.894129 0.5
19.816918 18.071634 -0.21449329 0.31826453 3.074393 0.5
8.9016867 20.767569 -0.93318809 0.058231915 0.467747 0.5
6.5827251 14.030387 0.32196211 -0.057752828 5.60533 0.5
10.718769 15.563828 -0.20036602 0.14130501 6.227367 0.5
27.210302 14.278242 -0.30201732 -0.19744569 5.177094 0.5
6.4765468 17.270693 0.44360706 0.10839155 0.203779 0.5
17.3648 26.518847 -0.097389081 -0.057366123 6.095105 0.5
24.481764 22.11277 -0.065483171 -0.48048059 5.150288 0.5
15.544212 16.468284 -0.37556422 -0.1745776 3.059892 0.5
7.2888583 18.155482 -0.25271479 0.14815476 3.692189 0.5
21.689701 4.2166599 0.38036669 0.29055733 3.246869 0.5
13.638067 23.817097 -0.0038040263 0.074931415 2.032293 0.5
12.00588 24.266263 0.44567883 -0.30303844 6.136396 0.5
12.659871 5.8097612 0.16901714 -0.441386 4.563161 0.5
14.534236 23.07511 0.095668918 -0.17533216 5.916686 0.5
17.15945 24.06116 -0.21670574 -0.088970479 1.344992 0.5
23.673965 5.3167656 0.40048466 0.029137558 3.633442 0.5
18.361612 15.077637 0.47586325 0.96788931 2.78777 0.5
18.412845 7.8769322 0.27825371 0.22456677 1.483056 0.5
24.004838 21.078676 -0.019595844 -0.41005483 0.879468 0.5
15.126487 3.7213823 0.58077032 -0.0080203893 4.923104 0.5
7.8674712 3.1612611 -0.8508837 0.60023558 5.350229 0.5
16.239778 17.443265 0.085119969 -0.17124214 1.508644 0.5
12.288635 16.279733 -0.10651603 0.04561572 4.32761 0.5
15.447331 1.8167135 0.91780888 0.13284827 1.3724 0.5
9.2842673 15.753877 -0.2979714 -0.47003742 2.64206 0.5
11.979482 7.1898025 -0.19381518 -0.23955403 2.466218 0.5
23.596482 17.468419 -0.37395085 0.038506973 0.69625 0.5
11.136251 25.053859 0.37479904 0.173411 0.502972 0.5
22.045061 21.427585 -0.38889794 0.132776 4.066135 0.5
3.5514976 18.521827 -0.4744056 -0.41574124 3.026607 0.5
19.778719 14.478082 0.38854942 0.13158479 6.171553 0.5
4.3022234 22.713801 0.039379735 -0.37437674 3.767955 0.5
3.731672 12.848346 -0.76638612 0.19731186 5.349705 0.5
4.5921062 5.1726026 -0.64696944 -0.011380349 3.28374 0.5
16.812363 2.547589 0.42967994 -0.31468491 1.964272 0.5
13.204897 2.5654051 -0.36904295 -0.2032657 1.170799 0.5
8.4492239 18.197754 0.48178533 -0.13017335 0.802835 0.5
20.468294 21.855387 0.072476389 0.010436571 5.063896 0.5
20.769548 16.627092 0.22118824 -0.18445099 2.243796 0.5
10.111514 12.529609 -0.21205106 0.24973354 5.270568 0.5
21.972283 10.291379 0.097906303 -0.2226391 5.757172 0.5
21.029005 20.65259 0.28890417 0.031814657 5.271397 0.5
8.61387 12.171695 0.58013843 -0.0032954676 3.151318 0.5
17.367202 3.5503935 -0.25367318 -0.032652511 0.221595 0.5
18.755875 10.830709 -0.21528616 0.0025947736 1.510648 0.5
9.772193 23.920225 0.067230007 0.36512122 5.29405 0.5
11.414647 12.519769 -0.065224755 -0.41262866 2.737677 0.5
23.044916 10.169108 -0.20397483 -0.027310208 4.134415 0.5
10.854828 18.818775 -0.16561982 -0.31377694 1.432456 0.5
18.862473 23.5306 -0.17303085 -0.42543896 2.840655 0.5
4.9398718 18.506395 0.20158846 -0.64194329 2.899005 0.5
16.954702 22.971583 -0.0091357198 -0.062662471 4.137855 0.5
17.141705 18.719039 -0.17241871 0.17000047 1.992807 0.5
12.670033 25.114814 -0.17409415 0.1591151 0.375558 0.5
10.757473 4.6595069 -0.87768511 0.11505121 0.629977 0.5
1.1186401 12.951553 0.52354311 0.37965439 5.301885 0.5
18.747457 18.511184 0.18029363 0.10150476 1.197725 0.5
12.395312 22.89412 0.17288193 -0.24096934 2.939026 0.5
18.903212 6.026687 -0.34716561 0.16849266 3.912909 0.5
20.962958 25.022343 0.019041094 -0.11368682 3.115045 0.5
22.093041 19.869473 0.20391789 0.67772886 1.662001 0.5
2.2089263 9.1223391 0.70420505 0.27561898 0.131507 0.5
