# x y vx vy theta radius
18.70173 21.060262 1.6024182 -0.53690482 5.4729534 0.5
24.662925 14.049624 -0.074471534 0.032864347 1.764168 0.5
20.406697 10.968061 0.47438611 0.21454301 3.951996 0.5
13.24551 25.174841 0.071538376 0.30178414 4.259518 0.5
8.0702135 23.52829 -0.0081053784 0.3654234 1.882067 0.5
11.782498 1.0058577 -0.12542565 -0.1867499 0.92276 0.5
7.6705116 15.003986 0.073399327 0.24659259 4.981497 0.5
7.7334405 7.7397338 0.1337662 -0.21348403 0.663689 0.5
18.345209 9.6687818 0.29894446 0.20042792 4.599871 0.5
13.231741 14.917235 -0.048025155 0.21105956 3.315122 0.5
17.939509 3.3632951 -0.15896657 -0.44626632 5.224588 0.5
6.3100745 9.5331958 0.51266472 0.096244141 4.739779 0.5
4.4493185 8.5956914 0.42142497 0.066779419 0.624425 0.5
7.391684 4.6957227 0.0036221681 0.23480275 0.734434 0.5
9.0375043 5.0574933 0.0038536366 0.063024257 4.989084 0.5
7.6116604 16.420877 0.15762643 0.42584861 2.508867 0.5
24.089634 9.2341398 0.18531034 -0.34457998 5.939565 0.5
14.522234 4.77446 -0.56977876 0.43701669 0.028815 0.5
16.123802 24.540947 -0.23182136 -0.79270953 3.449449 0.5
25.569869 8.5527113 0.094668695 -0.2798632 0.592282 0.5
1.957709 12.552422 0.42926409 0.011763454 6.045768 0.5
11.116255 10.498493 0.27415877 -0.063243609 0.890473 0.5
14.63063 0.96679971 0.075647331 0.2024659 2.353219 0.5
5.8784866 24.649978 0.007080865 0.81276699 1.672869 0.5
11.732888 6.9010038 -0.19950795 0.3305731 4.21507 0.5
13.419408 12.998761 -0.025626746 0.19656783 0.4829 0.5
10.085712 24.278018 0.0470161 0.22854914 6.274711 0.5
6.2492214 14.714578 -0.18022611 0.27992455 1.301021 0.5
14.645488 9.4781151 -0.6041812 -0.080469163 3.538852 0.5
20.2544 19.046226 0.29820128 0.32010331 1.72413 0.5
8.3952846 13.758953 0.40825215 -0.1464281 0.779811 0.5
5.1786832 15.715419 -0.042308599 0.021934237 1.209651 0.5
6.8772663 12.077858 -0.025922542 -0.17521786 5.377079 0.5
20.387288 12.503871 0.63937986 -0.15152545 3.122843 0.5
2.4604212 7.3868208 0.25670819 0.63379833 4.105439 0.5
12.192642 13.192117 0.4018984 -0.1838146 2.246795 0.5
21.283101 24.274829 0.36729576 0.44835488 3.468535 0.5
1.5782513 17.997972 0.14855044 0.18843843 5.532293 0.5
1.8755764 8.7691966 0.057537162 0.1331451 0.531572 0.5
17.476789 15.679147 0.31370994 0.82466957 5.261584 0.5
17.997879 26.703634 0.50972689 0.83974548 0.040113 0.5
15.924078 8.7595127 0.0032086664 0.052722839 4.576591 0.5
14.381464 17.071065 0.0075988044 -0.2773598 0.209824 0.5
7.3376833 13.079517 0.054481229 0.062248303 1.770879 0.5
1.2162096 10.470191 -0.17724345 -0.28168285 4.791815 0.5
10.818335 20.105459 -0.1799922 0.44555143 2.522673 0.5
2.8903475 11.90353 -0.03126115 -0.1368314 3.232151 0.5
12.14127 27.204599 -0.60192281 0.112912 0.943125 0.5
9.1147911 25.329418 0.020572887 -0.051410629 1.031271 0.5
11.819025 11.729706 -0.26311875 -0.36997441 1.523797 0.5
11.318058 9.287703 0.20218474 -0.31482796 1.787492 0.5
26.957292 14.47727 0.36270596 -0.2683166 3.056837 0.5
16.311011 14.746972 -0.11366348 0.062165369 3.332967 0.5
0.80500403 13.038035 -0.29819591 0.4551481 3.889918 0.5
12.532348 26.230274 0.046068641 0.90054379 1.775857 0.5
19.790554 18.0541 -0.20182253 -0.32510277 4.33857 0.5
25.230813 9.6749161 0.64968361 0.1727374 2.652322 0.5
4.8838215 18.785462 -0.2236314 0.070353123 1.360759 0.5
9.0881596 16.142381 -0.26798549 0.17745233 1.350476 0.5
7.9668427 10.600374 0.42511082 -0.02706352 3.139709 0.5
11.740328 23.410983 0.27801235 -0.69588247 3.877928 0.5
3.9870177 12.447045 0.63969388 -0.43300209 4.111005 0.5
2.1234553 16.870033 -0.14112205 -0.12266331 4.354529 0.5
5.7492306 6.6928177 0.43148849 0.054608916 1.958136 0.5
21.206331 20.835822 -0.36350306 -0.13855929 1.935129 0.5
16.649767 3.6063996 -0.17379201 -0.26323868 0.983243 0.5
6.9594022 2.685429 -0.1219643 -0.3132385 4.524452 0.5
4.9501257 20.066139 0.16784832 -0.040823671 4.628506 0.5
16.029581 10.074345 0.44309167 0.34945668 4.619789 0.5
18.25795 12.608369 -0.26055179 -0.46939665 6.246698 0.5
10.338451 5.1323936 -0.077547113 -0.078085408 2.597917 0.5
2.4521963 15.812518 0.13157904 0.018621274 5.540445 0.5
22.29346 19.968677 0.26494147 -0.044539519 1.135786 0.5
24.754462 10.85801 -0.06255389 0.21249427 0.649744 0.5
5.7299828 21.338491 -0.24809787 -0.88461164 4.647872 0.5
9.874338 9.9611837 -0.047343366 0.01011429 3.116928 0.5
10.067439 11.577924 0.46175874 -0.10324855 1.058365 0.5
5.4216485 10.923436 0.045790263 -0.13333268 1.223223 0.5
17.486654 22.554323 -0.18483224 0.50626018 6.185729 0.5
7.2384699 19.816026 -0.23121453 -0.85425707 5.03693 0.5
4.959307 14.535657 -0.10199843 -0.32494667 0.158334 0.5
17.38825 24.013069 0.4976004 -0.89854358 0.09489 0.5
6.3795398 8.3398588 0.3026589 0.34945112 3.182579 0.5
10.420012 1.2603099 0.029771298 -0.27592289 5.999337 0.5
6.1333839 4.7811735 0.1059137 0.063667641 0.712677 0.5
17.709251 5.1308573 -0.16110404 -0.11080261 1.70588 0.5
3.8162096 20.335168 -0.099371578 -0.47397431 5.092516 0.5
18.750605 6.3579388 -0.67522889 0.23894092 0.506989 0.5
18.344497 25.632803 -0.17211793 -0.45440259 4.452103 0.5
18.785701 15.220434 -0.3427984 0.044083715 3.429354 0.5
13.497483 19.735587 -0.60440406 -0.33275486 5.942963 0.5
11.460568 2.2544666 0.17457103 -0.036841119 2.062723 0.5
8.9488085 3.187246 -0.21469012 -0.19820528 2.598321 0.5
18.393888 1.329872 0.040538061 0.058854798 6.159219 0.5
7.8102488 3.6161891 0.31691671 0.16820459 1.488917 0.5
11.008101 7.8967532 0.08626896 -0.22055605 1.927238 0.5
21.901467 8.7865801 0.2228286 -0.19374989 3.98558 0.5
4.5901387 23.559026 -0.084159149 0.087706966 3.515453 0.5
7.9585565 2.0754037 0.013555129 0.083486389 3.362574 0.5
20.647012 6.8820782 0.065487828 0.13632012 2.617045 0.5
15.34143 3.4142707 0.78853774 -0.12312415 4.416501 0.5
18.848988 5.101311 0.36231504 -0.062961563 2.357123 0.5
22.683249 18.318928 -0.36104986 0.035270114 0.027213 0.5
11.137234 25.421097 -0.044360578 0.16006174 3.270335 0.5
9.2202953 1.7609431 -0.33159764 0.034252654 5.133302 0.5
3.095683 18.807336 -0.2187351 0.62741571 4.163048 0.5
3.6633463 14.992669 0.23711922 -0.37574002 3.93618 0.5
6.3340866 15.972937 -0.54010187 -0.087117416 5.951127 0.5
20.257952 5.3883607 0.055927698 0.17410537 4.082451 0.5
19.948058 2.8297142 -0.65253932 0.17966395 1.780305 0.5
10.37981 16.642933 -0.11067842 0.26936772 2.847882 0.5
12.15344 14.546743 0.24273731 -0.16599287 1.767937 0.5
19.42901 26.12494 0.68627066 -0.31718212 0.00135 0.5
17.539809 6.6604017 0.3863443 0.13417052 5.312468 0.5
23.917195 17.825205 -0.34646196 0.57780667 0.320289 0.5
17.467294 2.013729 0.38570694 0.51254 0.581132 0.5
16.55971 18.542163 0.42597702 -0.33866282 3.087421 0.5
6.7250252 7.1696314 -0.18167392 -0.040452671 3.560403 0.5
13.653678 23.371919 -0.6500858 -0.11451331 0.555117 0.5
15.283098 10.782337 -0.36970788 0.14362938 6.220608 0.5
22.123101 3.9762106 0.037291322 -0.066478727 5.652715 0.5
4.751376 7.4712595 0.19891813 0.30331818 0.827952 0.5
14.241705 13.704916 -0.0068369749 -0.24914201 1.054048 0.5
16.883016 26.295289 0.10537988 0.32059021 0.319962 0.5
6.8765412 17.614906 0.27724847 -0.30017948 2.464344 0.5
9.5642487 14.389178 -0.081903431 0.15900033 3.780782 0.5
13.756665 21.627633 -0.23186903 0.11019735 0.745414 0.5
11.388492 22.217028 0.14206199 0.61122972 3.348875 0.5
0.77664451 11.799306 -0.29145662 0.1416222 5.365761 0.5
15.706377 22.230749 0.276485 0.037912806 0.445642 0.5
23.100875 22.972763 0.38431565 0.19995308 2.979068 0.5
10.623697 3.324345 -0.18288709 0.30938171 2.813895 0.5
26.984004 10.748157 -0.18186148 0.15060447 4.039246 0.5
5.6908066 22.575715 -0.37344405 0.2425401 4.602055 0.5
14.666433 15.426207 0.13293542 0.16955389 1.676583 0.5
24.174847 6.1949989 0.43604428 0.044475612 1.207935 0.5
13.025608 22.4115 0.28289816 0.33758854 6.164191 0.5
16.141875 5.7656719 -0.014941164 -0.079732869 1.491784 0.5
22.172373 5.7184837 0.10259681 0.29808344 6.269379 0.5
3.4095432 17.748118 -0.44974558 -0.30442362 0.35856 0.5
13.288378 4.2016533 -0.45564999 -0.41661235 0.326238 0.5
13.105076 0.58549359 -0.11400966 -0.25575882 1.608548 0.5
14.909968 12.167796 -0.034717715 0.13202638 2.616667 0.5
15.181587 26.834631 -0.25944199 -0.052698465 0.410672 0.5
3.0804411 6.1774566 -0.32251578 0.014337672 3.210668 0.5
23.548481 4.5685188 -0.35647111 -0.25924886 0.309541 0.5
13.652085 8.9622775 -0.034913467 -0.027125638 1.761874 0.5
15.444832 23.708508 -0.084594903 0.17343377 4.731547 0.5
9.7142148 17.791214 -0.24282622 0.36279843 0.313065 0.5
17.781065 13.664882 -0.41040343 -0.090692661 0.087229 0.5
26.981543 16.687281 0.2757875 0.46587066 5.713071 0.5
15.160281 25.539742 -0.046180317 0.06949538 0.34983 0.5
3.9021707 11.250431 0.24440456 -0.027844285 2.015368 0.5
16.7139 7.835877 0.30935219 -0.42817213 0.42176 0.5
8.7779269 18.46109 0.10879581 0.24323787 5.580866 0.5
8.3264055 12.353847 0.018959054 0.18854228 4.066321 0.5
3.3818751 16.455763 -0.16479858 -0.22148037 5.863794 0.5
15.564891 7.6534806 -0.23146668 0.25366791 5.355125 0.5
3.6705872 9.7833809 -0.079605665 -0.21975541 5.404824 0.5
21.460114 18.394252 -0.63602681 -0.74109713 1.361005 0.5
20.66843 13.972914 -0.29909197 -0.75453965 5.19755 0.5
18.18627 10.941963 -0.37683059 0.22109148 5.853071 0.5
11.710268 17.577198 -0.71705941 0.44248249 2.830697 0.5
8.1473856 24.891056 -0.26349625 0.32020501 3.251414 0.5
16.167141 20.825202 -0.056584585 -0.78246977 3.305262 0.5
0.96232277 15.00573 0.0029157177 -0.41235627 3.841898 0.5
8.2707313 20.333217 -0.089745092 -0.26112567 4.917041 0.5
19.50731 4.1255873 0.0012601459 0.28027545 1.726803 0.5
13.191946 1.7823698 0.09195106 -0.15504825 2.534849 0.5
19.395493 11.362188 -0.23767144 0.86803657 1.985571 0.5
22.551699 9.7733945 0.51369388 0.0053150088 5.636684 0.5
3.7688525 13.82069 0.20331717 -0.086721854 0.642493 0.5
24.433279 16.376662 -0.095903242 -0.08615695 5.796573 0.5
1.0751834 16.461555 -0.17831978 -0.092458423 4.738871 0.5
14.389781 7.9414626 0.099855461 0.056784773 1.568073 0.5
3.4714914 8.007962 -0.098659037 -0.26417666 2.749741 0.5
9.1774495 19.493013 0.23858541 0.15797642 1.171823 0.5
20.798432 9.5566106 0.38163941 -0.13050482 2.226958 0.5
10.266221 15.585502 0.1133612 0.39488712 1.548545 0.5
14.561648 19.879225 0.32264438 -0.21994192 3.653333 0.5
26.704599 15.627153 0.22113384 -0.26741977 4.394256 0.5
8.4986799 9.4683773 0.7347224 0.13168756 0.605652 0.5
2.2172745 14.098441 -0.19140637 0.40187298 3.106146 0.5
22.989168 8.2362125 -0.15968426 -0.28564914 3.095002 0.5
19.552112 22.274457 -0.70378506 0.20142224 1.841384 0.5
26.294593 12.536654 -0.11320209 0.38403675 6.034028 0.5
18.436284 7.3754538 0.42457196 -0.48504446 1.857551 0.5
2.7898041 10.629929 -0.15466912 -0.01606199 1.702664 0.5
13.617615 6.6631164 -0.2968259 -0.027318982 1.16125 0.5
21.512504 11.351312 -0.018729515 -0.0036904126 4.720586 0.5
4.7302921 4.2516078 0.42313741 -0.20437655 0.205718 0.5
5.7530349 17.315742 0.41475387 -0.63076682 5.820667 0.5
18.129431 20.098456 -0.25316018 0.25471677 3.894129 0.5
7.7973078 6.0855437 0.016746612 -0.25813093 3.074393 0.5
20.834522 8.393115 0.42059212 0.39490321 0.467747 0.5
26.65273 18.176503 0.073147653 -0.0079752754 5.60533 0.5
16.857585 0.99674769 -0.31960665 -0.42640008 6.227367 0.5
6.6096256 10.806902 0.26403096 0.16088295 5.177094 0.5
2.5934503 19.941312 -0.19582037 -0.022300729 0.203779 0.5
6.3980161 20.531755 0.15785385 0.45172453 6.095105 0.5
8.9266751 8.2726378 -0.42191094 0.31974996 5.150288 0.5
11.613593 4.1101272 0.32240109 -0.25816942 3.059892 0.5
23.252925 14.519763 -0.20868695 0.059869039 3.692189 0.5
8.9899095 11.145931 -0.082638629 -0.078521905 3.246869 0.5
21.090337 3.3210324 -0.38292643 -0.035843658 2.032293 0.5
20.883903 15.544983 -0.11443215 0.44650805 6.136396 0.5
6.5140068 5.9168322 0.076631277 -0.10211203 4.563161 0.5
20.820841 16.981497 -0.31298326 -0.69865705 5.916686 0.5
3.9291217 5.2738924 -0.21091528 0.48921832 1.344992 0.5
21.217959 22.873038 -0.48829926 -0.0012937495 3.633442 0.5
10.10248 21.250324 -1.0433612 -0.72537587 2.78777 0.5
23.501221 11.721422 -0.25302104 0.31234165 1.483056 0.5
17.958837 18.30068 0.20138604 0.3222529 0.879468 0.5
14.695273 6.0069573 0.075961674 0.25946907 4.923104 0.5
16.443035 2.4814866 -0.1308742 0.24760277 5.350229 0.5
9.8472771 26.215446 -0.091494595 -0.73833524 1.508644 0.5
13.627686 2.8052427 -0.16327344 -0.39221932 4.32761 0.5
4.5384894 22.353668 0.52458247 0.17812374 1.3724 0.5
19.451775 24.87781 -0.39631258 0.47312817 2.64206 0.5
5.8158912 13.308361 0.092539692 -0.10289873 2.466218 0.5
5.7581576 3.7172486 -0.10465358 -0.019136855 0.69625 0.5
8.987871 6.4823371 0.0040070188 -0.077753088 0.502972 0.5
24.915621 20.305939 0.023410072 -0.11912947 4.066135 0.5
17.874007 8.5825347 0.083715402 -0.6711455 3.026607 0.5
25.805297 11.38111 -0.14728558 -0.081120684 6.171553 0.5
12.049956 19.269982 0.39649189 -0.42810916 3.767955 0.5
22.314618 12.766185 -0.15775837 0.041437937 5.349705 0.5
4.164528 6.4987059 -0.021602515 -0.16322305 3.28374 0.5
12.837094 16.370009 -0.37736212 0.04534331 1.964272 0.5
25.49426 17.255735 0.0042149364 0.34635425 1.170799 0.5
12.318024 3.0334251 -0.23271075 0.15551679 0.802835 0.5
13.642068 26.788163 -0.45002725 0.18558798 5.063896 0.5
6.1511096 18.698364 0.060549819 -0.088530872 2.243796 0.5
10.866887 12.616979 0.2995371 0.068085188 5.270568 0.5
23.571921 20.951108 0.77324126 -0.7196659 5.757172 0.5
16.78504 16.633905 -0.10140559 0.45364147 5.271397 0.5
15.779839 1.5801582 0.022749791 0.13972688 3.151318 0.5
17.016958 9.3052194 -0.32604938 -0.12573997 0.221595 0.5
26.306668 19.360628 0.14179193 0.47830819 1.510648 0.5
25.250485 6.9125679 -0.17716492 0.20627071 5.29405 0.5
14.68569 2.2155901 0.35123272 0.05437036 2.737677 0.5
9.9322757 7.8138093 0.094610984 -0.090421005 4.134415 0.5
12.952239 11.652924 -0.089891972 0.086239577 1.432456 0.5
13.039021 18.203212 0.36122258 0.17905805 2.840655 0.5
3.1260335 21.802806 -0.24038488 0.38458894 2.899005 0.5
11.5135 5.829802 -0.023122281 -0.32699312 4.137855 0.5
12.252918 10.618457 0.31533105 -0.15282304 1.992807 0.5
21.942883 7.4821708 0.091931167 -0.04740533 0.375558 0.5
12.948848 7.7425417 0.10605446 -0.13398214 0.629977 0.5
6.7076572 23.801945 0.26023505 0.34210911 5.301885 0.5
23.087947 6.6146093 0.017238305 -0.19772297 1.197725 0.5
10.231867 6.6025021 0.23843583 0.038702219 2.939026 0.5
19.311296 9.0203177 -0.20343056 -0.13923531 3.912909 0.5
9.6186633 12.789106 -0.12047108 -0.022584941 3.115045 0.5
24.303962 7.649711 -0.1870805 0.06387292 1.662001 0.5
19.33241 20.065685 0.19046805 -0.41357594 0.131507 0.5
