# x y vx vy theta radius
26.089649 18.988699 -0.5166456 0.035689942 0.1353089 0.5
21.039482 12.58414 0.29748472 0.12373886 1.764168 0.5
0.76315765 12.189534 -0.20211992 -0.12781306 3.951996 0.5
24.018711 11.313898 0.33597631 0.015794338 4.259518 0.5
10.555533 6.9048964 0.089968006 -0.40705558 1.882067 0.5
4.1073703 7.2776157 0.082514011 -0.13582727 0.92276 0.5
10.555474 13.955067 0.14151398 0.34507376 4.981497 0.5
24.056121 9.2223161 -0.12151375 0.32173225 0.663689 0.5
7.8248717 18.676128 -0.10108034 0.0043899124 4.599871 0.5
17.944469 14.157926 0.13310968 0.010272906 3.315122 0.5
13.070656 7.0005801 -0.02283587 -0.046196505 5.224588 0.5
20.122251 17.706205 -0.62037157 0.019258856 4.739779 0.5
11.801879 14.157561 -0.021400601 -0.0993354 0.624425 0.5
9.9124932 2.2413762 0.42695583 0.51580482 0.734434 0.5
16.443011 9.912335 -0.69262939 0.26158057 4.989084 0.5
8.1445031 3.485105 -0.28711055 0.33272416 2.508867 0.5
18.826011 12.317202 -0.038238007 -0.22401937 5.939565 0.5
4.0990975 22.246572 -0.12458506 -0.4378348 0.028815 0.5
25.161787 8.3906372 -0.20668369 0.35862356 3.449449 0.5
12.806189 0.82564027 0.31802764 0.40269635 0.592282 0.5
21.752651 20.774376 -0.077688419 0.35167749 6.045768 0.5
19.288503 1.8819226 -0.40223093 0.42620916 0.890473 0.5
2.9538325 15.481615 -0.1545133 0.49718292 2.353219 0.5
0.92001445 14.125645 0.47607995 -0.49504686 1.672869 0.5
21.551298 3.1893042 -0.13116544 0.051156929 4.21507 0.5
19.694041 6.2964844 -0.34633236 -0.091942029 0.4829 0.5
15.081462 22.451674 0.056723455 -0.099946213 6.274711 0.5
21.464955 9.0692601 0.24926845 0.43475502 1.301021 0.5
22.785789 4.0245843 0.23645355 -0.026981735 3.538852 0.5
21.725227 19.635068 0.3233957 -0.14385909 1.72413 0.5
4.4982396 4.5600948 0.21005391 0.47155996 0.779811 0.5
15.836255 8.8142891 -0.50167016 0.25790629 1.209651 0.5
18.860706 13.468669 -0.13747412 0.29509377 5.377079 0.5
12.642743 13.354409 0.43495338 -0.078847814 3.122843 0.5
18.515582 18.044542 -0.24013956 0.21521524 4.105439 0.5
9.4766927 20.1209 -0.11458551 0.1751518 2.246795 0.5
5.1878282 22.645189 0.487811 0.23777315 3.468535 0.5
2.8179865 12.805281 0.093269612 -0.0092667119 5.532293 0.5
4.2899629 15.269717 0.47380514 0.37512235 0.531572 0.5
3.0776259 8.0479242 -0.019602056 -0.32438555 5.261584 0.5
5.5445786 7.1749745 0.31902404 0.53077356 0.040113 0.5
25.262798 6.7863254 0.049316136 0.25499246 4.576591 0.5
15.257151 10.268272 0.43045708 -0.098243431 0.209824 0.5
16.397228 12.330107 0.4324102 -0.31006345 1.770879 0.5
5.1366189 6.0592614 0.032998321 0.12947217 4.791815 0.5
9.8115399 17.922876 0.20956115 0.14287262 2.522673 0.5
14.889289 18.001256 -0.17992677 -0.24006528 3.232151 0.5
13.664456 22.884647 -0.53250449 0.35473062 0.943125 0.5
17.440384 26.288253 0.32043992 0.021098833 1.031271 0.5
2.6172859 6.9229618 0.40748 0.23815415 1.523797 0.5
14.077852 24.060022 -0.2422431 0.54552704 1.787492 0.5
11.951829 16.962086 -0.11827583 -0.011597516 3.056837 0.5
8.4111915 21.005906 0.053438906 0.45418856 3.332967 0.5
20.539312 19.854526 -0.44899473 -0.072197422 3.889918 0.5
10.278035 16.237635 0.52592514 0.11476852 1.775857 0.5
13.079891 14.379025 -0.51286071 0.03593728 4.33857 0.5
22.396491 7.9874109 0.3581332 -0.15316874 2.652322 0.5
18.355421 22.874694 0.41290161 0.41102674 1.360759 0.5
11.454584 1.0263315 -0.3938381 -0.20465979 1.350476 0.5
13.606795 1.8080823 0.060033905 0.10534896 3.139709 0.5
14.975812 13.944189 0.084199573 -0.24888299 3.877928 0.5
4.9735798 8.3080397 -0.23769152 0.28964061 4.111005 0.5
11.981913 18.442139 -0.368484 0.17128291 4.354529 0.5
13.278079 3.4687132 -0.66996594 -0.03959705 1.958136 0.5
9.3293191 15.692503 -0.011872547 0.035449543 1.935129 0.5
19.345029 11.006947 -0.55324244 0.31310591 0.983243 0.5
20.021122 12.047516 0.21394829 0.11996707 4.524452 0.5
20.412961 24.539828 0.31716225 -0.072932777 4.628506 0.5
13.203824 21.858106 0.41336661 -0.20194844 4.619789 0.5
1.3378047 9.4138671 0.11398372 -0.02484886 6.246698 0.5
8.5146106 1.9774757 0.023859706 0.040004569 2.597917 0.5
1.0833016 10.465387 0.3846195 -0.13186284 5.540445 0.5
11.468918 12.702503 0.51876349 -0.25120741 1.135786 0.5
6.4584053 9.3666359 0.10172189 0.33696432 0.649744 0.5
3.9329114 8.7780617 0.0094674296 0.033789316 4.647872 0.5
16.600897 11.157263 -0.096069144 0.020324196 3.116928 0.5
16.989735 17.388383 -0.56323142 0.24630793 1.058365 0.5
26.906602 12.763944 0.24903769 -0.1271125 1.223223 0.5
5.6395515 17.784379 -0.191473 0.13482854 6.185729 0.5
2.3699634 17.252596 0.036781291 0.21976615 5.03693 0.5
7.3583718 12.492605 0.098443694 0.050847247 0.158334 0.5
6.4463499 11.651744 -0.057502448 0.047815663 0.09489 0.5
5.7262589 3.3884517 -0.32302914 0.26725077 3.182579 0.5
2.916718 21.034178 -0.25841795 -0.12209316 5.999337 0.5
13.104652 11.802766 0.27617707 0.24001123 0.712677 0.5
19.618385 14.903198 0.48453032 0.53861469 1.70588 0.5
15.112654 20.796613 0.17999217 0.08387773 5.092516 0.5
18.315113 8.8664931 0.19617469 -0.39750886 0.506989 0.5
14.105434 10.16088 0.44687188 -0.050621494 4.452103 0.5
17.203501 5.2917546 -0.38764928 0.29998936 3.429354 0.5
23.126059 6.8035654 0.22390035 0.029977761 5.942963 0.5
14.759056 5.5816079 0.0050207448 -0.0071167031 2.062723 0.5
7.0693468 21.046567 0.43760098 0.012111628 2.598321 0.5
11.163893 6.0084263 0.14933761 -0.2329519 6.159219 0.5
3.4174264 16.619106 -0.43064658 -0.039390391 1.488917 0.5
7.2188796 17.578633 -0.42846477 0.4762624 1.927238 0.5
19.915082 16.285637 0.19885883 -0.35837794 3.98558 0.5
20.694232 7.6107835 0.0027068922 -0.31518111 3.515453 0.5
16.273076 2.8865208 0.058379281 -0.14704422 3.362574 0.5
2.8561517 9.3272229 -0.43834395 -0.4588388 2.617045 0.5
11.467842 22.766096 0.02951453 -0.098173308 4.416501 0.5
10.447141 22.376499 0.043212689 -0.50055236 2.357123 0.5
23.101953 15.959355 -0.83863109 0.42086993 0.027213 0.5
8.7760693 17.113165 -0.46796581 0.56694515 3.270335 0.5
17.46964 11.915283 0.40692313 -0.21028869 5.133302 0.5
8.6653299 8.7612481 -0.22745758 0.097597674 4.163048 0.5
13.91821 13.016607 0.1124245 0.33982634 3.93618 0.5
4.6034622 19.091343 0.23564465 0.20875732 5.951127 0.5
16.876154 6.665663 0.28810765 -0.20340056 4.082451 0.5
17.259926 18.749214 0.12407453 0.3557497 1.780305 0.5
14.106637 9.0506283 -0.00017615487 0.070032239 2.847882 0.5
10.010177 25.803641 0.065780493 -0.3123726 1.767937 0.5
12.84951 19.274283 0.33276011 0.27524055 0.00135 0.5
16.137868 5.7629012 0.16344607 -0.70835285 5.312468 0.5
15.852079 7.7005592 -0.41864025 0.45770584 0.320289 0.5
4.2920802 14.118385 0.028634389 0.050560437 0.581132 0.5
19.564252 8.8056834 -0.27021729 0.53091057 3.087421 0.5
3.6064903 6.0766702 -0.12641178 0.056353412 3.560403 0.5
18.029214 19.665808 0.44439673 0.83844572 0.555117 0.5
15.790456 27.211009 0.17386943 0.82622728 6.220608 0.5
10.523792 19.037337 0.28559186 0.12555207 5.652715 0.5
14.265914 26.551197 0.010824376 0.30764712 0.827952 0.5
14.908436 11.912335 0.29647986 0.03600144 1.054048 0.5
11.426416 15.262624 0.027947847 0.042793518 0.319962 0.5
11.677804 10.928465 -0.20524552 0.16058589 2.464344 0.5
16.942562 3.9847796 -0.42371794 -0.090251388 3.780782 0.5
12.072206 20.093245 -0.50181244 0.35920238 0.745414 0.5
5.9907098 18.840016 0.44382868 0.42234828 3.348875 0.5
6.3249806 16.533421 -0.59395701 0.38131936 5.365761 0.5
17.825586 2.8154026 -0.34571405 -0.2409939 0.445642 0.5
15.381824 2.1815003 -0.48601332 -0.14785296 2.979068 0.5
15.647141 4.6804694 -0.085012516 0.54006524 2.813895 0.5
2.4835405 10.540691 0.19545775 -0.07841885 4.039246 0.5
18.078202 1.2628879 0.26236914 0.22271583 4.602055 0.5
21.95158 10.457266 -0.92030355 -0.30064875 1.676583 0.5
20.732847 4.1275681 0.022161499 -0.2499867 1.207935 0.5
26.89194 14.298308 0.017793065 -0.96396744 6.164191 0.5
5.3431008 19.947714 0.1744972 0.0090854399 1.491784 0.5
7.6861372 9.6754885 0.0075617928 -0.20047887 6.269379 0.5
9.3538869 13.821751 -0.18658934 -0.038862877 0.35856 0.5
8.0629053 5.9158751 -0.44079422 0.44879267 0.326238 0.5
13.112221 5.5253349 -0.08836034 0.43786379 1.608548 0.5
4.7751966 9.5193176 0.18944863 -0.1120382 2.616667 0.5
16.885531 25.026042 0.092415333 0.080481915 0.410672 0.5
8.8823382 26.317595 0.0024467638 -0.11422346 3.210668 0.5
12.914504 25.972697 0.38120679 -0.0020601528 0.309541 0.5
11.962437 8.5431764 -0.28626366 0.02075246 1.761874 0.5
16.994049 22.396261 -0.40263467 0.48037597 4.731547 0.5
22.23892 17.961988 0.66232097 0.081288606 0.313065 0.5
11.359256 26.986866 0.63861574 -0.21939236 0.087229 0.5
14.113977 4.3960587 -0.23715002 0.35289664 5.713071 0.5
12.550373 24.311943 0.14212773 -0.10234286 0.34983 0.5
20.150978 25.600919 -0.43992837 0.61662755 2.015368 0.5
16.92389 1.7792415 -0.045944944 -0.50651563 0.42176 0.5
18.063243 4.2428944 0.096479933 -0.20722325 5.580866 0.5
14.529197 7.1606937 0.20613017 0.24039067 4.066321 0.5
17.688291 23.99763 0.28233955 -0.12019576 5.863794 0.5
12.916215 9.4406218 -0.17558806 -0.13195151 5.355125 0.5
18.434283 7.2503463 -0.045421989 -0.29275045 5.404824 0.5
25.1743 21.272613 0.33367124 -0.37920839 1.361005 0.5
25.227536 15.522556 0.16112061 -0.69574136 5.19755 0.5
8.9785673 10.521912 -0.071388097 -0.50948831 5.853071 0.5
22.498759 13.590315 -0.13383752 -0.12477247 2.830697 0.5
13.513137 18.053169 0.21707135 -0.4408126 3.251414 0.5
2.0350062 11.704944 0.051106092 0.040492813 3.305262 0.5
3.2190497 18.702097 -0.34587148 0.23810517 3.841898 0.5
24.86464 18.315754 0.60169242 -0.11592487 4.917041 0.5
9.4191202 4.0779842 0.17107589 -0.0029404488 1.726803 0.5
8.429358 7.6740412 0.32402637 0.17940269 2.534849 0.5
24.360484 22.079731 -0.14558702 -0.54082948 1.985571 0.5
7.0178819 3.903494 -0.08782311 0.31686458 5.636684 0.5
6.3366375 22.267468 0.22758936 0.19496795 0.642493 0.5
9.4604861 6.6003282 -0.082198421 -0.12503418 5.796573 0.5
11.456614 21.570335 0.37051662 -0.12805547 4.738871 0.5
19.988127 3.0146305 0.43776377 0.29951021 1.568073 0.5
21.962744 23.455799 0.27462723 0.028785611 2.749741 0.5
16.649573 21.293329 -0.13758816 0.22591631 1.171823 0.5
12.113948 2.9278861 0.057115427 0.09208983 2.226958 0.5
10.926199 4.8584932 0.18022061 0.44547465 1.548545 0.5
20.350372 23.09968 0.11443997 0.13561492 3.653333 0.5
20.808376 11.218538 0.20085334 0.20509341 4.394256 0.5
10.559434 24.860581 0.24628431 0.1650798 0.605652 0.5
1.4246217 18.42746 -0.11979703 0.2332737 3.106146 0.5
18.732072 15.963946 -0.25614426 0.22250539 3.095002 0.5
5.4290664 21.149018 -0.089602917 0.2007353 1.841384 0.5
24.21275 5.5546336 -0.044855508 -0.18803353 6.034028 0.5
3.1927869 11.51793 0.0664162 0.24644577 1.857551 0.5
12.416257 15.866974 -0.1025642 0.44175359 1.702664 0.5
10.207612 1.1003453 -0.27596757 0.27981452 1.16125 0.5
22.849853 24.135786 -0.68851273 -0.052759443 4.720586 0.5
7.0771563 7.1970953 -0.084605235 -0.090410096 0.205718 0.5
21.595303 14.381648 -0.10654248 0.309064 5.820667 0.5
23.235184 14.884048 0.24617147 -0.20160982 3.894129 0.5
4.5066476 17.939394 -0.095734699 0.34618582 3.074393 0.5
19.303572 5.1547328 -0.19122016 -0.14235288 0.467747 0.5
8.6337598 24.975377 -0.043981155 0.12833533 5.60533 0.5
6.0388814 24.611061 0.19932347 -0.71941259 6.227367 0.5
11.606957 7.4006559 -0.31555637 0.21230024 5.177094 0.5
16.337918 23.927175 0.14504119 0.13838465 0.203779 0.5
13.018278 27.417098 -0.16490598 -0.065719516 6.095105 0.5
9.4891485 23.051333 -0.1213533 0.27374756 5.150288 0.5
9.60605 21.434776 -0.076736615 0.10339314 3.059892 0.5
6.1700923 14.737608 -0.52760098 -0.23574181 3.692189 0.5
18.693415 20.886902 0.55707901 0.20860258 3.246869 0.5
26.772613 17.764102 -0.30485775 -1.2098201 2.032293 0.5
13.788918 20.057421 0.36133075 0.38042899 6.136396 0.5
6.9426816 13.629354 -0.0062947832 0.085410174 4.563161 0.5
19.797063 21.545312 -0.050289167 -0.52809253 5.916686 0.5
19.157005 25.408371 0.14549545 0.13268463 1.344992 0.5
17.907673 10.849164 0.67453694 0.12901387 3.633442 0.5
12.782796 10.748888 0.38408414 -0.10227705 2.78777 0.5
22.386202 5.1545163 0.0032317137 0.17702247 1.483056 0.5
8.7350005 11.969502 0.13579418 0.049230481 0.879468 0.5
15.085868 0.82244636 -0.2004319 0.21257004 4.923104 0.5
8.1902348 15.31874 -0.043033341 -0.15315857 5.350229 0.5
10.26532 12.010337 -0.42812263 -0.071492869 1.508644 0.5
5.1294424 11.543655 -0.17500737 -0.34942049 4.32761 0.5
6.7954624 2.7716484 -0.80539513 -0.58355849 1.3724 0.5
5.6863586 13.044234 -0.34378473 -0.078631737 2.64206 0.5
9.5807176 9.4928892 0.26349844 0.087455437 2.466218 0.5
9.7922429 5.177619 -0.31189451 -0.00467557 0.69625 0.5
14.653918 3.0751405 -0.52046757 -0.47066495 0.502972 0.5
13.31305 16.630932 0.21996099 -0.016931162 4.066135 0.5
5.1575334 15.941712 0.186489 0.15277134 3.026607 0.5
21.366867 22.387919 0.44716305 -0.15035738 6.171553 0.5
1.2909899 15.540614 0.074110574 -0.15164989 3.767955 0.5
6.4520846 23.540499 0.022339669 0.19376614 5.349705 0.5
8.1440306 13.776261 -0.058919581 -0.18379826 3.28374 0.5
6.7337299 5.6066452 0.29307061 -0.27557377 1.964272 0.5
20.1036 13.896099 0.02222438 0.18911962 1.170799 0.5
9.73977 8.1255911 0.21176833 0.11214177 0.802835 0.5
24.517674 20.101583 0.8664449 -0.45261877 5.063896 0.5
7.4971006 24.712535 0.054798366 -0.39242625 2.243796 0.5
12.530662 1.8913445 0.00043622402 0.041446482 5.270568 0.5
26.643326 10.830787 0.045492955 0.14376636 5.757172 0.5
2.6992576 19.861993 0.22863299 0.36359536 5.271397 0.5
18.924689 3.4737556 0.42450989 0.33017509 3.151318 0.5
5.7625944 5.1042788 0.33480604 -0.10300148 0.221595 0.5
12.651141 4.5568228 0.38138027 0.25315349 1.510648 0.5
6.785815 8.2531591 -0.18761594 0.12277291 5.29405 0.5
25.420224 10.266257 -0.20427234 -0.48718716 2.737677 0.5
16.258609 0.85921705 -0.15263263 -0.061232427 4.134415 0.5
4.1334896 20.681368 -0.3354849 0.41226972 1.432456 0.5
3.8117626 10.333062 0.18422834 0.23158592 2.840655 0.5
10.897182 3.1764594 -0.18676858 0.7487866 2.899005 0.5
7.515838 16.235303 0.34468887 -0.028605058 4.137855 0.5
27.167406 15.574697 0.21122178 0.36019832 1.992807 0.5
2.751666 14.25311 -0.32571431 0.039945045 0.375558 0.5
23.028852 19.663057 0.90342347 -0.85452576 0.629977 0.5
15.483454 6.6318026 -0.11440097 0.122269 5.301885 0.5
5.5737748 10.432353 0.12803485 -0.10188083 1.197725 0.5
24.267104 7.555629 0.1387742 0.34201449 2.939026 0.5
22.176791 16.714552 -0.14378539 0.60879826 3.912909 0.5
8.3399298 4.5700295 0.14490712 0.023684274 3.115045 0.5
15.383578 15.26634 -0.20249961 -0.12042207 1.662001 0.5
12.994233 8.2147593 0.12699715 -0.092207942 0.131507 0.5
