# x y vx vy theta radius
19.821334 24.910475 0.14867426 0.54134092 0.50253027 0.5
13.194646 7.3696715 -0.11482158 -0.062320588 1.764168 0.5
18.497282 14.99896 -0.078134703 -0.14753405 3.951996 0.5
15.234184 4.1408781 0.2439311 -0.15471083 4.259518 0.5
20.817369 15.741632 -0.25858024 -0.80730067 1.882067 0.5
22.149134 6.8565626 0.1702967 -0.20271008 0.92276 0.5
19.473932 16.187891 0.12481752 -0.17522602 4.981497 0.5
13.515017 21.562102 0.12133925 -0.10499513 0.663689 0.5
2.1557949 8.576597 -0.45122595 0.37741003 4.599871 0.5
11.774642 14.70021 0.0081933216 -0.26036043 3.315122 0.5
4.5427564 23.408256 0.32118935 0.17890386 5.224588 0.5
9.5839919 10.982346 -0.39945271 0.32083866 4.739779 0.5
12.401088 4.6192987 0.1457735 0.34840681 0.624425 0.5
22.445569 4.6889962 -0.25657866 0.054563028 0.734434 0.5
17.571709 3.5825964 -0.25840632 0.031506438 4.989084 0.5
11.81475 11.933117 -0.0064890834 0.39821245 2.508867 0.5
6.4557012 3.1514343 0.036831835 0.041030341 5.939565 0.5
14.969108 10.894289 0.013695274 -0.49325816 0.028815 0.5
4.1079906 22.009472 -0.2589174 0.28739611 3.449449 0.5
8.1197079 9.7388141 -0.63631497 0.16083379 0.592282 0.5
11.149685 12.877083 -0.11103276 0.35139905 6.045768 0.5
26.583214 9.2651428 -0.064753411 -0.11855666 0.890473 0.5
16.581561 20.935122 0.23823516 0.49164643 2.353219 0.5
9.4045059 17.977309 0.59719475 -0.050856438 1.672869 0.5
8.5603249 14.01114 -0.51929162 -0.21288165 4.21507 0.5
8.2323075 1.9128435 0.36853785 -0.073253743 0.4829 0.5
16.13971 14.905551 0.088164639 -0.27666696 6.274711 0.5
12.777009 1.6527436 -0.12274886 -0.1387445 1.301021 0.5
12.63555 13.200873 -0.38708492 -0.18513024 3.538852 0.5
21.420097 8.9838507 0.077672337 0.023492018 1.72413 0.5
19.441253 23.340117 0.59813002 -0.49605593 0.779811 0.5
6.768211 14.922991 0.0086541241 0.0065015656 1.209651 0.5
18.402593 20.10804 -0.25200307 0.18633953 5.377079 0.5
11.478283 20.185078 -0.12563464 0.068255524 3.122843 0.5
9.3193577 15.405027 0.3819423 0.17195876 4.105439 0.5
6.0673736 13.358386 -0.1479653 -0.12195703 2.246795 0.5
11.663963 9.0767052 -0.06851571 0.17758459 3.468535 0.5
17.497143 17.989615 -0.30318147 0.23775076 5.532293 0.5
15.835178 10.167387 0.055137773 -0.33213065 0.531572 0.5
3.7187882 20.33935 0.026053822 0.18395424 5.261584 0.5
11.085717 1.2066141 -0.28116404 -0.13392072 0.040113 0.5
9.6164233 25.106109 0.060655831 0.66777187 4.576591 0.5
21.148277 4.1831053 -0.13440963 -0.089905427 0.209824 0.5
10.106809 16.645717 -0.57048439 0.23595324 1.770879 0.5
4.902223 14.371981 0.19843401 0.040358726 4.791815 0.5
6.7786298 7.3626334 -0.26954945 0.1751646 2.522673 0.5
16.323439 8.436824 0.024824233 0.015247563 3.232151 0.5
18.207496 11.103442 0.027995839 0.041862012 0.943125 0.5
13.746212 0.72147013 0.24810149 -0.082531806 1.031271 0.5
23.49709 7.5773339 -0.17911245 0.33917854 1.523797 0.5
6.3210239 11.312178 -0.58932021 -0.70671086 1.787492 0.5
2.7368044 16.332823 0.2959274 -0.16843899 3.056837 0.5
10.449862 2.3960577 -0.43906004 0.13282557 3.332967 0.5
8.0229101 11.097157 -0.11260037 -0.057357729 3.889918 0.5
19.525736 6.0678372 0.0048788615 -0.28396338 1.775857 0.5
25.100565 10.899768 -0.068643087 0.15171302 4.33857 0.5
20.068069 3.6524478 0.21061914 -0.10577424 2.652322 0.5
7.8739327 3.1288153 -0.0029726346 0.33036827 1.360759 0.5
26.109616 10.237121 -0.4930934 -0.55298906 1.350476 0.5
9.4547732 9.6804885 0.20299916 -0.092603501 3.139709 0.5
9.4992247 6.2934246 -0.4097206 -0.031183081 3.877928 0.5
25.00908 18.611948 0.24970449 -0.10584292 4.111005 0.5
19.519256 4.6700793 -0.15288037 0.0056328496 4.354529 0.5
22.564654 10.385235 -0.40431627 -0.051464535 1.958136 0.5
4.5208725 11.44936 -0.51452652 -0.19043242 1.935129 0.5
22.455825 5.7965278 0.36780246 -0.39486939 0.983243 0.5
12.291337 3.5098889 -0.035076065 -0.14030417 4.524452 0.5
20.651422 5.4667164 0.53113068 0.29038274 4.628506 0.5
11.238368 17.664806 -0.39909182 0.35354599 4.619789 0.5
17.665949 16.286663 0.19782302 0.32788918 6.246698 0.5
8.916683 2.7718383 0.17471169 0.26028516 2.597917 0.5
21.152417 21.945944 -0.56255779 0.27725787 5.540445 0.5
19.530085 11.866556 0.28397311 0.15975518 1.135786 0.5
9.4961618 7.4088909 -0.20971514 0.095111139 0.649744 0.5
5.7628841 5.3497657 -0.062372425 -0.3332237 4.647872 0.5
19.859534 13.043314 0.25524778 -0.11813575 3.116928 0.5
3.958805 17.964381 0.10266528 0.16221746 1.058365 0.5
7.1422915 13.420191 0.26485658 0.063423964 1.223223 0.5
16.499335 24.2051 -0.43998305 0.6544561 6.185729 0.5
17.241525 10.219313 -0.050390812 0.47446802 5.03693 0.5
26.950377 11.136837 -0.0049899764 -0.7402239 0.158334 0.5
26.031199 13.826192 -0.52275262 0.51148638 0.09489 0.5
6.8788454 8.8054959 0.048012047 -0.18292433 3.182579 0.5
17.114507 11.702433 0.25720005 0.23500209 5.999337 0.5
2.7000609 9.6229139 -0.30017218 -0.023242093 0.712677 0.5
6.3682995 19.915523 -0.10711819 0.60623287 1.70588 0.5
2.7541202 18.998523 0.053079813 0.39975979 5.092516 0.5
15.879333 0.79457547 -0.21430563 -0.10583974 0.506989 0.5
4.8416735 19.174942 0.06916515 0.081407597 4.452103 0.5
5.6521762 20.736174 -0.35651476 0.077315954 3.429354 0.5
12.185003 22.142423 0.55196928 0.060836716 5.942963 0.5
1.0161939 10.891162 0.28385973 0.099744434 2.062723 0.5
20.499348 2.6337193 -0.44826518 -0.13870035 2.598321 0.5
16.473331 26.060514 0.16403805 -0.63325034 6.159219 0.5
15.265421 19.846815 0.086266305 0.0407259 1.488917 0.5
15.040588 18.354361 -0.36914335 0.098543768 1.927238 0.5
5.0604723 7.2162085 -0.075990643 -0.043905852 3.98558 0.5
21.032762 11.83956 -0.079604851 0.19327236 3.515453 0.5
10.926646 3.415665 -0.022559797 -0.02298448 3.362574 0.5
23.816867 18.871867 0.01300807 -0.036068154 2.617045 0.5
9.3543824 3.9997154 -0.023834012 -0.078146213 4.416501 0.5
25.069197 7.8226883 -0.64033421 -0.18917532 2.357123 0.5
10.393695 14.14722 -0.62783199 0.37998058 0.027213 0.5
6.851698 4.1806988 -0.21707527 -0.41183362 3.270335 0.5
3.2592752 10.76017 0.42969536 -0.29799385 5.133302 0.5
2.5016105 17.557342 -0.2877162 -0.10026437 4.163048 0.5
17.039755 7.2068871 -0.063748853 0.49308551 3.93618 0.5
16.866901 13.277246 -0.15553927 0.13624084 5.951127 0.5
13.885807 23.489172 -0.0021991772 -0.30900741 4.082451 0.5
0.57966856 14.194198 -0.35239534 0.12600183 1.780305 0.5
11.464584 23.238166 -0.16785929 0.057628852 2.847882 0.5
7.3375106 6.1692844 -0.30139878 0.33666014 1.767937 0.5
14.87287 1.2477604 -0.22445653 0.19002363 0.00135 0.5
16.046864 22.21022 0.35148481 -0.0046006815 5.312468 0.5
19.122857 7.6704321 0.076462273 0.24938059 0.320289 0.5
19.263521 14.098557 -0.45571985 0.30286831 0.581132 0.5
18.508752 6.6204867 0.53502699 0.26023872 3.087421 0.5
13.279821 12.197116 -0.044695074 -0.114238 3.560403 0.5
27.253166 14.806364 -0.0051467536 0.5774206 0.555117 0.5
24.053777 8.770249 -0.16561274 0.05566387 6.220608 0.5
13.205949 5.4400103 -0.21599078 0.17335215 5.652715 0.5
18.715694 3.6034877 0.32828589 -0.088690525 0.827952 0.5
4.5117779 13.279866 -0.17189597 0.40003725 1.054048 0.5
10.576647 22.128769 -0.59099845 -0.30150393 0.319962 0.5
24.01133 14.498473 0.40192173 0.0803498 2.464344 0.5
15.031252 8.3018357 0.48135417 0.17474122 3.780782 0.5
6.5691427 16.474348 0.10270239 -0.19921381 0.745414 0.5
7.9335632 16.184363 0.021724025 0.24117002 3.348875 0.5
18.254516 12.457424 -0.033774607 0.22072989 5.365761 0.5
17.440344 5.9974535 0.26343828 0.21495698 0.445642 0.5
17.882958 13.829807 0.19816187 0.00062404083 2.979068 0.5
22.806266 11.675873 0.12103647 0.47937149 2.813895 0.5
16.075861 5.7990172 -0.27117859 0.43482137 4.039246 0.5
21.892298 17.502528 0.13593294 0.18107216 4.602055 0.5
5.9129883 8.0819889 -0.19276733 -0.018071323 1.676583 0.5
13.540921 14.264932 -0.079655629 -0.11440674 1.207935 0.5
4.5609753 16.747121 -0.16030152 -0.19464149 6.164191 0.5
20.30384 8.3798941 0.085858797 0.033128031 1.491784 0.5
9.4537223 12.254862 0.10062527 0.18395976 6.269379 0.5
26.195809 18.69761 0.26873425 -0.92047619 0.35856 0.5
23.071232 15.116968 -0.13797657 -0.5048666 0.326238 0.5
21.749371 20.25348 -0.56004123 0.23852982 1.608548 0.5
21.030673 18.473194 0.16574475 0.1950323 2.616667 0.5
11.303496 18.759316 -0.07182796 -0.15438359 0.410672 0.5
24.670047 6.4813645 -0.10794049 -0.64703527 3.210668 0.5
17.547092 9.0568289 -0.077824973 0.055560667 0.309541 0.5
18.530249 9.9123027 0.03482497 0.21474839 1.761874 0.5
12.27455 17.023498 -0.4748975 0.052186293 4.731547 0.5
25.553732 15.902935 -0.23664572 -0.075660768 0.313065 0.5
14.79289 12.68542 -0.42468682 0.0088345941 0.087229 0.5
13.518941 17.196883 0.067093217 0.50975825 5.713071 0.5
8.8719767 5.3463229 0.090916371 0.25812755 0.34983 0.5
25.047981 17.263083 -0.25296653 0.16875599 2.015368 0.5
9.8152379 26.357366 0.080062054 0.39754256 0.42176 0.5
22.93729 17.260074 0.063408481 -0.23971761 5.580866 0.5
7.875181 7.2605656 -0.043025895 0.1450302 4.066321 0.5
27.195874 15.892308 0.29685004 -0.079347951 5.863794 0.5
7.0500794 12.336433 -0.29680546 0.54467584 5.355125 0.5
20.344672 20.245732 -0.18628465 -0.047433997 5.404824 0.5
16.990562 4.5494388 -0.54641578 0.40323594 1.361005 0.5
20.374188 10.854841 -0.13104188 -0.51887707 5.19755 0.5
15.098042 16.593394 0.35012316 -0.13867326 5.853071 0.5
21.294723 7.7062208 -0.20201901 -0.22389632 2.830697 0.5
18.429752 5.3503325 -0.36404389 -0.36980643 3.251414 0.5
7.2743911 21.288445 0.10352856 0.55482049 3.305262 0.5
2.5419487 11.858514 0.034564902 -0.054613731 3.841898 0.5
20.523952 17.475468 0.21260349 0.15968807 4.917041 0.5
21.497345 10.729168 0.019662672 -0.3575983 1.726803 0.5
11.846872 5.8356931 0.13720484 0.56414378 2.534849 0.5
2.4588719 7.3158169 0.57169604 0.31140335 1.985571 0.5
13.955481 9.4123653 0.23935727 -0.4150713 5.636684 0.5
24.143405 22.305627 -0.17657625 -0.10671531 0.642493 0.5
10.970903 4.9914595 0.70997758 0.34420302 5.796573 0.5
21.508283 13.613599 -0.30470826 0.64349705 4.738871 0.5
24.42323 9.8530367 -0.5042288 0.18854411 1.568073 0.5
18.84847 21.394997 0.26064588 -0.3910914 2.749741 0.5
20.230659 7.2707155 0.039845898 -0.54136604 1.171823 0.5
17.106049 19.75461 -0.19923915 0.32969268 2.226958 0.5
19.614136 26.185537 -0.50034432 -0.46746252 1.548545 0.5
2.5577628 20.7519 0.25955424 0.091435772 3.653333 0.5
20.28012 22.650094 -0.44784779 0.66227579 4.394256 0.5
14.531521 24.906361 0.74831694 -0.29002924 0.605652 0.5
23.802251 10.746149 0.14375999 -0.43602923 3.106146 0.5
17.215001 23.332042 -0.44264365 0.16058651 3.095002 0.5
3.4243708 12.997999 -0.15934814 0.028460284 1.841384 0.5
15.097202 26.941792 0.037858195 0.22239504 6.034028 0.5
4.3735552 5.0615416 0.12960865 0.2154202 1.857551 0.5
5.4755978 15.482698 -0.24870326 0.039808624 1.702664 0.5
4.564417 8.513952 0.06862566 0.44000707 1.16125 0.5
17.708365 25.015337 0.80777538 -0.50649719 4.720586 0.5
18.037316 8.0072009 0.052488859 0.058003511 0.205718 0.5
16.194574 17.196653 -0.29173914 0.029938579 5.820667 0.5
23.002246 13.466747 0.033242811 -0.16511961 3.894129 0.5
13.054734 8.7306732 -0.21534629 -0.28664789 3.074393 0.5
8.1219594 12.427255 0.32831056 0.27387327 0.467747 0.5
19.751288 9.3396894 -0.1943547 -0.011239901 5.60533 0.5
17.237827 1.1887229 0.55484663 0.077935493 6.227367 0.5
7.423192 19.918328 0.25681248 0.42924963 5.177094 0.5
5.692672 9.3943518 -0.45443556 -0.15281395 0.203779 0.5
22.77432 8.7422669 0.26521782 -0.28221687 6.095105 0.5
19.373926 1.7878529 0.21506108 -0.11978645 5.150288 0.5
5.3008941 4.2168891 -0.52018812 0.36662024 3.059892 0.5
6.1713401 17.771361 -0.10288207 -0.18446714 3.692189 0.5
15.338114 2.9349331 -0.12329846 -0.047154093 3.246869 0.5
26.362627 17.389604 -0.17274451 -0.22640409 2.032293 0.5
10.487667 8.718095 -0.13036254 0.36363799 6.136396 0.5
18.276855 22.641449 -0.29599669 -0.73518041 4.563161 0.5
12.864945 19.507844 0.18745065 0.38475178 5.916686 0.5
1.8318996 14.920544 0.0072270604 0.32134308 1.344992 0.5
13.803708 6.3955995 -0.30623003 0.17629848 3.633442 0.5
14.551773 7.2180821 0.077861155 -0.4093519 2.78777 0.5
13.688292 10.548785 -0.23921361 -0.069828457 1.483056 0.5
1.4099368 9.3724018 -0.77631485 0.36098616 0.879468 0.5
19.237633 17.550518 0.29875279 -0.88816263 4.923104 0.5
23.804081 12.102216 0.039794875 -0.49627152 5.350229 0.5
14.177749 19.645096 -0.59122331 0.19646637 1.508644 0.5
1.7400793 13.519716 0.25582924 0.074089738 4.32761 0.5
25.487364 9.3051579 0.31196791 -0.18779828 1.3724 0.5
1.1679621 12.408086 -0.023620509 -0.42562597 2.64206 0.5
16.479372 3.3867333 -0.14281391 0.25017065 2.466218 0.5
27.039384 13.125673 -0.12201333 -0.82389515 0.69625 0.5
4.093084 9.5121032 -0.30838764 0.55189289 0.502972 0.5
21.83073 3.2577128 0.43266783 0.084587633 4.066135 0.5
13.561695 2.5568883 0.20628951 -0.2648932 3.026607 0.5
15.490462 13.981844 -0.18680348 0.46474911 6.171553 0.5
5.3992941 10.682675 -0.20570967 -0.29195513 3.767955 0.5
22.568213 16.2289 -0.48287579 -0.51880618 5.349705 0.5
8.1087512 4.2055479 -0.12211581 -0.081414846 3.28374 0.5
11.750977 2.0463144 -0.10269839 -0.22376954 1.964272 0.5
15.723803 7.0636981 -0.086132349 -0.01000141 1.170799 0.5
11.485521 26.634523 0.69654812 0.63616256 0.802835 0.5
12.958508 20.628823 0.66149977 0.22769426 5.063896 0.5
3.3279714 5.8605576 0.27012878 0.41223863 2.243796 0.5
16.589399 2.1179738 -0.36786404 -0.64541282 5.270568 0.5
14.981662 5.5132233 0.25061102 0.097904947 5.757172 0.5
13.565517 4.2880676 -0.078115087 -0.019585853 5.271397 0.5
3.5251845 7.1317724 0.0074727195 0.022563796 3.151318 0.5
8.7531146 20.290948 0.10603171 0.38180068 0.221595 0.5
14.584672 14.671569 -0.14737823 -0.021824389 1.510648 0.5
7.999617 18.157059 0.5407073 0.34317267 5.29405 0.5
13.430763 15.888443 0.1531965 0.40115861 2.737677 0.5
17.650448 2.4930068 -0.42846126 0.58831646 4.134415 0.5
1.2159834 17.609826 -0.035234078 0.12653813 1.432456 0.5
14.685663 21.93074 -0.16347436 -0.32835286 2.840655 0.5
8.5866518 8.3166073 -0.18663647 0.47173239 2.899005 0.5
5.3738995 22.580926 0.32776018 -0.42870326 4.137855 0.5
9.9607975 1.2452586 -0.38660764 0.23772166 1.992807 0.5
23.636313 5.5130074 0.01575529 -0.16521436 0.375558 0.5
7.0087455 10.138717 0.21733434 0.28307464 0.629977 0.5
4.3955541 6.3529816 -0.011316914 0.21838291 5.301885 0.5
12.902802 25.285399 0.15796824 0.8239015 1.197725 0.5
9.1202837 21.9162 0.3594443 -0.075160086 2.939026 0.5
4.3059539 15.532897 -0.16174981 -0.17660918 3.912909 0.5
3.4537067 8.4774517 -0.39845755 0.15819352 3.115045 0.5
12.5762 10.313497 0.2017155 0.53857492 1.662001 0.5
25.082611 12.665903 0.00099284268 -0.10040589 0.131507 0.5
