# x y vx vy theta radius
18.797559 17.388602 0.052779431 0.6842884 0.95331835 0.5
18.506818 12.638995 -0.13244493 0.40805536 1.764168 0.5
19.720196 18.405145 0.064505263 0.34213541 3.951996 0.5
9.0210706 10.479662 -0.39375018 0.48133104 4.259518 0.5
13.099336 17.964121 -0.13030788 0.30101129 1.882067 0.5
19.71111 11.035551 0.26651408 0.73878616 0.92276 0.5
13.340906 16.709051 0.45583363 0.16700282 4.981497 0.5
18.208788 21.131306 0.04906866 -0.16017058 0.663689 0.5
20.632881 2.3067694 0.10302779 0.192081 4.599871 0.5
7.0489798 10.160087 -0.044938353 -0.085018613 3.315122 0.5
3.2282396 8.7548468 0.33741065 -0.044119209 5.224588 0.5
8.741096 13.983822 0.026006079 -0.33382733 4.739779 0.5
9.1740302 15.891392 -0.41992145 0.33794318 0.624425 0.5
25.844009 8.7386615 -0.42281012 0.76185341 0.734434 0.5
13.375991 8.2144092 -0.11259335 -0.058885646 4.989084 0.5
1.4805869 13.608218 -0.020582979 -0.58792566 2.508867 0.5
20.253054 23.029822 -0.35486481 -0.48459136 5.939565 0.5
13.899114 1.6345359 0.1184203 -0.23092697 0.028815 0.5
11.804473 25.131557 -0.52582405 -0.81622382 3.449449 0.5
21.984963 16.624956 -0.55029969 0.23294015 0.592282 0.5
16.8539 10.21566 -0.21560773 -0.11846108 6.045768 0.5
16.789082 6.9202557 0.43170783 -0.12654522 0.890473 0.5
15.659056 23.681778 -0.20904584 0.50809627 2.353219 0.5
2.4983573 11.318649 -0.17457427 -0.42755535 1.672869 0.5
21.056907 11.927743 0.048609112 -0.51459336 4.21507 0.5
5.1662996 11.567841 -0.28488453 0.28705433 0.4829 0.5
8.7267275 4.7900789 -0.059290386 0.4441273 6.274711 0.5
5.2321641 19.781545 -0.19399069 -0.094263416 1.301021 0.5
27.174955 13.410969 -0.73237179 -0.74121443 3.538852 0.5
11.566634 12.381671 -0.0061612407 -0.28627922 1.72413 0.5
19.712698 13.478591 -0.31800187 -0.23130456 0.779811 0.5
16.40276 15.357811 -0.38212579 0.27156464 1.209651 0.5
2.5112125 7.3585708 0.21452297 0.31417436 5.377079 0.5
27.159472 14.459643 0.65945974 -0.30165089 3.122843 0.5
11.177978 19.789236 0.062454984 0.29525299 4.105439 0.5
9.8035493 4.4120348 -0.40827311 -0.17431269 2.246795 0.5
17.414023 9.2316627 -0.66589372 0.14142935 3.468535 0.5
12.77416 4.8400966 0.0033167468 -0.013655228 5.532293 0.5
3.5436557 21.995892 0.063464533 0.40819341 0.531572 0.5
14.254836 21.151169 -0.35063859 0.67958746 5.261584 0.5
14.870091 6.6437048 0.2947275 -0.082028875 0.040113 0.5
26.915649 10.61263 0.099777105 0.43358905 4.576591 0.5
19.127335 4.7911865 -0.33971454 -0.17906791 0.209824 0.5
5.2772213 13.66395 0.62545245 -0.13087835 1.770879 0.5
10.794218 3.8200669 -0.10703422 0.11342556 4.791815 0.5
11.148776 5.0676591 -0.31480418 -0.072406937 2.522673 0.5
10.11932 8.4829069 0.10040647 0.24376454 3.232151 0.5
11.078539 26.378658 0.21693425 -0.48820593 0.943125 0.5
8.2945769 22.584454 -0.28955107 0.2064265 1.031271 0.5
17.407929 24.323314 -0.1451504 0.75447063 1.523797 0.5
17.697052 16.264099 -0.10103281 -0.020793507 1.787492 0.5
23.774991 19.447665 0.36891555 -0.023640638 3.056837 0.5
8.0758608 11.234459 0.40923858 -0.28953204 3.332967 0.5
10.242915 17.333461 -0.23717027 -0.45483463 3.889918 0.5
20.788332 8.3301253 0.39829523 0.19982958 1.775857 0.5
1.7252153 12.389535 -0.05863236 -0.1847957 4.33857 0.5
5.7623505 16.138788 0.12793557 -0.34897562 2.652322 0.5
25.8512 20.362984 -0.54077227 -0.69777761 1.360759 0.5
7.7822413 6.3187075 -0.019503897 -0.15396754 1.350476 0.5
24.235333 20.578569 0.28238333 -0.0065883931 3.139709 0.5
12.847529 13.487335 0.38029821 0.12535513 3.877928 0.5
16.957498 12.47649 -0.34322919 -0.095475644 4.111005 0.5
1.8186059 8.4400204 -0.32969903 -0.27680094 4.354529 0.5
1.7607913 15.173436 -0.029234305 -0.010761953 1.958136 0.5
24.162416 11.271003 -0.055268447 0.26783781 1.935129 0.5
6.8879433 11.380613 0.075363698 0.034967991 0.983243 0.5
19.522962 9.4038377 -0.92274814 -0.87497642 4.524452 0.5
8.9582013 26.436095 0.12651292 0.5264477 4.628506 0.5
13.273903 20.420395 0.29579846 -0.098635066 4.619789 0.5
9.3632267 22.077774 0.012239582 0.46613565 6.246698 0.5
6.4930886 21.65717 0.24138011 0.24033753 2.597917 0.5
5.4815589 14.943532 0.16171743 -0.33596728 5.540445 0.5
15.280291 9.8032993 0.10214773 -0.71950065 1.135786 0.5
21.579451 7.3758591 -0.14269992 0.45894275 0.649744 0.5
15.376709 18.006108 -0.19371299 0.015143645 4.647872 0.5
18.349993 1.7848502 -0.0078933004 0.011177851 3.116928 0.5
7.4616325 2.3527073 -0.13933357 0.19475886 1.058365 0.5
16.908482 1.1605193 0.73659124 0.0068894214 1.223223 0.5
4.3832342 21.012173 -0.10929987 0.43430273 6.185729 0.5
8.0401337 23.644131 -0.22285101 -0.34505096 5.03693 0.5
7.1705256 4.1196389 -0.070906656 -0.014001911 0.158334 0.5
6.0998483 4.8586505 0.10638544 -0.011547674 0.09489 0.5
21.182287 10.749833 0.75018986 -0.44286947 3.182579 0.5
4.5599324 12.569106 0.4080638 0.12256964 5.999337 0.5
7.4204891 14.894109 -0.20582429 -0.22212451 0.712677 0.5
18.95925 3.0567318 -0.17577453 0.20454386 1.70588 0.5
5.3848574 8.8821996 -0.48710157 0.30850078 5.092516 0.5
7.3589695 12.737231 -0.43346402 0.34899407 0.506989 0.5
10.857665 9.2949478 0.03884159 -0.16914569 4.452103 0.5
11.918112 27.277984 0.2945675 0.6227404 3.429354 0.5
19.713714 19.638695 0.12903398 0.094555925 5.942963 0.5
21.890599 4.2569619 0.52814093 0.43724001 2.062723 0.5
16.528762 20.046512 0.00035632214 -0.36086283 2.598321 0.5
9.0648529 11.767767 0.41126989 -0.28395614 6.159219 0.5
11.414714 8.345266 -0.127345 0.20787752 1.488917 0.5
11.7133 0.82132327 -0.0875686 0.049329776 1.927238 0.5
2.7913021 10.189895 0.21530442 -0.33788989 3.98558 0.5
9.5487444 14.798399 0.11257071 0.20118891 3.515453 0.5
17.276576 18.73365 -1.0748615 1.0191259 3.362574 0.5
25.077841 21.334073 0.25361148 -0.24014892 2.617045 0.5
17.840642 7.4696454 -0.091496147 0.39591668 4.416501 0.5
13.142038 27.210749 -0.57291609 -0.040104261 2.357123 0.5
22.372465 22.10592 -0.41263808 0.60361717 0.027213 0.5
6.9458987 24.433351 -0.3615833 0.024822577 3.270335 0.5
12.436039 1.7845019 -0.38470328 -0.047354582 5.133302 0.5
15.415686 14.935244 -0.23585913 -0.69599087 4.163048 0.5
17.777859 6.2496798 0.36623868 0.14259629 3.93618 0.5
10.127713 26.896672 -0.60749226 -0.039502444 5.951127 0.5
11.987803 16.521772 0.75284108 0.016977275 4.082451 0.5
15.00535 8.6545548 0.2085495 -0.29700276 1.780305 0.5
13.407116 22.307975 -0.424978 0.50925648 2.847882 0.5
12.107451 18.950243 -0.11658297 0.77551014 1.767937 0.5
11.908367 22.004904 -0.1875341 -0.37344062 0.00135 0.5
13.120667 0.62667904 -0.096449564 -0.18034284 5.312468 0.5
22.704306 7.4145368 0.46665147 -0.35874124 0.320289 0.5
18.389465 8.7009878 0.0031736617 0.35350286 0.581132 0.5
14.841131 11.991778 -0.83181221 -0.77175494 3.087421 0.5
4.1039937 11.289427 0.12358626 0.079880103 3.560403 0.5
13.036972 3.7590446 -0.06487079 0.29319107 0.555117 0.5
22.059149 14.239105 0.57091652 0.31678545 6.220608 0.5
4.1822402 23.175106 0.011614347 0.49734923 5.652715 0.5
3.8225565 19.559086 -0.0094812438 -0.48242148 0.827952 0.5
26.63208 18.521946 -0.46961723 -0.20901114 1.054048 0.5
8.5671236 17.005407 -0.12827542 0.22277796 0.319962 0.5
7.5631737 19.410021 -0.69786209 0.78611181 2.464344 0.5
12.572169 8.9614924 -0.1872921 -0.17153896 3.780782 0.5
15.522129 5.3761146 0.24834684 0.24055701 0.745414 0.5
14.317095 2.8272999 0.48681282 0.00085578639 3.348875 0.5
10.651097 18.428021 -0.57889207 -0.36655898 5.365761 0.5
16.589643 8.1578523 0.15086494 0.1838438 0.445642 0.5
9.6761338 7.1650445 0.094496471 0.062938456 2.979068 0.5
9.4046822 13.117649 -0.50603088 0.15197717 2.813895 0.5
14.344374 5.4641293 -0.38625386 -0.13591921 4.039246 0.5
6.6025761 18.443879 -0.057297565 0.35838774 4.602055 0.5
1.0261297 17.362119 0.15995781 -0.11248614 1.676583 0.5
16.644662 3.9886867 0.22156948 0.11274047 1.207935 0.5
13.5101 6.5691309 0.036872224 0.47892326 6.164191 0.5
18.329558 19.308134 0.014183368 0.083429627 1.491784 0.5
0.67246846 12.663036 0.1496165 0.40319318 6.269379 0.5
13.890684 13.916084 0.30751784 -0.24200966 0.35856 0.5
11.792495 17.574897 -0.59897554 0.53034807 0.326238 0.5
19.435195 2.0060485 0.1998947 -0.31223611 1.608548 0.5
18.320139 25.821518 0.26756342 -0.28124687 2.616667 0.5
7.7638213 25.258359 0.24298809 -0.40295127 0.410672 0.5
9.5882969 18.329764 0.27521875 0.059713273 3.210668 0.5
10.386757 15.94255 0.15504532 -0.5400003 0.309541 0.5
6.4339168 22.760421 0.10419566 0.37502596 1.761874 0.5
25.42076 15.119955 -0.162639 -0.4719882 4.731547 0.5
16.166585 25.737722 -0.49221883 0.20800036 0.313065 0.5
10.602361 13.251108 -0.070086554 0.07089039 0.087229 0.5
7.4893303 17.475035 -0.32662832 0.69889994 5.713071 0.5
19.922612 6.8499953 -0.44347766 0.30325428 0.34983 0.5
14.069528 4.1864948 0.12904916 -0.1325214 2.015368 0.5
4.9795248 6.2484763 -0.03874865 0.1531544 0.42176 0.5
0.65690853 15.091545 -0.46312709 0.037723338 5.580866 0.5
7.4770408 5.1738925 0.18061257 0.73986479 4.066321 0.5
8.6427951 20.780881 0.059159752 0.15781249 5.863794 0.5
8.2846173 9.5414732 0.47199858 0.14002437 5.355125 0.5
23.870564 10.166005 0.25686238 0.056925089 5.404824 0.5
19.804436 25.910684 0.56441525 0.11137568 1.361005 0.5
10.981584 14.550871 -0.39747939 -0.21116277 5.19755 0.5
11.165746 10.692346 0.16554615 0.26065085 5.853071 0.5
14.498293 19.00642 -0.23463831 -0.12906188 2.830697 0.5
4.0130934 7.458925 -0.10594252 0.087838441 3.251414 0.5
10.460354 11.843203 -0.67932801 -0.36358216 3.305262 0.5
10.715015 21.584488 -0.926904 0.2717272 3.841898 0.5
6.7830221 16.545622 -0.033329705 0.66731717 4.917041 0.5
10.019644 2.4831787 0.028910227 0.057522092 1.726803 0.5
2.0875626 16.993303 0.20793483 0.30016281 2.534849 0.5
25.509444 10.890604 -0.30622004 -0.011553676 1.985571 0.5
2.8259233 18.496042 -0.30501969 -0.050687309 5.636684 0.5
9.903548 23.469428 0.63563286 0.30920316 0.642493 0.5
9.1878702 25.060085 -0.91163422 0.024556036 5.796573 0.5
16.241218 11.26854 -0.44182437 -0.089224597 4.738871 0.5
7.0201352 20.452688 0.26305719 -0.006807154 1.568073 0.5
4.1225535 14.959804 -0.2766959 0.33102468 2.749741 0.5
2.7486814 13.555107 -0.28754122 0.57713874 1.171823 0.5
15.137534 4.2534608 -0.10492596 -0.0079063358 2.226958 0.5
10.211573 25.657152 0.29775865 0.3202068 1.548545 0.5
22.030756 23.206149 0.064130097 0.41824646 3.653333 0.5
15.548881 16.974139 -0.64143222 -0.57200611 4.394256 0.5
14.696446 0.67999947 -0.49555246 0.13268362 0.605652 0.5
18.770305 10.361732 -0.1579025 0.54079459 3.106146 0.5
17.027118 13.715783 0.80060873 -0.29018023 3.095002 0.5
25.75834 13.088335 -0.638769 -0.023051955 1.841384 0.5
22.576925 5.4679105 0.22215344 0.023700829 6.034028 0.5
15.486608 12.846023 -0.29729457 -0.088730606 1.857551 0.5
10.620492 1.4006202 0.056011028 -0.069667264 1.702664 0.5
22.87883 11.330023 0.13993747 -0.050360994 1.16125 0.5
8.5312809 2.8113226 -0.064210702 0.19265537 4.720586 0.5
6.9875136 8.8032894 0.33917794 0.38806359 0.205718 0.5
21.475056 5.6766232 -0.00064639341 0.15459456 5.820667 0.5
22.486335 10.189111 -0.34976499 0.20527897 3.894129 0.5
20.654428 21.392763 -1.1663945 -0.069316475 3.074393 0.5
20.395487 4.054525 0.26370874 -0.68216098 0.467747 0.5
25.765324 9.8324925 -0.28448748 -0.20206356 5.60533 0.5
21.417073 18.147431 -0.082483251 -0.1093596 6.227367 0.5
18.801892 14.586762 -0.3367322 -0.29371012 5.177094 0.5
12.641374 23.262348 0.12538255 -0.17504062 0.203779 0.5
24.265339 6.5822093 -0.20474317 0.10152721 6.095105 0.5
8.6703725 7.7379359 0.34146171 -0.36829668 5.150288 0.5
2.90899 14.809548 -0.14886422 0.093305128 3.059892 0.5
12.744299 11.74328 -0.035740078 0.19393107 3.692189 0.5
22.351301 20.418694 -0.16868574 -0.33250004 3.246869 0.5
13.901431 14.984746 0.45997713 0.21078662 2.032293 0.5
10.080243 10.518529 -0.066327258 0.57382057 6.136396 0.5
4.8785906 18.119261 0.017274391 0.26700768 4.563161 0.5
15.175023 27.389704 -0.30114503 -0.81498068 5.916686 0.5
23.200238 8.4348902 0.25406942 -0.39273573 1.344992 0.5
12.923079 10.332384 0.24587023 0.2625644 3.633442 0.5
11.441214 6.7035636 0.27777941 0.34247879 2.78777 0.5
9.9584567 20.066564 -0.37350354 -0.20340517 1.483056 0.5
18.823456 22.889438 0.13875091 0.62268024 0.879468 0.5
8.6624518 19.252093 0.17023602 0.27228244 4.923104 0.5
15.381467 19.819034 -0.10615619 -0.28663184 5.350229 0.5
4.8687056 4.6140048 0.31800919 0.21081871 1.508644 0.5
13.698078 12.779261 0.31313851 0.52220044 4.32761 0.5
7.5391122 7.4722628 0.26532536 0.4429335 1.3724 0.5
1.3193317 10.991096 -0.67149459 -0.21062417 2.64206 0.5
5.8157131 12.56328 0.12527335 0.87671418 2.466218 0.5
6.4174562 13.678949 0.095345589 -0.29379809 0.69625 0.5
16.656724 16.700598 0.20182813 -0.75648304 0.502972 0.5
25.132812 17.012736 -1.1009104 -0.19162753 4.066135 0.5
15.816795 1.0845422 0.19718561 -0.18982597 3.026607 0.5
10.80315 24.608795 0.16879469 0.56705069 6.171553 0.5
2.6356401 19.861993 -0.082288569 -0.13032553 3.767955 0.5
1.539315 9.5712505 0.0073898322 0.029064929 5.349705 0.5
12.062426 14.916641 0.10752453 -0.36824729 3.28374 0.5
24.211767 12.483527 0.21583643 0.11149086 1.964272 0.5
23.599811 22.919567 0.062436408 0.058722217 1.170799 0.5
21.468561 3.064305 -0.19806049 0.15621935 0.802835 0.5
17.984456 3.9063892 -0.3821881 -0.20138932 5.063896 0.5
10.292523 5.7206519 0.52415458 -0.2467757 2.243796 0.5
11.682586 20.860287 -0.12746776 0.0048674803 5.270568 0.5
13.914886 24.393698 -0.37602153 0.49944554 5.757172 0.5
5.8059932 10.612972 -0.18064551 0.19911849 5.271397 0.5
6.2938565 6.4601609 -0.26539343 0.33906173 3.151318 0.5
13.833684 25.994413 -0.34537787 -0.078685937 0.221595 0.5
11.003376 22.656076 -0.37002497 0.17841263 1.510648 0.5
15.852486 2.5584623 -0.079362583 0.011840953 5.29405 0.5
15.017887 22.659944 0.21261846 0.62741254 2.737677 0.5
21.104067 13.068516 -0.10969108 0.23429942 4.134415 0.5
3.3046995 16.641852 0.36023486 -0.10828652 1.432456 0.5
16.438158 27.219867 0.2524014 -0.35851292 2.840655 0.5
21.566568 24.42288 -0.10033512 0.16953251 2.899005 0.5
5.4340631 7.5447716 0.25006714 0.22190183 4.137855 0.5
5.584371 24.243053 -0.092180053 0.20551495 1.992807 0.5
3.5168276 6.0749605 0.049130948 0.11679695 0.375558 0.5
4.8536827 9.8233304 0.34580289 0.087366684 0.629977 0.5
12.175995 2.950098 0.39364043 0.19770331 5.301885 0.5
17.311205 5.0404999 0.0010855494 0.54007624 1.197725 0.5
8.4032817 18.120229 0.2255862 0.41167125 2.939026 0.5
1.7118184 18.565129 0.96065285 0.10048861 3.912909 0.5
5.773792 3.8065452 0.11397189 0.26530353 3.115045 0.5
19.335631 24.233655 -0.23305025 -0.002340877 1.662001 0.5
9.2836303 1.528148 0.047217539 -0.47430404 0.131507 0.5
