# x y vx vy theta radius
7.3714225 20.174958 -0.86585103 -0.7638712 1.4963656 0.5
9.4448234 22.212315 0.11946061 0.088453694 1.764168 0.5
17.872834 2.6191241 -0.27275867 0.28387328 3.951996 0.5
14.993901 5.6887336 -0.13367897 0.2564084 4.259518 0.5
25.215827 14.805822 0.14973869 -0.11485572 1.882067 0.5
23.512635 19.577239 -0.012945468 0.14808129 0.92276 0.5
6.6239597 4.6544012 0.060872904 -0.39278103 4.981497 0.5
11.117379 21.381685 0.58684699 -0.32703462 0.663689 0.5
23.296699 10.045831 -0.30843776 0.062865833 4.599871 0.5
17.100455 21.645968 -0.2757646 -0.12236014 3.315122 0.5
7.1809161 25.56779 0.60487455 -0.1300347 5.224588 0.5
9.3786998 26.487274 0.18798168 0.18569355 4.739779 0.5
3.7721784 18.799175 0.13728367 -0.86542835 0.624425 0.5
7.9522564 23.898424 0.30813912 -0.51211343 0.734434 0.5
14.685356 0.79723304 -0.35189144 -0.21094386 4.989084 0.5
9.4735605 4.6838667 0.73205924 -0.22738657 2.508867 0.5
6.0061918 11.338428 0.2130057 0.52636584 5.939565 0.5
23.450092 14.768807 -0.14045363 -0.16263558 0.028815 0.5
6.1444394 9.4366669 0.20017851 0.19235522 3.449449 0.5
16.391196 5.8102753 -0.28003222 0.12837083 0.592282 0.5
14.433511 6.6386216 -0.057340005 -0.14666953 6.045768 0.5
13.154599 5.5974336 -0.28962239 0.27500338 0.890473 0.5
25.19228 6.693395 -0.32785495 -0.1837979 2.353219 0.5
7.1095978 15.718458 0.22353135 -0.057197264 1.672869 0.5
21.371073 3.7309805 0.013318657 0.12877479 4.21507 0.5
6.4171051 21.771698 -0.53284322 1.1748993 0.4829 0.5
9.8905366 23.215108 -0.42561805 -0.10065766 6.274711 0.5
21.252319 4.9733863 -0.028187389 0.029864578 1.301021 0.5
17.826073 5.8323583 0.088889023 0.039495308 3.538852 0.5
13.929223 27.253007 0.26404689 -0.22120267 1.72413 0.5
20.636273 16.829411 -0.1831774 -0.19177562 0.779811 0.5
5.2605077 15.440821 -0.12078827 -0.89337541 1.209651 0.5
6.5829312 6.7427578 -0.19910843 0.77024954 5.377079 0.5
1.9309215 19.04563 0.25926349 0.086742189 3.122843 0.5
18.715815 15.036607 0.21784562 0.289637 4.105439 0.5
8.8220983 10.05263 0.10451216 -0.11310442 2.246795 0.5
4.2688799 17.292509 -0.17652841 0.91470071 3.468535 0.5
14.387881 24.480607 -0.32558182 0.27524697 5.532293 0.5
8.167923 15.950604 -0.19355832 0.59371842 0.531572 0.5
22.851014 23.739889 0.079296851 0.087596738 5.261584 0.5
15.326463 20.260531 0.040758935 0.11960873 0.040113 0.5
19.997584 17.764826 0.12477238 -0.065517804 4.576591 0.5
1.2175352 10.392079 -0.5655712 0.6273448 0.209824 0.5
13.614149 26.099189 0.42633846 0.098144455 1.770879 0.5
4.9242867 23.578046 0.64223744 -0.36468683 4.791815 0.5
10.457613 14.204038 0.018550481 0.25373365 2.522673 0.5
11.310877 23.124809 0.13136368 -0.37388258 3.232151 0.5
22.308983 17.187054 0.34699007 0.38275843 0.943125 0.5
12.699983 1.5967242 0.39003251 0.43405345 1.031271 0.5
2.9055992 9.6084574 0.67561996 0.68694513 1.523797 0.5
4.4032152 11.49509 0.20300318 0.47734385 1.787492 0.5
20.643071 23.36889 0.058116599 -0.24295476 3.056837 0.5
26.080705 11.908648 -0.25274172 0.66498186 3.332967 0.5
17.940358 3.9746085 -0.37492675 0.17879496 3.889918 0.5
18.388658 18.763373 0.12734073 -0.011587881 1.775857 0.5
12.053198 8.0333281 0.36758022 -0.083056117 4.33857 0.5
10.203441 25.427675 0.81267064 -0.074154965 2.652322 0.5
21.267712 24.299693 0.096110852 -0.056808164 1.360759 0.5
3.8369603 10.487909 0.39828105 0.76453086 1.350476 0.5
19.781498 2.4319336 -0.1613668 -0.1388391 3.139709 0.5
14.474538 20.966091 0.56936186 -0.35881128 3.877928 0.5
12.956549 9.7726268 -0.16011905 -0.48393585 4.111005 0.5
14.655982 3.6284248 -0.26360404 -0.33323317 4.354529 0.5
5.3314066 20.891107 -0.73875787 -0.6021972 1.958136 0.5
13.593213 4.5644882 0.095474052 0.12942588 1.935129 0.5
19.852672 21.297101 0.45106163 -0.20739892 0.983243 0.5
7.2772969 18.442164 -0.34501369 0.015929596 4.524452 0.5
9.1146041 16.915333 0.26148145 0.74469723 4.628506 0.5
5.8934781 16.661359 0.8567781 0.061870767 4.619789 0.5
22.788293 6.9812751 -0.051981567 -0.15612815 6.246698 0.5
16.968313 8.5419911 -0.25920817 -0.38217685 2.597917 0.5
18.465255 22.012637 0.54738714 0.044536752 5.540445 0.5
25.900156 7.8819911 -0.22138309 0.032470038 1.135786 0.5
8.322157 25.911655 0.36554464 -0.13384418 0.649744 0.5
19.94128 5.1526116 0.16198331 0.31139821 4.647872 0.5
25.17582 20.354046 -0.16270055 -0.0044707155 3.116928 0.5
22.895907 18.306835 -0.16164197 0.33065743 1.058365 0.5
15.464555 25.625518 -0.08165402 0.40683656 1.223223 0.5
7.6321572 2.5771963 0.029990627 0.11405058 6.185729 0.5
13.582801 0.82960941 0.26424771 0.0019095224 5.03693 0.5
8.6940196 6.5266047 -0.17785665 0.46292916 0.158334 0.5
4.4009134 8.8131106 0.22167359 0.044294095 0.09489 0.5
23.413725 8.9084812 -0.13118543 0.35615593 3.182579 0.5
12.170722 12.910614 -0.32640511 -0.12546801 5.999337 0.5
15.671305 24.355424 0.13332941 -0.22581216 0.712677 0.5
15.5573 8.7845873 0.058672946 -0.56888486 1.70588 0.5
7.091979 5.6509085 -0.2726848 -0.085824432 5.092516 0.5
8.4103222 4.9982661 -0.19917463 0.32916639 0.506989 0.5
7.394108 14.638393 0.042177138 -0.87490477 4.452103 0.5
11.277455 5.9946765 0.54138726 -0.12031428 3.429354 0.5
18.21401 8.0437447 -0.14084582 -0.3123423 5.942963 0.5
14.459447 12.889529 -0.17532118 -1.0478305 2.062723 0.5
12.29703 22.107359 0.20892916 0.13857254 2.598321 0.5
14.191388 8.1495169 1.0339171 -0.36301293 6.159219 0.5
15.750624 1.4088413 0.14128925 0.18867622 1.488917 0.5
12.853699 21.073379 0.04805172 -0.046272971 1.927238 0.5
23.590345 12.205183 -0.090209493 -0.063483877 3.98558 0.5
10.803428 1.8052108 -0.13966603 -0.31169825 3.515453 0.5
23.226219 21.902068 -0.20644641 0.24896741 3.362574 0.5
19.212643 8.889075 0.39298272 0.25872362 2.617045 0.5
20.033577 12.046247 -0.09730586 -0.068427734 4.416501 0.5
18.856896 4.7554566 -0.22083491 -0.2693126 2.357123 0.5
17.238006 18.869177 0.087050613 -0.31484609 0.027213 0.5
14.54683 1.9514248 -0.205943 0.13575243 3.270335 0.5
12.501751 18.372307 -0.73377719 0.36477075 5.133302 0.5
5.9795529 23.93622 0.8968202 -0.49980463 4.163048 0.5
4.338064 14.752711 0.2690708 -0.48281129 3.93618 0.5
13.318028 7.008592 -0.18634339 0.11147562 5.951127 0.5
20.993855 10.905551 0.61511847 -0.007050463 4.082451 0.5
6.683018 3.3171772 0.06297044 -0.4676398 1.780305 0.5
7.6639278 10.064466 0.29840207 0.3818616 2.847882 0.5
10.430676 17.147872 -0.67237574 0.37415052 1.767937 0.5
12.178726 15.183521 -0.48481731 -0.066718843 0.00135 0.5
1.7454381 8.5481359 0.57073763 0.064524779 5.312468 0.5
5.8957894 5.6699247 -0.34404867 -0.050283732 0.320289 0.5
15.56669 21.391736 0.066023392 0.15873464 0.581132 0.5
18.938841 3.3149233 0.005605286 -0.27063097 3.087421 0.5
9.757872 20.559425 -0.39370147 0.0072611411 3.560403 0.5
18.147487 13.211813 -0.16388137 0.27904808 0.555117 0.5
5.6259116 22.638126 0.1842712 -0.024396306 6.220608 0.5
12.199547 20.203153 -0.695371 -0.17358422 5.652715 0.5
21.105661 2.6503529 -0.08388752 -0.43052005 0.827952 0.5
2.6561519 20.034831 0.27396659 -0.42948999 1.054048 0.5
16.035834 10.13557 0.20210943 -0.33679118 0.319962 0.5
24.41065 7.8663209 -0.48764228 0.071257249 2.464344 0.5
11.471645 3.2747663 -0.58214667 -0.16029001 3.780782 0.5
2.8596065 8.3065475 -0.041903679 0.20033087 0.745414 0.5
16.781496 12.08494 -0.20814477 0.072175001 3.348875 0.5
19.899598 7.3144365 0.18668339 0.18811531 5.365761 0.5
8.2681305 17.810326 0.71467478 -0.14705511 0.445642 0.5
11.076861 4.9114338 0.089575645 -0.35088433 2.979068 0.5
20.977663 15.35489 0.11710504 0.42707626 2.813895 0.5
18.234194 1.230475 0.21956409 0.06297724 4.039246 0.5
22.346368 15.591979 0.26670631 0.46514186 4.602055 0.5
25.644845 10.888894 0.39592365 -0.16026347 1.676583 0.5
9.2110197 24.210195 0.48109176 -0.19416314 1.207935 0.5
21.143776 17.846969 -0.13132477 -0.17576527 6.164191 0.5
19.458181 20.094531 0.042823812 -0.034211905 1.491784 0.5
17.4207 15.411848 -0.017487521 0.39047882 6.269379 0.5
6.9413635 12.272876 -0.21631312 -0.33591362 0.35856 0.5
15.500855 11.156799 -0.23083849 0.25235485 0.326238 0.5
15.511313 17.053233 -0.37668465 -0.11815544 1.608548 0.5
11.075508 24.277664 0.36998719 -0.022399924 2.616667 0.5
23.805777 6.231991 -0.33157992 0.14806752 0.410672 0.5
4.3670474 6.2412806 -0.061562061 -0.17062857 3.210668 0.5
7.8136663 22.152534 -0.13988969 0.46761419 0.309541 0.5
4.9388541 4.1049296 0.083875154 -0.64964652 1.761874 0.5
16.857658 1.5304397 -0.044340635 -0.28043564 4.731547 0.5
11.443202 9.7715382 0.0070342496 -0.19380196 0.313065 0.5
17.638114 9.4613989 0.50657713 0.053096014 0.087229 0.5
20.536135 9.9024494 -0.1727305 0.064021377 5.713071 0.5
16.046825 18.095818 0.46402547 -0.78289618 0.34983 0.5
17.013519 10.875852 -0.39474204 0.43497166 2.015368 0.5
14.8218 15.731365 -0.13377785 0.1012941 0.42176 0.5
24.20853 11.248334 0.058388822 0.0016976732 5.580866 0.5
9.9683328 3.2615557 -0.31267381 0.15998799 4.066321 0.5
9.2679307 13.805363 -0.43021594 0.3438147 5.863794 0.5
6.5288586 19.264913 -0.25923014 -0.20601499 5.355125 0.5
18.270219 24.320152 -0.083866249 0.069035177 5.404824 0.5
16.170514 19.321893 -0.021136668 0.19595553 1.361005 0.5
17.05979 6.6873018 0.24935524 0.047966775 5.19755 0.5
24.154544 17.150346 -0.16658846 -0.12351166 5.853071 0.5
22.130761 9.6670678 0.18808102 0.17120704 2.830697 0.5
12.985591 24.459659 -0.15397209 -0.026295343 3.251414 0.5
19.71 15.758736 -0.30905404 -0.36930135 3.305262 0.5
13.284202 3.4539481 0.0009021736 -0.28279112 3.841898 0.5
19.77013 25.759298 -0.075076964 0.079636208 4.917041 0.5
25.400107 8.9579569 -0.24796942 0.19249691 1.726803 0.5
27.257704 14.373796 0.05945441 -0.16854738 2.534849 0.5
16.773869 25.236829 0.2301627 0.071927535 1.985571 0.5
13.488755 17.286519 0.44755777 -0.52303773 5.636684 0.5
22.765492 5.5384461 0.15731142 -0.042216181 0.642493 0.5
7.6560327 7.1757924 -0.501629 -0.029907851 5.796573 0.5
24.771907 13.332649 -0.20972882 0.19927305 4.738871 0.5
20.558673 6.2041128 0.014989995 -0.15014467 1.568073 0.5
11.210353 8.7094806 0.212998 0.18991328 2.749741 0.5
15.680167 12.412217 -0.16417793 0.37876129 1.171823 0.5
13.860129 18.367572 0.15372029 0.20937621 2.226958 0.5
21.820098 6.4076612 -0.10207803 0.39405815 1.548545 0.5
3.5924796 15.851494 -0.12150422 0.3254386 3.653333 0.5
0.85881799 11.446901 0.26432545 -0.66412904 4.394256 0.5
20.262269 18.912418 0.45585743 -0.48990678 0.605652 0.5
8.7948028 2.934363 -0.10686144 0.38090098 3.106146 0.5
12.411196 2.6862725 0.016662762 0.37564995 3.095002 0.5
27.108103 11.204145 -0.34902247 0.32290171 1.841384 0.5
10.09156 15.554321 0.38999939 -0.056551598 6.034028 0.5
2.6123627 7.0298032 0.25774978 0.21500582 1.857551 0.5
4.0221573 22.099316 0.46022988 -0.28354623 1.702664 0.5
18.765319 16.430164 0.20784053 0.42156294 1.16125 0.5
19.710997 24.239926 0.33188223 0.064835 4.720586 0.5
3.5029911 21.013856 -0.04424895 0.055696162 0.205718 0.5
16.239332 22.478477 0.132984 0.3797604 5.820667 0.5
27.073974 15.519528 -0.021514757 -0.090423095 3.894129 0.5
16.303494 2.8264245 -0.16378867 0.20025582 3.074393 0.5
10.192567 5.9249393 -0.26419169 -0.068231237 0.467747 0.5
17.929466 11.536073 -0.24215978 -0.12234879 5.60533 0.5
12.445183 27.124042 0.093892451 0.027499814 6.227367 0.5
2.8887502 13.458064 -0.15289085 0.083683659 5.177094 0.5
11.768636 1.028425 0.095171663 0.013993416 0.203779 0.5
15.877268 4.1760622 -0.26868379 0.21424542 6.095105 0.5
2.4300837 14.989181 -0.45492011 0.6938841 5.150288 0.5
15.010864 27.125585 0.36992978 0.14473725 3.059892 0.5
5.2901019 7.7951499 -0.063425272 0.037779861 3.692189 0.5
23.815391 4.7741489 0.14809009 -0.037023927 3.246869 0.5
24.869487 19.160397 -0.36483577 0.15045519 2.032293 0.5
5.6871346 12.387868 -0.1943141 0.16795986 6.136396 0.5
1.2464098 16.075914 0.47455414 0.76797033 4.563161 0.5
25.001021 21.718588 0.088573854 0.019551057 5.916686 0.5
1.0756388 17.230898 -0.89981389 0.0024570418 1.344992 0.5
16.913534 20.510961 0.91701611 -0.053557942 3.633442 0.5
8.5520951 20.46491 0.47063126 -0.32378467 2.78777 0.5
21.055365 25.446424 0.079338632 0.039960523 1.483056 0.5
2.188467 12.505983 -0.36967446 -1.0499493 0.879468 0.5
9.4901279 1.6989602 0.37802601 0.34100237 4.923104 0.5
12.208175 4.4719646 -0.18127992 -0.070827397 5.350229 0.5
16.23803 26.467663 -0.15591813 0.011017421 1.508644 0.5
24.500805 9.9955942 -0.58394321 -0.19236485 4.32761 0.5
21.204092 14.181955 -0.52171993 0.14600725 1.3724 0.5
8.6513511 12.536133 0.67883746 0.33590632 2.64206 0.5
9.6355889 8.342242 0.048478468 0.26866862 2.466218 0.5
17.219672 23.70884 -0.18782535 -0.42399687 0.69625 0.5
26.814191 18.123885 0.13121929 -0.1472792 0.502972 0.5
15.582789 6.7714582 0.47493668 -0.21296172 4.066135 0.5
10.016753 11.232486 0.19272748 0.1218624 3.026607 0.5
20.813661 20.060907 0.61227818 -0.18578912 6.171553 0.5
12.429752 25.547402 0.65272806 0.071346471 3.767955 0.5
10.624014 26.942912 -0.42019413 0.35425521 5.349705 0.5
16.70866 14.416473 0.11843115 0.077680344 3.28374 0.5
17.064232 4.6386411 -0.025502472 0.55565147 1.964272 0.5
3.2090367 5.9913084 -0.055388731 -0.23891128 1.170799 0.5
4.1727706 5.0332439 0.23633609 0.56457084 0.802835 0.5
1.7364779 13.579577 0.27289135 -0.23241485 5.063896 0.5
22.231249 11.743705 -0.30476716 0.26982022 2.243796 0.5
22.053974 19.484466 -0.28625273 0.058536871 5.270568 0.5
4.191463 13.056611 0.95368364 -0.22321749 5.757172 0.5
19.679329 10.847139 -0.19233069 0.23468731 5.271397 0.5
21.069429 7.6967947 -0.22627003 -0.23167005 3.151318 0.5
3.0591925 11.564711 -0.15818881 0.19465363 0.221595 0.5
10.985793 12.575878 -0.3229123 0.25423297 1.510648 0.5
25.444684 16.941019 0.21071014 0.12172324 5.29405 0.5
7.724046 3.6705713 0.37628586 -0.42588342 2.737677 0.5
25.939151 13.862647 -0.1464638 -0.64394455 4.134415 0.5
5.788949 14.24586 0.47026049 -1.3067421 1.432456 0.5
12.325771 23.463729 0.40934657 -0.28427883 2.840655 0.5
19.546798 13.335474 -0.24530417 -0.15845839 2.899005 0.5
12.153653 6.6613043 0.37534047 0.14827505 4.137855 0.5
14.673332 13.956446 -0.0029412348 0.48627836 1.992807 0.5
18.717908 9.9947041 0.13768741 -0.64585524 0.375558 0.5
26.632828 9.4322006 0.19195586 -0.11987477 0.629977 0.5
18.938989 22.984936 -0.093395977 -0.090782126 5.301885 0.5
3.8529173 7.4391226 0.54334457 -0.33832807 1.197725 0.5
22.730594 3.9629458 0.086560943 -0.15131077 2.939026 0.5
10.294644 19.429687 -0.52762673 -0.13420038 3.912909 0.5
14.171788 23.060749 0.34599642 -0.033490658 3.115045 0.5
14.923441 9.8901914 -0.24826075 0.50925653 1.662001 0.5
12.098283 10.882223 -0.41571589 0.10362715 0.131507 0.5
