# x y vx vy theta radius
9.9225034 4.0298232 -0.74516656 0.92818356 1.9822989 0.5
26.004406 10.374852 0.37113131 0.026542013 1.764168 0.5
17.112572 25.312398 0.085878026 0.05238139 3.951996 0.5
10.623073 11.323929 -0.66836094 -0.073482389 4.259518 0.5
8.6604572 10.699513 -0.071954795 -0.058905836 1.882067 0.5
21.944949 24.532996 0.096900617 0.26682452 0.92276 0.5
19.444401 1.913173 -0.048549158 0.35464722 4.981497 0.5
6.2367774 9.5098036 -0.16706576 0.29659417 0.663689 0.5
19.686898 17.712414 0.1197927 0.085907729 4.599871 0.5
8.8476904 15.210144 -0.47499511 0.042569237 3.315122 0.5
26.6429 11.786256 -0.018373606 -0.16494761 5.224588 0.5
11.798506 4.1034163 0.31465846 0.16296113 4.739779 0.5
7.1752506 21.860446 -0.21513716 -0.11586928 0.624425 0.5
22.290333 11.894147 0.32210348 0.13286164 0.734434 0.5
24.911393 18.459515 -0.040286595 -0.39458511 4.989084 0.5
5.9217305 17.424909 0.27132084 -0.072347073 2.508867 0.5
3.6144826 17.381936 0.41528415 0.032750522 5.939565 0.5
17.641954 12.18441 -0.15284256 0.49233672 0.028815 0.5
14.048663 15.784382 -0.72131438 0.49854063 3.449449 0.5
17.20473 11.047315 -0.043625964 0.27189661 0.592282 0.5
19.925857 8.49154 -0.086230301 -0.67092237 6.045768 0.5
18.104093 6.9236103 0.22929101 -0.06115708 0.890473 0.5
23.810138 17.915042 0.10009359 0.32006856 2.353219 0.5
18.517324 25.427695 0.34115047 -0.19459519 1.672869 0.5
4.7040657 22.148835 -0.16074866 -0.59401881 4.21507 0.5
2.312062 19.496765 0.069637999 -0.25243364 0.4829 0.5
18.022112 9.6407212 0.05149484 -0.3063972 6.274711 0.5
19.206277 12.174358 0.29840743 0.01401676 1.301021 0.5
20.398288 2.9251333 0.77715148 0.32537525 3.538852 0.5
18.550861 3.3577503 1.0699093 0.21977079 1.72413 0.5
18.346023 18.909953 -0.11275203 0.062221675 0.779811 0.5
13.003254 3.7818674 0.65557393 0.24400894 1.209651 0.5
12.928051 21.856981 -0.48117602 0.39699748 5.377079 0.5
6.4584663 13.419441 -0.08249142 -0.47997573 3.122843 0.5
19.960806 4.233243 0.65804852 0.4122814 4.105439 0.5
6.4897603 4.8885558 -0.32602026 -0.074872255 2.246795 0.5
19.306657 23.950314 -0.24401523 0.35657087 3.468535 0.5
22.365061 8.7589962 -0.26985128 0.48188955 5.532293 0.5
9.378274 25.00476 -0.027782197 0.12301367 0.531572 0.5
19.597234 10.009466 0.49714338 0.030081475 5.261584 0.5
22.783661 19.854867 0.059428593 -0.15954371 0.040113 0.5
23.699028 5.7389787 0.31332352 -0.42726944 4.576591 0.5
23.601193 21.866874 -0.068189308 -0.56511434 0.209824 0.5
18.40632 11.108295 -0.10687109 0.04023394 1.770879 0.5
15.317492 9.1240564 0.49744255 0.69222752 4.791815 0.5
17.582769 23.692275 -0.14872258 0.19705107 2.522673 0.5
0.65021947 12.864992 0.14258811 0.17866813 3.232151 0.5
12.566659 27.379343 -0.20961977 0.24229597 0.943125 0.5
7.5384425 8.7669626 -0.21983377 -0.029831599 1.031271 0.5
19.808854 6.553027 -0.29350926 -0.42223905 1.523797 0.5
9.3055611 16.659256 0.25427727 -0.14124097 1.787492 0.5
7.7285413 12.861017 -0.001174105 0.14595355 3.056837 0.5
17.479067 26.408407 0.098803675 0.080315934 3.332967 0.5
13.999774 27.11529 0.14644635 0.24366452 3.889918 0.5
7.2802418 6.0419748 -0.32833462 -0.25194371 1.775857 0.5
20.505783 13.234679 -0.034391029 -0.13643549 4.33857 0.5
1.9705656 15.72416 0.077048887 -0.12878682 2.652322 0.5
14.501376 25.033341 -0.49787684 0.10885521 1.360759 0.5
8.5866238 26.201083 -0.31404045 -0.041432654 1.350476 0.5
11.03979 1.9602328 -0.44153993 -0.80849613 3.139709 0.5
23.714187 14.490583 -0.013548819 0.029148448 3.877928 0.5
23.700052 11.980558 0.11309283 -0.2679569 4.111005 0.5
15.416945 27.282985 0.1092999 -0.055109733 4.354529 0.5
24.471066 16.672137 -0.061731743 -0.069170178 1.958136 0.5
12.20201 24.94941 0.41096638 0.1081424 1.935129 0.5
11.008389 18.083989 0.090602516 -0.096621672 0.983243 0.5
16.446724 20.725307 -0.068005478 0.16692296 4.524452 0.5
18.023169 20.165697 0.13921512 0.30792288 4.628506 0.5
16.996264 8.1846742 0.41269364 0.017036611 4.619789 0.5
4.9418025 6.0948978 0.44494025 0.27197519 6.246698 0.5
2.5071012 17.066845 0.005661532 0.41470553 2.597917 0.5
17.215741 14.201933 -0.40432515 -0.16347435 5.540445 0.5
14.412444 0.96983513 0.010427425 -0.13699884 1.135786 0.5
3.1660106 13.376231 -0.16545734 0.19414352 0.649744 0.5
11.252508 15.637798 -0.47142838 0.080530076 4.647872 0.5
0.64083533 15.861521 0.16416064 -0.42152183 3.116928 0.5
23.643213 15.581706 0.27802941 -0.25692085 1.058365 0.5
14.878901 18.393504 0.075936956 -0.014915422 1.223223 0.5
15.201423 22.987803 0.046590987 -0.288296 6.185729 0.5
19.280696 13.493408 0.1191883 0.10176477 5.03693 0.5
23.380216 13.122696 -0.37529086 -0.091661849 0.158334 0.5
11.049271 25.047215 -0.22449226 -0.46204244 0.09489 0.5
20.569872 25.376302 -0.053320266 0.056574887 3.182579 0.5
23.661427 9.7961983 0.053548925 -0.28995711 5.999337 0.5
5.1806947 16.099696 -0.22169435 -0.33147847 0.712677 0.5
3.8188479 15.181329 -0.34535221 0.055665951 1.70588 0.5
9.701621 26.530789 0.0085158132 0.62984013 5.092516 0.5
14.428849 19.571499 0.047210617 0.26383768 0.506989 0.5
10.990349 21.702053 -0.24985191 -0.0054872069 4.452103 0.5
14.980848 4.1338203 -0.29198468 0.42641024 3.429354 0.5
8.4461561 18.506895 0.12678555 -0.28910566 5.942963 0.5
1.7480735 10.093627 0.013446641 0.40292012 2.062723 0.5
3.6281052 9.637568 -0.11607148 -0.57487258 2.598321 0.5
12.282446 9.9452589 -0.17523728 -0.49890052 6.159219 0.5
9.8874736 19.857924 0.11917456 0.50449931 1.488917 0.5
23.147361 4.2385685 -0.38890357 -0.36126861 1.927238 0.5
26.17007 15.955906 -0.50681605 -0.39930388 3.98558 0.5
11.096877 19.285518 -0.0074957629 -0.0070467606 3.515453 0.5
1.3195907 18.043339 -0.067958432 0.38438989 3.362574 0.5
15.936846 7.7284961 0.14545332 0.72723299 2.617045 0.5
20.316329 18.886731 0.034262007 0.63737813 4.416501 0.5
18.808342 8.9142906 0.62418321 -0.13990909 2.357123 0.5
14.894856 12.332367 -0.17338925 -0.35914953 0.027213 0.5
16.131075 4.1032505 -0.59443877 0.17623496 3.270335 0.5
17.459414 21.265661 0.13695509 -0.35605917 5.133302 0.5
23.835087 20.257947 -0.2673039 -0.02158102 4.163048 0.5
17.744392 17.428676 -0.41715118 0.24699021 3.93618 0.5
19.294369 19.449921 0.080244342 -0.011212829 5.951127 0.5
18.535624 14.474239 -0.62173733 0.3076511 4.082451 0.5
12.748134 12.84247 -0.45070074 -0.066713312 1.780305 0.5
8.5635328 11.836909 -0.28704523 -0.11093927 2.847882 0.5
2.6180426 11.70516 -0.17818734 0.017882271 1.767937 0.5
1.5377604 13.673465 -0.36038738 -0.67429798 0.00135 0.5
21.036782 4.5518568 0.34611921 -0.2563029 5.312468 0.5
19.822475 14.635647 -0.39757648 -0.31988701 0.320289 0.5
7.8072564 16.372847 0.15528778 0.1604459 0.581132 0.5
24.951052 12.200893 0.26464873 -0.19395737 3.087421 0.5
2.7579956 20.856514 0.040760969 -0.068265083 3.560403 0.5
21.541798 20.898289 -0.12502762 0.12239142 0.555117 0.5
7.2254797 20.757559 -0.18716445 0.027224223 6.220608 0.5
21.615262 3.099803 -0.21501008 0.65979907 5.652715 0.5
11.358616 8.2510558 0.055434206 -0.14516552 0.827952 0.5
16.231323 12.274876 -0.12230407 -0.14246303 1.054048 0.5
21.07926 6.8817938 -0.18222552 -0.083335935 0.319962 0.5
5.6174369 12.036849 -0.072129841 0.0025154407 2.464344 0.5
15.110344 16.876005 -0.054777485 0.11626114 3.780782 0.5
22.524637 21.504359 0.56725275 0.65631775 0.745414 0.5
11.714368 0.89600684 0.37544367 0.30645113 3.348875 0.5
17.167263 4.3686583 -0.0059460345 0.0084941731 5.365761 0.5
12.677444 15.064315 -0.061049693 -0.0054271454 0.445642 0.5
10.845738 9.7630082 -0.31195492 -0.10093321 2.979068 0.5
17.91188 1.4082118 -0.42709817 0.13677809 2.813895 0.5
16.14157 15.365176 -0.36242876 0.59064758 4.039246 0.5
20.805547 15.100261 -0.026578014 -0.16344137 4.602055 0.5
3.9563672 18.52848 -0.29934845 0.15292437 1.676583 0.5
22.041595 10.618599 -0.27382908 -0.25273474 1.207935 0.5
5.7365991 8.119772 -0.13937212 0.025336108 6.164191 0.5
19.047374 21.476618 0.28587474 0.090641113 1.491784 0.5
7.7007361 24.040466 -0.15324039 0.053921125 6.269379 0.5
16.839514 19.250559 -0.027309382 -0.15377078 0.35856 0.5
5.1838842 11.060374 -0.084809753 0.30608913 0.326238 0.5
9.8611565 21.13252 -0.025179788 0.1217854 1.608548 0.5
9.8747006 8.4441667 -0.12973367 0.062639156 2.616667 0.5
11.66848 20.661873 0.11377392 0.02069871 0.410672 0.5
17.831574 15.883814 -0.069880202 0.12585408 3.210668 0.5
18.629783 26.58954 -0.077604855 -0.071166881 0.309541 0.5
20.661141 17.109103 0.27880655 -0.081928052 1.761874 0.5
6.400966 11.116461 0.2203736 -0.26822825 4.731547 0.5
2.579095 14.620302 0.20128547 0.21176588 0.313065 0.5
8.8908616 13.928346 0.08188731 -0.12073614 0.087229 0.5
20.445379 20.102806 0.35538598 0.43268255 5.713071 0.5
20.91408 10.307098 0.42057171 0.48446321 0.34983 0.5
5.3407363 24.273265 -0.042487972 0.47334901 2.015368 0.5
14.506535 2.3814498 -0.23540679 -0.43661057 0.42176 0.5
14.18118 10.553806 -0.21065915 0.26463155 5.580866 0.5
8.4196128 21.719297 -0.67467179 0.37533525 4.066321 0.5
16.417708 17.738682 0.28582779 0.0166679 5.863794 0.5
25.039431 21.085567 -0.098631541 -0.23296874 5.355125 0.5
10.048527 22.588508 0.053109967 0.37615265 5.404824 0.5
15.842509 1.3867396 -0.31255222 -0.26390167 1.361005 0.5
12.885277 16.402369 -0.27491787 0.13991745 5.19755 0.5
16.371284 24.361067 0.11836361 -0.065658999 5.853071 0.5
24.633061 11.106133 0.31444454 -0.076165982 2.830697 0.5
17.931498 22.226096 0.43599512 -0.23166175 3.251414 0.5
19.267338 22.833607 -0.51458119 0.15793803 3.305262 0.5
18.428194 5.9066337 -0.13645319 -0.27569651 3.841898 0.5
6.4219321 24.696838 -0.44154972 0.0073777192 4.917041 0.5
5.9339365 20.663293 -0.23394239 0.046506043 1.726803 0.5
4.3976801 13.340075 -0.18560747 0.70325623 2.534849 0.5
5.7461306 3.4637511 0.59923829 0.45558677 1.985571 0.5
22.56985 6.2291487 0.41641158 0.20229143 5.636684 0.5
15.100554 14.774995 -0.18547211 0.069291719 0.642493 0.5
4.2572677 23.211363 0.22311549 0.046074668 5.796573 0.5
4.7188105 17.62049 0.067116826 -0.045270423 4.738871 0.5
6.6576245 18.674867 0.27215841 0.23561963 1.568073 0.5
25.704389 14.975399 -0.48345569 0.10182131 2.749741 0.5
20.435662 24.311219 0.17481041 0.12195067 1.171823 0.5
9.0190581 23.563177 0.29484326 0.24737179 2.226958 0.5
13.08817 26.096733 -0.099812968 -0.40692055 1.548545 0.5
3.0187725 7.059753 0.26951756 0.1105347 3.653333 0.5
14.20705 21.483284 0.015553884 -0.64006123 4.394256 0.5
9.6599275 18.74961 0.19908673 -0.24238601 0.605652 0.5
19.033829 16.263362 -0.49603779 0.17002014 3.106146 0.5
24.083491 22.858203 0.070487547 0.33217006 3.095002 0.5
3.7759737 12.214454 -0.16259412 -0.092662158 1.841384 0.5
12.792736 11.752092 0.075620716 -0.056546254 6.034028 0.5
25.355726 13.815574 -0.19288162 0.28344459 1.857551 0.5
5.29261 19.351853 -0.28390413 0.22022581 1.702664 0.5
19.804396 5.443917 -0.090725169 0.31157845 1.16125 0.5
10.485544 14.362239 -0.68114735 0.49835012 4.720586 0.5
16.793389 22.736257 0.25419382 -0.0010753103 0.205718 0.5
13.77927 9.4841064 0.3047161 -0.15296438 5.820667 0.5
10.338493 24.167319 -0.33547999 0.075875298 3.894129 0.5
11.200713 26.95149 0.43694359 0.027172313 3.074393 0.5
6.0745773 22.129822 -0.10685389 -0.27667334 0.467747 0.5
12.671087 7.1311066 0.29877939 -0.52411573 5.60533 0.5
15.662351 25.801693 -0.3765223 -0.20069717 6.227367 0.5
24.881481 9.1625206 -0.1603382 -0.39342003 5.177094 0.5
4.4136547 7.0462143 0.26789845 -0.44262719 0.203779 0.5
22.241244 5.0972249 -0.13064758 0.082982474 6.095105 0.5
5.8169581 14.326934 -0.82602165 -0.1106835 5.150288 0.5
21.106129 5.7579945 0.32933284 -0.23687828 3.059892 0.5
21.016111 8.1763291 -0.079663169 0.60325946 3.692189 0.5
14.717469 26.284144 -0.0747617 -0.41231554 3.246869 0.5
9.0576003 6.0851104 0.05368737 -0.3110446 2.032293 0.5
13.240112 24.561793 -0.50838938 0.12799971 6.136396 0.5
16.801126 16.478453 -0.33932737 -0.036979048 4.563161 0.5
26.192455 9.1030274 0.3094772 -0.18318821 5.916686 0.5
3.0548794 16.053729 0.048044727 0.006789777 1.344992 0.5
22.870504 17.144494 -0.3114386 -0.021011223 3.633442 0.5
22.53749 22.900767 -0.32681663 0.053313721 2.78777 0.5
2.6662271 8.1654953 -0.030858939 -0.60120977 1.483056 0.5
21.94845 13.463964 0.44682986 0.14580776 0.879468 0.5
15.56006 19.925687 0.075925661 0.13495985 4.923104 0.5
25.579345 19.781952 -0.40112807 0.14303065 5.350229 0.5
21.019468 23.15342 -0.015963628 0.027754143 1.508644 0.5
22.060367 7.3231819 -0.10392042 1.0939246 4.32761 0.5
26.664577 14.379833 0.25541092 -0.15186159 1.3724 0.5
7.1347199 17.601314 -0.20771207 0.2840799 2.64206 0.5
7.471407 4.2495153 -0.25440217 0.1992426 2.466218 0.5
21.483611 19.609426 0.074898773 0.32432325 0.69625 0.5
11.194246 16.777361 0.32434166 -0.24647954 0.502972 0.5
23.698474 8.1848988 -0.082405754 -0.27387861 4.066135 0.5
13.062861 20.173397 -0.33160062 0.49267417 3.026607 0.5
9.9271346 17.654297 0.79294807 0.14563241 6.171553 0.5
22.981427 23.95721 -0.13574711 -0.042916703 3.767955 0.5
12.710326 1.1672595 0.61529669 0.12825149 5.349705 0.5
18.92351 4.8382829 0.24490385 -0.31182322 3.28374 0.5
27.342751 12.697788 -0.39942198 -0.082364219 1.964272 0.5
16.611238 9.3537496 0.030248771 -0.15632975 1.170799 0.5
26.558947 17.20439 -0.10498924 0.1040565 0.802835 0.5
7.2757687 25.438717 -0.16181436 0.23353182 5.063896 0.5
7.5963634 19.498654 -0.35538304 -0.0017203954 2.243796 0.5
15.51786 5.2750782 -0.31028483 0.074130229 5.270568 0.5
27.332439 15.753173 0.39011955 0.45404033 5.757172 0.5
11.483244 5.268555 0.33113609 -0.41832343 5.271397 0.5
7.2974764 11.757572 0.23404357 0.14901304 3.151318 0.5
4.8141618 20.72997 0.14523132 -0.032401826 0.221595 0.5
12.175534 2.6051896 -0.34498241 -0.3218266 1.510648 0.5
16.088068 13.616792 0.31233597 -0.037036334 5.29405 0.5
14.471217 6.4457732 0.1436774 -0.31318231 2.737677 0.5
12.03498 13.713559 -0.040271069 0.4877102 4.134415 0.5
5.5373787 23.185429 0.2712083 0.59154217 1.432456 0.5
20.497748 21.992541 -0.55060168 -0.2006761 2.840655 0.5
13.57686 23.386347 -0.026072974 -0.028762269 2.899005 0.5
7.4007469 2.3538455 -0.24423154 0.50045295 4.137855 0.5
21.522584 18.234345 0.25191693 -0.29317241 1.992807 0.5
21.7584 16.495251 -0.12193353 0.49490394 0.375558 0.5
14.718257 7.6758822 0.058174957 0.11059068 0.629977 0.5
7.665575 14.853734 -0.27758803 0.3332395 5.301885 0.5
12.243391 17.284935 0.15011281 0.28892554 1.197725 0.5
6.6998645 15.521083 -0.35886578 -0.10531793 2.939026 0.5
11.440078 23.260388 -0.13247409 0.37257611 3.912909 0.5
9.1021542 1.914255 -0.39430104 -0.23194808 3.115045 0.5
14.189463 13.231893 -0.12047883 -0.22854263 1.662001 0.5
25.205445 6.6528337 -0.40877829 -0.083401151 0.131507 0.5
