# x y vx vy theta radius
8.3778158 13.240994 0.42553019 -0.93526553 4.7359257 0.5
8.3437709 7.058111 0.65134862 -0.51301584 1.764168 0.5
18.965094 14.735213 0.50710361 0.28718647 3.951996 0.5
25.162381 18.662875 0.17863489 0.041687108 4.259518 0.5
9.8179016 22.416363 0.23857809 -0.36213581 1.882067 0.5
12.156528 27.111467 0.029671137 0.38397832 0.92276 0.5
19.013575 12.100297 -0.07330267 -0.30117886 4.981497 0.5
10.772989 21.332035 0.05692587 0.31209114 0.663689 0.5
5.220859 4.3050258 -0.18606455 0.12536401 4.599871 0.5
22.490727 19.658661 -0.45563818 0.39282107 3.315122 0.5
13.305779 14.74566 0.098922639 -0.048144529 5.224588 0.5
7.0126541 7.2512537 0.28739347 -0.071979597 4.739779 0.5
10.097593 11.159679 -0.051940199 -0.063896204 0.624425 0.5
20.708474 7.5418148 -0.55890738 0.17618486 0.734434 0.5
20.697422 3.4488227 0.16971945 -0.066376394 4.989084 0.5
10.785435 19.08218 -0.013644822 -0.31854882 2.508867 0.5
20.868584 20.863327 -0.22320139 -0.086832354 5.939565 0.5
18.450727 15.868879 -0.1028047 -0.07348217 0.028815 0.5
15.619841 5.4763263 -0.45566182 0.1192164 3.449449 0.5
13.921956 3.66009 0.49894288 -0.094433015 0.592282 0.5
14.522781 20.847091 0.16769852 0.04983236 6.045768 0.5
18.841119 3.0189698 0.08141073 0.27219369 0.890473 0.5
2.7403368 8.5694431 0.70915932 -0.81554917 2.353219 0.5
25.320297 20.352408 0.01597746 0.42523978 1.672869 0.5
17.805022 8.3778459 -0.1836584 0.3663677 4.21507 0.5
9.082503 8.0234535 0.33198795 0.81305589 0.4829 0.5
7.5694795 22.235154 -0.19234786 -0.19997182 6.274711 0.5
6.1056663 9.7278088 -0.17057184 0.084196604 1.301021 0.5
7.1031596 17.810339 0.88556 -0.26324467 3.538852 0.5
18.738138 9.829551 0.35513578 0.54859148 1.72413 0.5
9.3268396 13.902768 -0.2659702 0.35184132 0.779811 0.5
23.226553 20.631552 0.37339853 0.37677179 1.209651 0.5
6.8988746 11.633159 0.38522218 -0.28570733 5.377079 0.5
10.445684 25.573446 -0.53263615 -0.20698487 3.122843 0.5
21.613425 6.7872461 0.19429443 0.3932277 4.105439 0.5
6.2404192 4.9281825 0.026471138 -0.58284044 2.246795 0.5
19.044997 4.3028816 -0.49825977 0.38270374 3.468535 0.5
13.524852 10.484554 -0.19460585 0.11814126 5.532293 0.5
19.082841 25.461596 -0.031110436 -0.002354636 0.531572 0.5
3.6564259 12.880823 -0.15084415 -0.8578447 5.261584 0.5
19.96142 6.7358173 -0.6038472 -0.027795023 0.040113 0.5
3.6234344 5.9712168 0.19727204 -0.070731702 4.576591 0.5
20.191045 25.761009 -0.096502374 0.021055913 0.209824 0.5
20.326094 21.834283 0.29882247 -0.19256366 1.770879 0.5
7.7722093 8.0747428 -0.34740662 0.29608249 4.791815 0.5
2.1947532 14.701171 0.029307537 0.078157655 2.522673 0.5
21.599668 9.3490095 0.43625367 0.22628774 3.232151 0.5
3.6668221 10.372246 0.0696693 -0.12254285 0.943125 0.5
22.916268 7.9327002 -0.14588125 0.10343432 1.031271 0.5
14.907744 14.709406 -0.13263599 0.16464046 1.523797 0.5
14.937923 9.3241962 0.14444057 -0.35839122 1.787492 0.5
6.9889843 24.906929 -0.14677374 -0.03973675 3.056837 0.5
5.9902384 24.539831 0.090555699 0.35642784 3.332967 0.5
16.520411 12.576468 0.24136965 -0.38555236 3.889918 0.5
4.2257467 19.222263 0.029833768 0.23431892 1.775857 0.5
22.405627 13.436009 0.0036840179 0.3269955 4.33857 0.5
8.5016084 19.299012 0.062527571 -0.82607588 2.652322 0.5
12.924226 1.0048712 0.036888869 0.20904353 1.360759 0.5
27.088805 12.872083 0.43851288 -0.047964872 1.350476 0.5
19.623778 10.626953 0.14882765 0.13942385 3.139709 0.5
14.36748 15.942486 -0.18989346 -0.53328439 3.877928 0.5
9.9195466 20.501796 -0.10655148 0.15962449 4.111005 0.5
3.3609489 20.518903 0.071611515 0.40023163 4.354529 0.5
8.3193263 2.2131287 -0.080811767 -0.37365212 1.958136 0.5
22.24299 4.5719824 -0.45000612 -0.11939614 1.935129 0.5
19.498278 5.5083261 -0.36663236 0.41987035 0.983243 0.5
21.367836 19.632058 -0.16802261 0.29771248 4.524452 0.5
17.717201 26.333197 0.020671725 0.12676663 4.628506 0.5
24.944578 13.922011 -0.10238251 -0.20635946 4.619789 0.5
27.000429 11.468287 0.070225682 -0.32361846 6.246698 0.5
27.168863 16.333493 -0.19210642 -0.015169829 2.597917 0.5
18.663985 1.9100046 -0.38168726 -0.069120645 5.540445 0.5
10.275528 8.9302196 0.18178423 -0.30895094 1.135786 0.5
2.5059297 10.296951 0.19643999 -0.6795515 0.649744 0.5
15.536344 22.077078 -0.042014326 0.33091138 4.647872 0.5
16.477893 23.352553 -0.094950941 0.084019424 3.116928 0.5
13.246913 6.4182969 -0.52742382 0.69708239 1.058365 0.5
1.4591451 17.130712 -0.29432088 -0.78178877 1.223223 0.5
0.62780873 14.001747 -0.15983386 0.080304008 6.185729 0.5
15.953276 8.6026618 -0.081150161 0.41827249 5.03693 0.5
21.95297 15.885254 -0.15675543 0.28946742 0.158334 0.5
9.7080791 4.7586642 0.11798144 0.16540158 0.09489 0.5
4.0237475 7.1004705 0.50728425 -0.040287868 3.182579 0.5
20.073193 11.71906 0.15971679 -0.10697149 5.999337 0.5
11.6461 1.2867012 -0.21254264 -0.12533558 0.712677 0.5
15.206179 24.956056 -0.095385369 -0.11959968 1.70588 0.5
13.698611 11.884553 -0.47193346 0.5825636 5.092516 0.5
17.854179 1.1498444 -0.12261095 -0.032934138 0.506989 0.5
18.666987 18.803069 -0.23229005 0.10664991 4.452103 0.5
4.9523168 12.105222 -0.23297324 -0.25653113 3.429354 0.5
0.68647434 15.399656 -0.20369045 0.17225071 5.942963 0.5
11.640164 10.22236 -0.0092141456 -0.4069585 2.062723 0.5
24.83636 8.8712349 0.24356235 -0.56913435 2.598321 0.5
20.070194 19.938209 -0.34161717 0.62241603 6.159219 0.5
10.476909 10.045199 -0.18447691 0.16566977 1.488917 0.5
6.0506886 17.731461 0.35742567 -0.59488373 1.927238 0.5
19.128811 21.101302 -0.39272361 0.16965156 3.98558 0.5
21.739167 24.601973 -0.20126377 0.53542927 3.515453 0.5
14.799017 2.8408513 0.022573764 -0.24080586 3.362574 0.5
11.729833 18.018443 0.45388515 0.19230271 2.617045 0.5
3.2028413 14.166488 -0.0893687 0.35856239 4.416501 0.5
21.380995 17.689735 0.67574733 0.49772997 2.357123 0.5
11.566408 4.8622644 -0.4390062 -0.13882214 0.027213 0.5
20.272366 14.243845 0.34585388 0.0069495704 3.270335 0.5
26.862407 13.972114 -0.36682451 0.14622958 5.133302 0.5
17.311019 15.541053 -0.190794 -0.10262014 4.163048 0.5
9.6409835 2.5667606 -0.31408588 -0.49175395 3.93618 0.5
23.426702 21.818265 0.14027764 -0.17943511 5.951127 0.5
11.60408 13.656565 0.2662747 -0.55094971 4.082451 0.5
19.309356 8.7333804 -0.13522114 -0.055003062 1.780305 0.5
12.482125 19.763023 -0.40219017 0.32190543 2.847882 0.5
0.91932497 11.299451 0.3730996 0.57495319 1.767937 0.5
7.4630799 5.6321699 0.05575773 0.17129218 0.00135 0.5
7.3625718 23.844223 0.34692971 -0.080942807 5.312468 0.5
6.9574077 21.064483 -0.14642301 0.70513681 0.320289 0.5
9.4874876 17.672717 -0.1141576 -0.2901813 0.581132 0.5
12.921731 17.602273 -0.17698719 -0.23082603 3.087421 0.5
11.726107 22.1046 0.015881444 -0.68151855 3.560403 0.5
19.706015 22.764492 -0.29261211 -0.27195523 0.555117 0.5
26.258744 8.4983138 -0.18186503 0.21034991 6.220608 0.5
20.255971 2.2796691 0.03696555 0.71176267 5.652715 0.5
10.158715 23.737684 -0.41158459 -0.089464323 0.827952 0.5
17.597058 3.0256422 -0.27259913 0.43376966 1.054048 0.5
4.9040189 21.521443 0.13777509 -0.3788528 0.319962 0.5
15.809166 10.64082 -0.13631934 0.013730789 2.464344 0.5
17.183553 13.721446 -0.61292777 -0.17746909 3.780782 0.5
5.0681702 9.0077627 0.39307084 0.065759018 0.745414 0.5
2.5195725 19.53147 0.44327862 0.14668782 3.348875 0.5
9.5769512 1.2982333 0.10219069 0.096217958 5.365761 0.5
16.963346 18.502753 0.15663091 0.37089043 0.445642 0.5
13.765006 16.920501 -0.11553128 0.15580491 2.979068 0.5
12.108086 25.167774 -0.012833111 -0.33766996 2.813895 0.5
16.886887 20.479957 -0.54241509 0.3125612 4.039246 0.5
15.831342 20.847821 -0.026684819 0.37676491 4.602055 0.5
13.864359 18.526237 -0.038642798 -0.30655554 1.676583 0.5
16.201359 2.65391 0.21597723 -0.26942644 1.207935 0.5
21.879981 3.1021232 -0.2963462 0.066559793 6.164191 0.5
14.229534 5.6325143 0.63135053 0.11234243 1.491784 0.5
15.73878 13.375759 -0.0017367351 0.0057266284 6.269379 0.5
10.281683 12.252518 0.75392304 -0.046897456 0.35856 0.5
16.591166 3.9489665 -0.35942983 0.31111021 0.326238 0.5
5.6244201 16.64094 0.26882172 -0.189417 1.608548 0.5
21.025532 12.538315 -0.14344944 0.29053156 2.616667 0.5
17.226368 24.804915 -0.29410264 0.24477761 0.410672 0.5
13.656202 22.601399 -0.23035905 0.5263745 3.210668 0.5
16.816992 22.28312 0.36128032 -0.49308552 0.309541 0.5
11.628127 12.188609 -0.062871656 0.80694508 1.761874 0.5
10.828679 2.1419466 -0.18772794 -0.39997269 4.731547 0.5
20.72849 5.6995052 -0.46767679 0.1107269 0.313065 0.5
8.5387259 20.483561 -0.58887563 -0.26994336 0.087229 0.5
12.780691 8.4277678 0.26855191 0.56280757 5.713071 0.5
8.8815436 10.406578 0.50570548 0.31409626 0.34983 0.5
22.42248 23.406686 -0.099725643 0.20487743 2.015368 0.5
14.927452 4.4542952 0.11942547 0.0035802306 0.42176 0.5
9.0177439 3.5850665 -0.71994837 0.50149236 5.580866 0.5
20.841742 4.617829 -0.40667548 0.35015415 4.066321 0.5
14.875123 27.105914 0.20230765 0.21320199 5.863794 0.5
7.218196 2.400946 0.24151503 -0.11230944 5.355125 0.5
1.550281 9.7159775 -0.41942141 0.13651382 5.404824 0.5
24.542215 12.370498 -0.16562145 -0.87082105 1.361005 0.5
14.401821 1.1669365 -0.47820801 -0.40224957 5.19755 0.5
18.2118 21.709218 -0.33218526 -0.025939155 5.853071 0.5
24.860582 10.682834 0.24880926 0.080013693 2.830697 0.5
15.780302 16.094919 -0.28176225 0.32098996 3.251414 0.5
8.8254466 16.451891 -0.83473292 -0.75722989 3.305262 0.5
18.240404 13.445434 0.25605242 0.63988982 3.841898 0.5
19.564771 16.075426 0.17511708 -0.18800807 4.917041 0.5
4.7376956 17.727692 0.19670135 0.47743556 1.726803 0.5
3.3992271 21.906994 0.33453027 0.20722255 2.534849 0.5
8.6019281 22.930956 -0.69776921 -0.024762145 1.985571 0.5
8.4979553 24.889348 -0.1369553 -0.42579797 5.636684 0.5
12.446002 7.2713568 -0.39154816 -0.25196533 0.642493 0.5
10.103788 5.9675283 -0.23978291 -0.38944446 5.796573 0.5
25.987491 17.616243 0.12102486 -0.01439371 4.738871 0.5
12.858179 26.071279 0.13271884 0.29902342 1.568073 0.5
16.915817 5.8318435 -0.33455849 -0.0050607748 2.749741 0.5
3.8348619 9.0133814 -0.48958237 0.94514137 1.171823 0.5
5.1892198 5.5195135 0.12806831 0.098354711 2.226958 0.5
15.560071 1.390538 -0.69803981 0.27994604 1.548545 0.5
25.967246 12.030815 -0.34811609 0.26219862 3.653333 0.5
23.593519 13.814126 0.073977602 -0.08070316 4.394256 0.5
24.526752 7.6861445 -0.49666553 0.076761152 0.605652 0.5
14.70954 13.127932 0.28159519 0.36255201 3.106146 0.5
12.552315 5.2990184 -0.25753563 0.16156844 3.095002 0.5
10.954233 26.58284 0.23085396 -0.14970028 1.841384 0.5
7.2858055 13.562391 0.89736945 -0.53653087 6.034028 0.5
9.9224279 16.015037 0.25486816 -0.5654519 1.857551 0.5
4.2884117 4.7818542 0.84377244 -0.060541924 1.702664 0.5
21.309599 22.371656 -0.028196183 0.76787379 1.16125 0.5
11.35 15.296612 -0.068038461 -0.07760166 4.720586 0.5
9.0434078 6.1855168 0.55253374 -0.68847703 0.205718 0.5
16.648486 27.135488 0.10270494 0.0095774827 5.820667 0.5
19.440273 17.724757 -0.066880506 -0.17617645 3.894129 0.5
13.946641 25.502379 -0.14472842 0.079902778 3.074393 0.5
21.393665 14.03562 -0.25458952 0.01135537 0.467747 0.5
13.318663 2.2997209 -0.25137082 0.43098076 5.60533 0.5
26.457685 10.308764 0.023263663 -0.37253337 6.227367 0.5
12.779301 3.9709406 0.25097882 -0.46327058 5.177094 0.5
4.9322891 10.996334 0.50558687 0.47670216 0.203779 0.5
12.255805 23.188627 -0.18552986 0.048193912 6.095105 0.5
2.8020603 17.733323 -0.50962588 -0.69594908 5.150288 0.5
22.700284 17.148216 -0.077321319 0.03887659 3.059892 0.5
6.2805927 6.2217052 -0.1019873 0.05698168 3.692189 0.5
10.320831 3.6043287 0.20268618 0.1083495 3.246869 0.5
11.828698 3.0374215 0.28800234 -0.48325631 2.032293 0.5
24.28919 19.744485 0.12028184 0.49005259 6.136396 0.5
2.2852207 13.559021 -0.019425703 -0.091081933 4.563161 0.5
14.898239 16.88581 -0.5135908 0.46121478 5.916686 0.5
2.5778063 7.0569854 0.43159187 0.086930525 1.344992 0.5
20.575738 18.769046 -0.15114345 0.032176701 3.633442 0.5
9.1619243 25.940381 -0.12612828 -0.44098929 2.78777 0.5
24.026457 18.672173 0.4367319 0.54822615 1.483056 0.5
12.605362 12.994226 -0.42313122 -0.26172731 0.879468 0.5
14.88353 11.263613 0.35417234 0.13443891 4.923104 0.5
23.567352 6.9175889 0.5378582 0.43368935 5.350229 0.5
17.525346 17.147211 -0.42203503 0.28505937 1.508644 0.5
7.3195417 16.798948 -0.50648903 -0.10901574 4.32761 0.5
17.871033 12.199713 -0.30206058 0.09539268 1.3724 0.5
6.8473088 3.8320371 -0.2097481 0.55634746 2.64206 0.5
14.501785 19.553444 0.40553699 -0.23968884 2.466218 0.5
8.9694009 9.1730707 0.62391328 0.57367327 0.69625 0.5
11.376399 23.92579 -0.40136578 0.077749681 0.502972 0.5
17.024171 10.678567 -0.46074452 -0.39352803 4.066135 0.5
8.5002616 5.0821174 -0.0940897 0.42353733 3.026607 0.5
15.621913 7.1752279 -0.15584204 0.60422076 6.171553 0.5
24.517939 16.544768 0.082687024 -0.17931452 3.767955 0.5
26.41278 19.096454 -0.26233829 0.50591601 5.349705 0.5
18.705159 7.1275764 -0.18117367 0.33958921 3.28374 0.5
16.649424 1.1668755 -0.37078716 -0.13198879 1.964272 0.5
13.543191 24.157537 -0.27301238 0.48471894 1.170799 0.5
7.8677019 14.917863 -0.15036666 0.24741086 0.802835 0.5
16.194198 25.988164 -0.55006278 0.36702261 5.063896 0.5
22.746191 11.686341 -0.054772316 -0.32888679 2.243796 0.5
6.0472673 13.420335 0.095689774 0.16421852 5.270568 0.5
1.7340354 12.16217 0.33814817 -0.17985983 5.757172 0.5
3.160279 11.791814 -0.38433359 0.16072001 5.271397 0.5
24.020399 14.915685 0.057829818 0.22501595 3.151318 0.5
16.116381 14.640737 0.074020139 0.089929887 0.221595 0.5
7.286238 9.0895353 -0.35098595 -0.049259659 1.510648 0.5
13.997956 8.1918916 -0.35990789 0.25195425 5.29405 0.5
4.6934732 15.494522 -0.1888955 0.36957723 2.737677 0.5
23.872301 9.4508978 -0.11092101 0.18153035 4.134415 0.5
8.9469077 12.213536 0.29391038 -0.66028528 1.432456 0.5
4.9756543 7.8530453 0.304022 -0.037967021 2.840655 0.5
16.40162 9.5783415 0.079820877 0.3379858 2.899005 0.5
21.51268 10.684958 -0.44651084 0.21496252 4.137855 0.5
19.899791 13.191184 -0.0048600892 0.36644526 1.992807 0.5
14.343586 6.9926552 0.65909193 -0.19853325 0.375558 0.5
5.913373 22.249321 -0.35303606 -0.25816832 0.629977 0.5
17.839065 4.9282696 -0.1319555 0.0016557467 5.301885 0.5
10.525092 17.556112 1.0977497 -0.031978644 1.197725 0.5
25.224942 15.649523 0.11785539 0.059124525 2.939026 0.5
17.21799 6.8806837 0.14432927 -0.19974109 3.912909 0.5
25.835779 14.63214 0.27284526 0.48194648 3.115045 0.5
6.0703572 20.129934 -0.34432068 -0.070185787 1.662001 0.5
11.550663 6.4107621 -0.49893179 0.072254544 0.131507 0.5
