# x y vx vy theta radius
15.47473 13.341337 0.37371705 0.9468548 2.7611321 0.5
8.6471317 21.397518 0.57935287 0.080484421 1.764168 0.5
22.009761 12.486975 0.33850724 0.70301542 3.951996 0.5
12.394101 13.270551 0.060406414 -0.106549 4.259518 0.5
20.102203 19.543496 -0.54376752 0.29732868 1.882067 0.5
16.789216 18.686041 0.13581195 0.31491014 0.92276 0.5
11.31268 7.7820076 0.19069083 0.024778792 4.981497 0.5
1.6852164 19.234004 -0.26187215 -0.044375524 0.663689 0.5
13.15845 26.389946 -0.21657323 -0.2476098 4.599871 0.5
4.6358562 7.4373057 -0.065475642 0.80098307 3.315122 0.5
12.497495 17.126814 -0.014147142 -0.15489754 5.224588 0.5
7.6962827 4.8379225 -0.25519312 -0.038689098 4.739779 0.5
19.437984 15.970565 0.87315789 0.53729341 0.624425 0.5
24.295373 22.198951 -0.29608057 0.27206123 0.734434 0.5
21.814379 17.702762 -0.4110568 0.4373864 4.989084 0.5
7.7339409 18.75333 0.49026381 -0.3307476 2.508867 0.5
13.444516 20.680585 0.076364709 -0.12015451 5.939565 0.5
7.4367893 24.912116 -0.38388024 0.19859698 0.028815 0.5
5.0037813 14.432106 0.25394701 0.083269018 3.449449 0.5
9.5498451 6.2887358 -0.22512094 -0.014821757 0.592282 0.5
9.6934041 20.270539 0.19619145 0.25831122 6.045768 0.5
7.3716066 3.7251997 0.089315818 -0.13471043 0.890473 0.5
3.9570433 18.360084 0.76316203 -0.0645899 2.353219 0.5
4.4801556 19.435373 0.12218749 0.14881144 1.672869 0.5
18.996866 7.8615657 0.29213871 -0.10656491 4.21507 0.5
23.5668 12.048631 -0.18111666 -0.18772054 0.4829 0.5
7.8069584 8.5350696 0.10044501 -0.26891673 6.274711 0.5
15.670133 25.012941 0.10452409 0.14945199 1.301021 0.5
21.393649 23.197104 -0.33181994 0.31300593 3.538852 0.5
11.225181 24.054087 -0.19213534 0.78170472 1.72413 0.5
17.079154 7.9941019 -0.42752825 0.62909851 0.779811 0.5
17.926384 22.750979 -0.40077408 0.5018221 1.209651 0.5
18.174496 15.213938 0.31543729 0.67288111 5.377079 0.5
4.1437991 15.467916 -0.13864384 -0.1119378 3.122843 0.5
12.526338 21.852202 0.067654705 0.44885896 4.105439 0.5
9.2591541 9.7810263 -0.16180202 -0.14391817 2.246795 0.5
11.232233 13.512823 0.053106601 0.50496779 3.468535 0.5
22.961945 6.3198487 0.030860655 -0.097094521 5.532293 0.5
15.248649 7.9811577 0.18961389 -0.012950903 0.531572 0.5
13.575938 3.0576936 0.02526811 0.31614347 5.261584 0.5
1.0749401 11.30771 0.28382644 -0.29107392 0.040113 0.5
22.481103 23.592498 -0.1153153 0.37615753 4.576591 0.5
1.9270062 15.746974 -0.35184937 -0.31190714 0.209824 0.5
7.8143643 12.794821 -0.22579054 -0.18672934 1.770879 0.5
14.872568 20.174901 0.068820557 0.29918007 4.791815 0.5
13.914078 7.0844224 0.39413644 -0.44496006 2.522673 0.5
23.704962 23.265199 0.25160015 0.37987772 3.232151 0.5
17.819844 1.6552748 -0.29322854 0.78653416 0.943125 0.5
15.380129 14.451447 0.091832129 -0.74146778 1.031271 0.5
7.2664294 6.6550366 -0.4143712 0.38159421 1.523797 0.5
14.643178 16.960838 -0.49385567 0.28905456 1.787492 0.5
16.387525 21.006062 -0.090414754 0.35350861 3.056837 0.5
10.954599 19.568285 0.34139246 -0.2894758 3.332967 0.5
25.988595 11.960538 0.025545395 0.085800322 3.889918 0.5
21.407581 6.4677762 0.31667442 0.49094609 1.775857 0.5
13.000192 0.79275652 -0.38359934 -0.45215755 4.33857 0.5
18.196762 13.663711 0.33071695 0.15668112 2.652322 0.5
21.246993 3.8673329 -0.36712867 -0.018642237 1.360759 0.5
2.6347338 10.088849 -0.35602935 0.29263033 1.350476 0.5
22.586553 18.808025 -0.12818463 0.037375572 3.139709 0.5
21.894495 4.9457342 -0.16528531 -0.22810341 3.877928 0.5
16.646233 9.1432602 0.80037465 -0.067549901 4.111005 0.5
3.4636346 13.07505 0.36437062 0.11814772 4.354529 0.5
8.5580792 22.51224 0.28246231 0.11800641 1.958136 0.5
10.888415 25.083552 0.48949156 0.25007542 1.935129 0.5
4.9529928 4.0673227 0.29377021 -0.026844819 0.983243 0.5
8.449736 10.748198 -0.69289503 -0.33698313 4.524452 0.5
8.6038182 14.006938 0.3540356 0.2944602 4.628506 0.5
10.055425 11.311038 0.25579865 -0.01392576 4.619789 0.5
15.460167 10.263451 0.20218006 0.1990068 6.246698 0.5
1.3756607 12.873702 0.15232978 0.26936175 2.597917 0.5
17.439327 16.202903 0.059914847 0.20261126 5.540445 0.5
18.762685 2.2231552 0.096085961 0.057075802 1.135786 0.5
16.545552 25.816405 0.15519324 0.098657769 0.649744 0.5
5.9495322 22.484564 0.23086321 0.14572991 4.647872 0.5
17.795592 9.6115036 -0.39700955 0.092483377 3.116928 0.5
17.208362 23.868568 -0.38526002 -0.11918233 1.058365 0.5
20.776553 18.315039 -0.59334467 0.18242274 1.223223 0.5
13.635739 21.752915 0.49636297 0.19325526 6.185729 0.5
12.893828 16.115232 -0.004499101 0.085039285 5.03693 0.5
8.4561763 20.253407 -0.3389927 -0.56590288 0.158334 0.5
26.234699 14.430233 -0.10065393 0.00074386076 0.09489 0.5
23.179959 21.091298 0.062614517 -0.27519556 3.182579 0.5
20.247032 8.9513235 -0.072420527 0.14907799 5.999337 0.5
17.170089 5.1157079 -0.12521322 -0.022207105 0.712677 0.5
18.27396 6.2969947 -0.2029436 0.18060176 1.70588 0.5
9.6902733 14.413784 -0.43765601 -0.085654681 5.092516 0.5
25.135205 21.175214 0.028733344 0.10182844 0.506989 0.5
18.890005 26.357552 0.21061581 0.22309009 4.452103 0.5
20.559058 24.336736 0.26941381 0.028879374 3.429354 0.5
16.700522 14.098799 -0.22853803 0.30329513 5.942963 0.5
18.272062 4.3990293 0.36012841 -0.51267923 2.062723 0.5
22.388529 11.269711 0.088790593 0.28728895 2.598321 0.5
5.4683135 18.068294 -0.45300937 -0.54480934 6.159219 0.5
18.987929 20.57093 0.40991119 -0.68439829 1.488917 0.5
11.93154 1.3705951 -0.066943845 0.059590244 1.927238 0.5
11.89224 5.301952 -0.36858334 0.35406207 3.98558 0.5
11.127214 17.703836 0.43521359 -0.11678436 3.515453 0.5
4.4065314 17.030287 0.012648108 0.12503747 3.362574 0.5
11.456546 16.638408 0.11655816 0.75759806 2.617045 0.5
24.351509 13.142291 -0.30682744 0.06240059 4.416501 0.5
27.340493 14.436019 -0.10955396 0.60902225 2.357123 0.5
12.98346 14.899918 -0.37865558 0.25608804 0.027213 0.5
26.074617 19.313244 0.44569326 0.47295661 3.270335 0.5
9.4427952 24.024772 -0.054809489 -0.090580739 5.133302 0.5
14.431247 24.14618 0.51261504 -0.04111535 4.163048 0.5
25.464721 17.155853 -0.31206969 -0.073562801 3.93618 0.5
12.398341 24.992756 0.21780034 0.25306478 5.951127 0.5
10.382221 9.295569 0.19476037 -0.6467062 4.082451 0.5
4.1804502 8.8813623 0.23688384 0.069617356 1.780305 0.5
11.973843 20.653674 0.31490548 0.91417207 2.847882 0.5
4.9634341 6.1693552 0.4715425 0.13201589 1.767937 0.5
5.4154879 16.482094 -0.033129414 -0.12097428 0.00135 0.5
11.530803 15.18393 -0.64149118 0.43816989 5.312468 0.5
6.727002 15.277011 -0.14496351 -0.24896034 0.320289 0.5
20.435388 2.7648479 0.31244849 0.48330357 0.581132 0.5
19.778096 21.584242 0.11936211 -0.02678967 3.087421 0.5
25.521772 12.931404 0.14970483 0.16705542 3.560403 0.5
7.0468954 13.608062 0.19185324 0.52660515 0.555117 0.5
15.59614 16.31643 0.11426606 0.29067414 6.220608 0.5
23.640378 19.661908 -0.40228876 0.06947343 5.652715 0.5
9.6984309 26.501617 -0.16386332 -0.25576561 0.827952 0.5
1.7859765 14.330355 0.18660067 -0.21373811 1.054048 0.5
19.100346 11.5055 -0.19258872 0.19080667 0.319962 0.5
13.00776 12.148783 0.51093111 -0.17444144 2.464344 0.5
25.478828 7.618467 0.034045878 0.033691748 3.780782 0.5
5.6150185 20.953972 0.37656331 0.3226063 0.745414 0.5
0.73668231 15.516601 0.34125171 -0.03379883 3.348875 0.5
23.025959 10.069627 0.11070402 -0.081442677 5.365761 0.5
20.751782 7.671334 -0.41651445 -0.012303895 0.445642 0.5
3.000182 14.491679 0.31710808 -0.037589238 2.979068 0.5
16.272532 1.3565303 0.10084798 -0.39416255 2.813895 0.5
2.3673887 7.584466 -0.68951241 -0.29965246 4.039246 0.5
24.21711 7.1456161 0.26677005 -0.48807771 4.602055 0.5
9.6431696 8.3981402 0.029822596 0.23248325 1.676583 0.5
11.182338 26.147617 -0.025473632 0.4480895 1.207935 0.5
26.977626 11.13809 -0.17156484 -0.40499013 6.164191 0.5
9.8638326 2.7674369 -0.27047298 0.71287148 1.491784 0.5
22.094806 7.3539376 0.50027263 0.5155386 6.269379 0.5
3.9530717 10.161666 -0.18301392 0.54379107 0.35856 0.5
6.2705153 24.671287 0.20232822 -0.03356622 0.326238 0.5
15.058014 18.548947 0.023080787 -0.1544426 1.608548 0.5
19.22847 18.225712 0.74100422 -0.12288375 2.616667 0.5
27.205273 16.174105 -0.28614323 0.011178086 0.410672 0.5
23.374499 13.738445 0.24993872 0.036733251 3.210668 0.5
23.245671 4.4272724 -0.46640457 -0.15417262 0.309541 0.5
7.7629349 15.70018 -1.0309689 -0.16678279 1.761874 0.5
17.841481 18.51661 0.4758973 0.5418204 4.731547 0.5
15.217072 6.3892662 0.36627462 -0.1631523 0.313065 0.5
6.3278559 4.5993721 -0.43616976 0.072589617 0.087229 0.5
4.5642284 23.332115 0.38052291 0.19598605 5.713071 0.5
21.315041 9.2928999 -0.049103456 -0.52188134 0.34983 0.5
20.722121 11.555613 -0.14016316 0.27216193 2.015368 0.5
19.67505 13.860716 0.28170457 0.50358617 0.42176 0.5
18.36432 12.521926 0.46403299 -0.27906547 5.580866 0.5
11.422175 10.780538 0.091345285 -0.47354033 4.066321 0.5
11.017049 2.8659204 0.63926575 0.057133393 5.863794 0.5
25.378365 10.960092 -0.028578938 -0.23098687 5.355125 0.5
7.5785062 17.210321 0.083208368 0.012203342 5.404824 0.5
11.06837 6.6543636 0.18907261 -0.28610383 1.361005 0.5
17.632043 26.461514 0.14461944 0.083427657 5.19755 0.5
6.3306824 5.6569047 0.35287387 0.50368702 5.853071 0.5
16.52264 26.924429 0.33312492 0.60952143 2.830697 0.5
13.249029 8.0666187 -0.40327593 0.79275921 3.251414 0.5
14.44847 1.8803782 0.0053705327 -0.24039036 3.305262 0.5
9.377503 13.169144 0.029363608 -0.075608464 3.841898 0.5
17.560766 21.040818 -0.061985383 0.21748034 4.917041 0.5
23.901987 8.9391304 -0.11545034 0.12814382 1.726803 0.5
14.564544 5.4520582 -0.054016567 0.3372835 2.534849 0.5
1.6315856 17.15315 -0.20383998 -0.35731895 1.985571 0.5
21.588249 24.870124 -0.061916554 0.43615092 5.636684 0.5
17.860682 7.3320146 0.48419824 -0.25061377 0.642493 0.5
14.20267 25.436587 -0.047561101 0.22377628 5.796573 0.5
19.862134 3.7971886 0.094619524 -0.42388927 4.738871 0.5
10.684521 22.973581 -0.32644436 0.52398554 1.568073 0.5
13.936173 19.31181 0.034170274 0.033027862 2.749741 0.5
15.730541 12.12825 -0.39265792 -0.15634019 1.171823 0.5
24.140359 10.909373 -0.032955418 -0.42637031 2.226958 0.5
20.653226 13.327914 -0.39236591 0.29303486 1.548545 0.5
19.909574 17.07171 -0.36802913 -0.20215497 3.653333 0.5
6.6837758 18.238666 -0.24387555 0.26891627 4.394256 0.5
4.9923997 12.42925 0.23102689 -0.26769539 0.605652 0.5
3.8217528 11.370482 -0.30454752 0.14214479 3.106146 0.5
13.508161 10.611756 0.21582816 0.2037847 3.095002 0.5
7.2196881 20.827522 0.45864348 -0.39277541 1.841384 0.5
13.510674 23.194497 0.084918136 0.15474341 6.034028 0.5
9.3975987 25.276495 0.3150931 -0.6251191 1.857551 0.5
15.038603 22.825731 -0.40537872 -0.35435619 1.702664 0.5
8.9197066 19.152628 0.22769261 0.053645092 1.16125 0.5
23.572147 17.70344 0.026794046 0.25683902 4.720586 0.5
16.690016 15.205948 0.58582713 -0.32933475 0.205718 0.5
17.359292 24.999716 0.32662099 0.25773512 5.820667 0.5
17.304731 12.976989 -0.20134913 0.34736098 3.894129 0.5
3.4541046 22.341839 -0.01851103 0.10035563 3.074393 0.5
12.234381 2.7976625 -0.45067467 -0.39657878 0.467747 0.5
24.699729 18.076367 -0.38473911 0.18032031 5.60533 0.5
16.105974 22.384651 0.53303203 -0.11589907 6.227367 0.5
21.528753 14.634104 0.66605734 -0.039411456 5.177094 0.5
21.235035 19.493275 0.34360712 0.3365 0.203779 0.5
10.263826 12.474213 0.2247214 0.023881441 6.095105 0.5
24.881721 20.096598 -0.2361128 -0.55096849 5.150288 0.5
10.007452 21.396874 -0.02722917 0.021127095 3.059892 0.5
19.642524 12.589689 -0.4852328 -0.14808972 3.692189 0.5
20.759575 22.280372 -0.75402547 -0.6455731 3.246869 0.5
19.685842 6.8213396 -0.024009557 0.10293302 2.032293 0.5
21.137019 20.684388 -0.21566379 0.46300478 6.136396 0.5
7.384694 23.625731 -0.14773041 0.30654916 4.563161 0.5
20.217468 5.0909666 -0.027302888 0.75548074 5.916686 0.5
6.2453686 9.153468 0.61539074 -0.07613299 1.344992 0.5
19.069478 9.2104383 -0.21749974 -0.54950464 3.633442 0.5
19.4305 23.718187 0.090917093 0.21166546 2.78777 0.5
24.69638 11.864172 0.020616358 0.15166639 1.483056 0.5
22.50406 20.153679 -0.42762389 0.22401137 0.879468 0.5
14.069155 14.440054 -0.49740232 0.89651188 4.923104 0.5
5.957757 23.533945 0.047935214 0.19792293 5.350229 0.5
10.102924 1.1737872 0.18257758 -0.10469623 1.508644 0.5
8.3507249 25.79238 0.41488634 -0.14801422 4.32761 0.5
24.664884 15.19452 -0.092386309 0.16013612 1.3724 0.5
13.114161 18.454621 0.052445208 0.038295099 2.64206 0.5
19.878781 25.814984 -0.16168115 -0.54834378 2.466218 0.5
21.907105 16.588293 -0.4013527 -0.068357055 0.69625 0.5
6.1792584 12.932375 -0.62856374 -0.091252075 0.502972 0.5
16.721824 17.15177 0.11531252 -0.89068477 4.066135 0.5
8.3307757 24.249896 0.21635568 -0.37185101 3.026607 0.5
4.1639893 5.0111432 0.60272615 -0.17156829 6.171553 0.5
26.105731 8.5028649 -0.1943404 -0.10029015 3.767955 0.5
12.146819 27.142502 0.15347073 0.1042107 5.349705 0.5
22.859923 15.962358 -0.44580127 -0.059166951 3.28374 0.5
26.788338 17.937502 -0.40516581 -0.48546768 1.964272 0.5
13.072514 9.2033809 0.050532681 0.11158977 1.170799 0.5
22.694585 8.6293656 0.46841241 0.19989604 0.802835 0.5
9.9030059 15.605291 -0.050775833 0.18423114 5.063896 0.5
27.012398 12.903024 0.041643279 0.028392491 2.243796 0.5
24.93727 9.6893325 0.078774735 0.57057412 5.270568 0.5
18.002654 10.737869 -0.066558685 0.15067741 5.757172 0.5
10.268801 5.3489792 0.47693851 -0.36544754 5.271397 0.5
23.478723 14.835396 0.22713614 -0.099548421 3.151318 0.5
2.8200476 8.8420337 0.020287238 0.004561637 0.221595 0.5
21.548797 10.589568 0.28354514 0.2350741 1.510648 0.5
6.4621468 16.825073 -0.096754566 0.39392831 5.29405 0.5
3.4126259 16.591272 0.25246033 0.063794575 2.737677 0.5
15.048602 21.707194 -0.21034414 0.33267562 4.134415 0.5
9.2442621 7.2864939 0.030738356 -0.36880379 1.432456 0.5
11.454783 21.622768 -0.044570972 0.35050651 2.840655 0.5
1.7124077 9.0180671 -0.14928298 0.5163823 2.899005 0.5
9.8366565 17.910915 -0.09439957 0.26783233 4.137855 0.5
22.181545 21.548292 0.15314404 0.14618379 1.992807 0.5
18.492578 16.519709 -0.61460087 0.09598652 0.375558 0.5
5.6350732 19.826027 -0.37554168 0.1168308 0.629977 0.5
14.201954 26.684427 -0.21906431 0.040336735 5.301885 0.5
6.0755578 10.211607 0.14894799 0.089182038 1.197725 0.5
9.5431379 4.0866069 -0.21784906 0.17827925 2.939026 0.5
19.042366 22.403784 0.031554926 -0.5141948 3.912909 0.5
24.045377 5.1485939 0.046737596 -0.049782116 3.115045 0.5
26.238162 15.663757 -0.28385136 0.15994875 1.662001 0.5
15.932732 23.900657 -0.74224816 0.2389668 0.131507 0.5
