# x y vx vy theta radius
20.675897 15.829498 -0.47819283 -0.79260666 4.5223314 0.5
3.2184117 19.341728 -0.4364779 -0.17423533 1.764168 0.5
23.33705 17.698478 -0.46293102 0.60898824 3.951996 0.5
5.2070084 8.8705451 -0.20919989 0.0097522765 4.259518 0.5
5.7250154 14.92989 -0.076180417 0.14180856 1.882067 0.5
16.366388 13.24441 0.097526163 -0.52501426 0.92276 0.5
16.671042 22.939837 0.25570622 -0.29688696 4.981497 0.5
18.592683 24.160989 -0.93159612 -0.17358862 0.663689 0.5
3.1446477 6.8845482 0.2558521 -0.056029609 4.599871 0.5
8.9303139 8.4447581 0.019190439 -0.23120269 3.315122 0.5
16.86721 25.806053 0.50315991 -0.3546053 5.224588 0.5
14.122077 9.8594434 -0.22014412 0.10340915 4.739779 0.5
19.17614 4.6964333 0.09862518 0.47856996 0.624425 0.5
6.7220827 11.910479 -0.37351371 0.20453028 0.734434 0.5
11.305787 2.3498171 -0.20208756 0.25161362 4.989084 0.5
7.1405456 14.212747 -0.065068951 -0.18182469 2.508867 0.5
8.9365206 6.8889642 -0.24576649 -0.37040973 5.939565 0.5
6.2881198 8.9582635 0.1329716 0.26165683 0.028815 0.5
17.179787 15.969013 -0.72356857 -0.028323614 3.449449 0.5
8.0166858 5.3273737 -0.3612587 0.31240946 0.592282 0.5
5.6942177 4.4115169 0.16601729 -0.039840387 6.045768 0.5
15.968473 7.53293 0.36357071 -0.28980938 0.890473 0.5
3.9438854 10.643528 -0.055029225 -0.20005132 2.353219 0.5
7.0348283 20.781911 -0.53977769 -0.13891904 1.672869 0.5
14.548465 3.4578296 0.38173995 0.012910742 4.21507 0.5
1.4467831 9.6117048 -0.046711431 -0.4951487 0.4829 0.5
11.627026 22.605604 -0.091031953 -0.56402369 6.274711 0.5
9.6327315 9.4053127 -0.23738211 -0.46732362 1.301021 0.5
1.9055918 15.013496 -0.1568493 0.33870475 3.538852 0.5
3.5160881 13.247688 -0.19694914 -0.33692536 1.72413 0.5
23.761873 21.559061 0.042028341 0.045734582 0.779811 0.5
3.9397193 9.2048673 0.061286894 -0.0365331 1.209651 0.5
11.123543 20.907113 0.12757809 0.24296729 5.377079 0.5
16.155209 2.9022647 -0.13826294 -0.050357812 3.122843 0.5
2.040685 10.798169 -0.24654926 -0.29653833 4.105439 0.5
7.7031377 2.9904785 -0.25950247 0.62925267 2.246795 0.5
1.2669118 16.471274 -0.57048336 -0.0046190573 3.468535 0.5
12.395884 2.1862101 0.077987082 0.10179156 5.532293 0.5
26.835422 13.554789 0.29934019 -0.026412201 0.531572 0.5
10.5341 18.543679 -0.5282316 -0.65647949 5.261584 0.5
15.602148 13.994608 0.1280989 0.26407381 0.040113 0.5
14.530605 5.650938 -0.68551647 0.25807247 4.576591 0.5
6.6991498 6.4172925 0.22541091 0.23990842 0.209824 0.5
12.103808 14.307075 0.30546596 0.0096595596 1.770879 0.5
26.651917 12.319338 0.0059288444 0.9331006 4.791815 0.5
18.978915 22.7827 0.078331257 -0.3138416 2.522673 0.5
8.3052508 21.465823 -0.35578022 -0.28520679 3.232151 0.5
13.988795 21.649825 -0.93798099 -0.0059422215 0.943125 0.5
13.31642 14.116633 0.16516635 -0.56154486 1.031271 0.5
14.834157 24.759884 -0.31938149 -0.11005899 1.523797 0.5
11.283603 3.8782338 0.25869699 0.39099832 1.787492 0.5
19.721477 10.46201 -0.39184937 0.20310131 3.056837 0.5
25.967086 9.9486212 -0.30405333 -0.35741332 3.332967 0.5
23.2735 13.402982 0.30187325 0.43956753 3.889918 0.5
23.257048 6.1131559 -0.18845434 -0.50829442 1.775857 0.5
20.464989 14.701404 0.46843795 0.15839537 4.33857 0.5
8.5262441 24.468565 -0.36338854 -0.10000419 2.652322 0.5
26.177903 14.953311 -0.14449655 0.75629225 1.360759 0.5
12.389113 24.231128 -0.14689071 -0.099861413 1.350476 0.5
16.215286 24.889871 -0.20327021 -0.02151494 3.139709 0.5
3.0321302 20.837309 -0.22382536 -0.003434238 3.877928 0.5
15.277588 25.750035 0.012957725 -0.14223286 4.111005 0.5
21.544936 6.1066566 0.10485095 0.69139254 4.354529 0.5
2.3679851 16.221874 0.03133442 -0.06176065 1.958136 0.5
7.5299191 19.304667 0.0013318678 0.021046528 1.935129 0.5
12.984114 9.0658303 -0.10847035 -0.60015494 0.983243 0.5
7.0284313 9.8441314 0.1838501 0.080821284 4.524452 0.5
4.2226954 20.310593 0.10997844 0.085659294 4.628506 0.5
15.77761 18.341913 -0.38485334 -0.20069789 4.619789 0.5
4.9029999 12.996949 -0.10396528 -0.095795705 6.246698 0.5
13.17927 5.8542092 0.11121695 0.28948934 2.597917 0.5
18.930567 20.084801 0.20705109 -0.093751135 5.540445 0.5
18.154557 12.49221 0.16761865 -1.262413 1.135786 0.5
27.299347 14.837832 0.065657527 0.40973689 0.649744 0.5
12.880333 3.534855 -0.081430889 -0.031255507 4.647872 0.5
25.305217 12.497737 -0.17782957 0.13711957 3.116928 0.5
13.286454 17.341764 -0.20708741 -0.31890799 1.058365 0.5
20.668232 2.3435087 -0.017155375 0.057843074 1.223223 0.5
14.737687 27.159335 0.049622403 -0.059994946 6.185729 0.5
8.8481996 3.5061599 0.01853053 -0.27393749 5.03693 0.5
10.843687 16.441922 -0.30501539 -0.26963179 0.158334 0.5
23.140259 23.837272 0.74779881 -0.014821796 0.09489 0.5
25.032484 20.428416 0.11040249 -0.23641388 3.182579 0.5
17.581507 19.111286 -0.095567408 -0.80051194 5.999337 0.5
13.808814 2.1564783 -0.059542461 0.48644986 0.712677 0.5
0.9702967 12.282461 -0.32485726 0.090549834 1.70588 0.5
11.640463 15.637633 -0.036293638 0.1510068 5.092516 0.5
17.28663 24.7853 -0.043261027 -0.15938951 0.506989 0.5
9.9172701 1.9896868 0.22181359 -0.3428677 4.452103 0.5
2.1899901 13.066622 0.19365361 0.11440769 3.429354 0.5
19.914001 11.83163 0.037400654 -0.46207666 5.942963 0.5
23.715613 8.5543343 0.02905462 0.11716795 2.062723 0.5
4.2576476 8.0224192 -0.23232783 -0.19451912 2.598321 0.5
14.770857 20.799993 -0.39327697 -0.57586323 6.159219 0.5
9.2208362 5.8085853 -0.052916823 0.16040455 1.488917 0.5
14.088945 6.8232534 0.22698308 0.33306969 1.927238 0.5
8.6089322 17.303912 -0.38152111 0.090925613 3.98558 0.5
12.885723 22.919108 -0.056163148 0.04095217 3.515453 0.5
5.2248035 16.043525 -0.12129418 -0.11684943 3.362574 0.5
8.8937602 16.1797 0.2927156 -0.67740105 2.617045 0.5
11.294898 19.665865 0.0423813 -0.62806684 4.416501 0.5
13.084272 10.44339 -0.21650086 -0.14172342 2.357123 0.5
8.7321592 19.87551 0.20518992 0.050538942 0.027213 0.5
14.249325 4.5581356 -0.12805586 -0.15302785 3.270335 0.5
23.447631 20.408995 -0.10183254 -0.57594691 5.133302 0.5
7.0610247 16.055844 -0.45855337 -0.049974797 4.163048 0.5
0.83428591 14.098969 0.010493102 -0.32096816 3.93618 0.5
19.185146 2.3967314 0.21831258 0.27088021 5.951127 0.5
17.404 6.4369626 -0.05692277 -0.060458603 4.082451 0.5
12.388984 12.685013 0.013573221 0.17688685 1.780305 0.5
2.8762027 14.51718 -0.2098126 -0.11156516 2.847882 0.5
3.8286993 17.957038 -0.31045595 -0.20412776 1.767937 0.5
20.338964 3.8641141 -0.44615923 0.20756419 0.00135 0.5
10.684022 21.956648 0.23461729 -0.11525928 5.312468 0.5
22.832512 9.1385604 0.35895712 -0.14600526 0.320289 0.5
2.3485763 8.2857124 -0.38178526 -0.094414928 0.581132 0.5
17.808302 4.4683838 0.55304396 -0.15935377 3.087421 0.5
5.2504683 23.613591 -0.18011645 0.31826126 3.560403 0.5
2.2990182 18.549271 -0.3381229 -0.056499577 0.555117 0.5
19.438669 25.902025 -0.046826054 -0.32775566 6.220608 0.5
15.869992 9.1590483 -0.28497109 0.037244555 5.652715 0.5
7.379015 10.970309 -0.046143107 0.56418626 0.827952 0.5
19.321326 19.060848 0.1629241 -0.067443689 1.054048 0.5
19.203668 7.2251457 -0.12281328 0.39444904 0.319962 0.5
24.604812 17.903503 -0.62953399 0.26197059 2.464344 0.5
25.511 7.315206 -0.048461154 0.1805464 3.780782 0.5
8.2492664 18.450572 0.24853935 0.068655136 0.745414 0.5
21.876155 15.307013 0.93377087 -0.25453992 3.348875 0.5
21.849595 7.2317343 -0.3396317 0.18961251 5.365761 0.5
5.8775358 7.713267 0.39086223 0.28324005 0.445642 0.5
10.206556 17.413896 -0.34240605 -0.093395379 2.979068 0.5
19.014657 8.4642886 0.33733358 -0.02784695 2.813895 0.5
4.8843158 19.111557 0.1947242 -0.0066079848 4.039246 0.5
25.890076 18.854628 -0.22036997 0.49301425 4.602055 0.5
17.256992 8.9838188 -0.0402353 -0.65723748 1.676583 0.5
16.700501 1.3225499 0.60376868 0.30157285 1.207935 0.5
6.6646375 18.064512 -0.26193943 0.3045557 6.164191 0.5
16.307258 17.001981 0.13730939 0.04874872 1.491784 0.5
23.160699 19.315492 0.33819663 -0.4990868 6.269379 0.5
5.1724944 10.006394 -0.14237021 -0.22438345 0.35856 0.5
23.817486 10.016603 0.10217331 0.37347975 0.326238 0.5
9.6837938 13.648005 0.35398989 0.70226426 1.608548 0.5
6.4742749 13.081034 -0.24055273 0.067678047 2.616667 0.5
10.761074 24.121713 0.2222819 -0.21847815 0.410672 0.5
6.1438989 24.561073 -0.20381505 0.45396761 3.210668 0.5
4.2833293 6.9275179 -0.224944 -0.11204896 0.309541 0.5
2.7627437 9.3157591 -0.1731483 -0.12047429 1.761874 0.5
23.000611 11.208089 -0.17120594 0.11384594 4.731547 0.5
17.569732 14.110054 -1.04852 -0.013760467 0.313065 0.5
16.068931 5.1605197 -0.56968105 -0.58102617 0.087229 0.5
22.675771 5.0879666 0.64951895 0.10162191 5.713071 0.5
11.685964 18.617161 0.255427 0.481412 0.34983 0.5
19.674632 24.736719 -0.066790185 0.28174036 2.015368 0.5
13.885482 23.830919 -0.16284911 0.088576458 0.42176 0.5
18.855827 6.1753878 -0.10669292 0.30164724 5.580866 0.5
14.977673 2.0286674 0.327485 -0.13612275 4.066321 0.5
7.5230451 8.5069934 -0.64400617 -0.24296636 5.863794 0.5
9.5780046 26.66627 0.21464669 0.094646113 5.355125 0.5
9.4226696 18.511463 -0.094949927 -0.22601829 5.404824 0.5
10.111513 3.5573194 0.071411153 0.26265017 1.361005 0.5
5.6686877 17.468294 0.26853732 0.081948276 5.19755 0.5
5.4117649 5.8455969 0.080156768 -0.12841493 5.853071 0.5
5.7519871 22.215282 -0.13291636 -0.038546043 2.830697 0.5
14.465815 14.591565 0.16339002 -0.19191271 3.251414 0.5
9.96267 22.761227 0.096204491 0.29702054 3.305262 0.5
8.744968 12.009147 0.19955487 -0.05436945 3.841898 0.5
10.448407 15.151498 0.043211969 0.24760349 4.917041 0.5
11.382889 8.2980452 -0.43365471 0.050087237 1.726803 0.5
22.209524 20.227043 0.49716092 0.23863467 2.534849 0.5
15.445635 4.2167735 0.23057416 0.18438445 1.985571 0.5
12.019596 10.82467 0.043817017 0.06533733 5.636684 0.5
20.615494 19.34657 0.43645908 -0.099913853 0.642493 0.5
21.522437 10.375429 0.12032827 0.57014452 5.796573 0.5
22.860781 14.855105 0.062249786 0.22372998 4.738871 0.5
2.525438 12.004403 -0.037270729 -0.28044299 1.568073 0.5
15.535175 19.424658 0.12038431 0.16684584 2.749741 0.5
10.736275 4.9575348 -0.56480221 -0.36275481 1.171823 0.5
11.036572 26.927009 -0.15714731 0.21712844 2.226958 0.5
7.1289228 4.3979215 -0.11620959 0.5858535 1.548545 0.5
10.87614 9.3742117 -0.22565765 -0.097878465 3.653333 0.5
12.726722 7.350635 0.19168164 -0.10991224 4.394256 0.5
17.701304 7.9867898 -0.43988451 -0.64616158 0.605652 0.5
8.1860633 25.92688 -0.041280075 -0.036109514 3.106146 0.5
15.814227 23.614484 0.1214731 0.022234564 3.095002 0.5
14.74563 8.6064752 0.125771 0.08647145 1.841384 0.5
21.952192 19.083704 0.26515595 -0.57909942 6.034028 0.5
22.075345 12.390157 0.065932759 0.20672758 1.857551 0.5
8.8591616 4.6214033 0.38318633 -0.25097546 1.702664 0.5
4.4445197 14.045724 0.096056485 0.50161793 1.16125 0.5
4.4942437 21.459693 0.19193283 -0.23486627 4.720586 0.5
12.696755 26.778405 0.15763531 0.090643079 0.205718 0.5
12.414422 4.6432654 -0.15189898 -0.026433732 5.820667 0.5
9.099539 14.703649 -0.19993578 0.33539298 3.894129 0.5
18.234225 2.9495423 0.15999893 -0.41244489 3.074393 0.5
15.800036 11.178833 0.059991547 -0.39190814 0.467747 0.5
21.002545 22.008196 -0.22503009 0.065928342 5.60533 0.5
26.522762 16.271797 0.29411078 0.5777123 6.227367 0.5
25.508196 13.883686 -0.014908209 0.64814411 5.177094 0.5
14.393171 16.037888 0.12077656 -0.14828498 0.203779 0.5
27.007932 17.442828 -0.37253145 -0.22342632 6.095105 0.5
11.813316 6.2667389 0.33096774 0.35461655 5.150288 0.5
16.007363 15.34286 0.087416115 0.17169421 3.059892 0.5
13.113188 15.194501 -0.019169717 0.089402867 3.692189 0.5
9.5386193 10.602052 0.34062241 0.36683096 3.246869 0.5
10.855461 11.707257 0.19080087 -0.11296066 2.032293 0.5
18.287607 11.28066 -0.083737631 0.047425495 6.136396 0.5
19.858809 23.507373 -0.13087488 0.35119436 4.563161 0.5
23.086723 22.622793 0.094745217 -0.36755609 5.916686 0.5
4.6227058 16.975869 0.36485498 -0.20059923 1.344992 0.5
6.4878209 3.2720559 -0.45668767 0.35158132 3.633442 0.5
6.116004 10.728378 -0.069335041 0.023673431 2.78777 0.5
3.6351731 12.171147 -0.19963989 -0.16113499 1.483056 0.5
22.474083 16.437055 0.014930523 -0.48477011 0.879468 0.5
20.209203 6.3338459 0.38203623 0.49264328 4.923104 0.5
4.5903044 15.126962 -0.11555492 -0.43505489 5.350229 0.5
12.533822 21.708209 0.36678677 -0.052261063 1.508644 0.5
16.230994 20.998241 -0.057039155 -0.087976789 4.32761 0.5
10.640032 7.1541178 0.13942551 -0.64439539 1.3724 0.5
17.185162 11.010665 -0.63829745 -0.48972953 2.64206 0.5
7.1881657 25.17383 -0.12725587 0.27396902 2.466218 0.5
12.899585 25.664507 0.017240109 -0.40421513 0.69625 0.5
7.2721562 22.13952 -0.36283266 -0.45429292 0.502972 0.5
5.9927692 19.15918 -0.010978927 -0.17771902 4.066135 0.5
16.994136 26.974055 0.26570953 -0.1820411 3.026607 0.5
26.751023 11.006696 0.13477564 -0.2837954 6.171553 0.5
8.7714395 23.385856 0.40855315 -0.35036736 3.767955 0.5
7.7094478 7.3871018 -0.43989315 0.074146856 5.349705 0.5
23.006964 4.04083 0.13180756 0.24601654 3.28374 0.5
21.370313 17.836502 0.3914827 -0.57177356 1.964272 0.5
5.6861749 21.085317 -0.10834404 -0.13946912 1.170799 0.5
26.355524 8.7808342 -0.1791459 0.44959761 0.802835 0.5
7.7316948 12.625497 0.20862726 -0.025351 5.063896 0.5
10.083328 20.315894 0.14458153 -0.053145169 2.243796 0.5
22.34331 21.65425 0.26746698 0.19701463 5.270568 0.5
12.747974 18.320073 0.10262685 0.35387493 5.757172 0.5
8.7706851 2.3955726 -0.89943617 -0.3551268 5.271397 0.5
14.781034 12.79935 0.48375636 -0.61125482 3.151318 0.5
14.366064 19.393944 0.31353324 0.17191979 0.221595 0.5
15.373753 22.351845 -0.16351482 -0.25186343 1.510648 0.5
1.1119166 17.700823 -0.098796538 0.7274866 5.29405 0.5
18.516501 21.601898 -0.36132497 0.16028994 2.737677 0.5
13.208969 19.348592 0.16254839 0.073305956 4.134415 0.5
17.884701 20.438902 -0.14257269 0.37584709 1.432456 0.5
10.698055 25.261634 0.10106365 0.37204423 2.840655 0.5
21.544893 4.9592614 0.63046075 -0.97574189 2.899005 0.5
4.2412473 23.121466 -0.42701324 0.078762308 4.137855 0.5
3.5263512 16.171509 0.55160128 -0.32016387 1.992807 0.5
18.294284 18.023576 0.012197339 0.081222234 0.375558 0.5
7.3941012 17.230414 0.18885155 0.037001498 0.629977 0.5
13.98053 11.388261 0.53724247 -0.41559964 5.301885 0.5
21.365907 3.3465066 0.098245393 0.53023167 1.197725 0.5
2.0949645 19.675798 -0.28175243 -0.19041666 2.939026 0.5
18.826295 16.993845 -1.0821974 0.19105957 3.912909 0.5
20.237291 7.8063042 -0.64879184 -0.40996554 3.115045 0.5
4.1554403 5.283158 -0.57640308 -0.010931498 1.662001 0.5
25.422196 16.53003 -0.24320651 0.36418248 0.131507 0.5
