# x y vx vy theta radius
3.2939465 13.401437 0.54663975 -0.23654065 3.9270519 0.5
8.6294933 6.5570347 0.40026139 -0.22437464 1.764168 0.5
4.4363239 23.411778 0.37216488 -0.42301484 3.951996 0.5
7.7970912 21.180654 0.20186936 0.036527486 4.259518 0.5
24.823465 15.456876 0.12733755 0.24578727 1.882067 0.5
21.083043 19.310853 -0.51884339 -0.30524506 0.92276 0.5
17.066288 23.89546 -0.34764183 0.33471953 4.981497 0.5
1.6488553 14.124564 0.59262456 -0.078201214 0.663689 0.5
8.1829972 1.9655161 -0.30568933 -0.10959898 4.599871 0.5
15.814625 16.270125 0.23409507 -0.48466733 3.315122 0.5
23.545733 6.7997765 0.0069369738 -0.55375657 5.224588 0.5
24.687247 6.0314373 0.6371456 0.16057085 4.739779 0.5
22.680812 18.176249 -0.52556106 -0.027557554 0.624425 0.5
25.553764 20.108155 0.10085549 -0.14272272 0.734434 0.5
10.658728 25.030429 -0.072577434 0.31153178 4.989084 0.5
26.552629 9.4921297 0.59140349 0.34528007 2.508867 0.5
20.5143 23.561211 -0.22921671 -0.19457764 5.939565 0.5
12.070699 24.431526 0.080380287 -0.37614947 0.028815 0.5
8.657914 14.762117 0.85007295 0.26297591 3.449449 0.5
16.629125 25.838891 -0.054248765 -0.51078797 0.592282 0.5
6.8137789 13.738084 1.051972 -0.77525573 6.045768 0.5
5.3145911 6.2956823 0.4240033 -0.23878435 0.890473 0.5
10.615404 1.9340988 0.090055099 -0.079873002 2.353219 0.5
11.993147 12.747189 0.44038626 0.08145875 1.672869 0.5
24.87923 11.193683 0.30234506 0.35115664 4.21507 0.5
22.05293 6.2162087 0.060722736 0.067951626 0.4829 0.5
9.7939558 7.0013084 0.43727815 -0.62685927 6.274711 0.5
7.7142677 16.855392 -0.097581002 -0.23914081 1.301021 0.5
5.8428505 24.281426 -0.25166507 -0.010663003 3.538852 0.5
26.21473 17.632346 -0.058836027 0.34966978 1.72413 0.5
3.242283 11.172217 0.51196412 -0.67892767 0.779811 0.5
7.902319 3.6460218 0.16353476 0.31177197 1.209651 0.5
3.2811755 19.363229 -0.090924597 0.19429367 5.377079 0.5
5.9183753 4.3468059 -0.51532841 -0.20373324 3.122843 0.5
19.729468 19.362461 0.54837649 0.054960377 4.105439 0.5
7.7962961 10.189649 0.44315881 -0.70413768 2.246795 0.5
13.949879 21.644647 0.38177397 -0.2041453 3.468535 0.5
13.227718 13.260836 0.074921153 -0.39160007 5.532293 0.5
18.73431 8.6627596 0.12794218 0.31708977 0.531572 0.5
11.328279 7.0022066 0.26775638 0.34288481 5.261584 0.5
3.7969388 5.3297792 0.76269704 -0.65850812 0.040113 0.5
23.39801 9.5516654 -0.24695101 -0.3000116 4.576591 0.5
11.163717 10.507059 -0.33099351 0.21912657 0.209824 0.5
19.415505 22.073673 0.055056395 -0.24372444 1.770879 0.5
19.24189 5.3707229 0.34720658 0.030220299 4.791815 0.5
20.241418 7.0525259 0.40387025 0.29967188 2.522673 0.5
14.862736 18.307496 0.13686819 -0.20652951 3.232151 0.5
17.221521 5.3938166 -0.22062572 0.23256803 0.943125 0.5
14.797835 20.742259 -0.052816655 -0.37465179 1.031271 0.5
22.684761 10.892038 0.15919887 0.51868954 1.523797 0.5
20.058475 14.131704 -0.32809209 -0.25768564 1.787492 0.5
7.7929014 18.105001 0.8766964 -0.21663997 3.056837 0.5
17.472917 20.567028 0.40148544 -0.31395973 3.332967 0.5
13.531092 15.089841 -0.37737883 -0.058638485 3.889918 0.5
18.228878 12.53299 -0.47069152 -0.12297918 1.775857 0.5
0.98441826 11.221578 -0.077336271 0.61380493 4.33857 0.5
6.2838357 9.4205085 -0.31583151 0.43597201 2.652322 0.5
12.63659 3.2404629 -0.30204533 0.016942105 1.360759 0.5
21.379247 18.142903 0.3131191 -0.40127054 1.350476 0.5
6.8996076 24.869881 0.19360877 0.2394789 3.139709 0.5
24.952692 9.6057667 -0.065425672 0.11022663 3.877928 0.5
22.877484 20.574674 -0.25181836 0.24318466 4.111005 0.5
15.958253 13.516217 -0.30041314 0.23671334 4.354529 0.5
14.548906 25.164907 0.35313661 0.079791344 1.958136 0.5
10.154042 26.536526 0.041316029 -0.1004268 1.935129 0.5
11.824599 4.1149296 -0.30389167 -0.30372332 0.983243 0.5
13.331829 10.362733 -0.74279558 0.051644777 4.524452 0.5
25.35769 8.3701402 -0.043845834 -0.028994386 4.628506 0.5
21.766571 21.13659 0.10707642 0.041477924 4.619789 0.5
22.063948 13.015656 0.32410832 -0.29022206 6.246698 0.5
11.207476 23.275718 -0.46879532 -0.40405662 2.597917 0.5
12.460866 21.23669 0.46435244 0.21813558 5.540445 0.5
19.184842 20.909385 0.079454011 0.053007965 1.135786 0.5
4.106502 6.420095 0.81313955 0.13134478 0.649744 0.5
2.6782586 8.4884567 0.44734012 -0.26375615 4.647872 0.5
19.967861 3.9997107 -0.048014894 -0.20123757 3.116928 0.5
7.9205878 7.3765463 -0.5618664 -0.54956958 1.058365 0.5
13.435829 1.5633546 0.0093340848 -0.26795358 1.223223 0.5
11.6623 1.5383731 -0.31402337 -0.3161967 6.185729 0.5
13.000539 26.977101 -0.11068801 -0.13054895 5.03693 0.5
9.3572849 23.7072 0.10676671 0.028545835 0.158334 0.5
22.375813 14.495211 0.24598178 -0.21663294 0.09489 0.5
15.70771 8.2923528 -0.41668916 -0.15389244 3.182579 0.5
11.690036 22.272636 -0.11608686 -0.28739875 5.999337 0.5
9.2207217 20.550536 -0.16183675 -0.11944771 0.712677 0.5
8.476149 11.091047 0.61158146 -0.62630191 1.70588 0.5
15.749912 22.319859 0.44180567 -0.15881607 5.092516 0.5
10.972644 15.430958 0.27060432 -0.2865436 0.506989 0.5
24.800165 16.898137 -0.19280453 -0.64475665 4.452103 0.5
15.566844 5.6334798 -0.029380928 0.14884067 3.429354 0.5
13.440317 25.476481 -0.079144289 0.35175027 5.942963 0.5
6.6442032 23.37828 -0.43475077 -0.32065768 2.062723 0.5
22.480573 3.9352513 -0.1117199 0.40381549 2.598321 0.5
9.7051763 9.3722698 0.09295713 0.93365587 6.159219 0.5
9.3769983 4.402434 -0.15392038 0.32004597 1.488917 0.5
12.564123 17.418016 0.45822221 -0.39444872 1.927238 0.5
18.296011 10.882543 0.29698354 0.086913092 3.98558 0.5
17.106107 4.033571 0.16413762 -0.90252112 3.515453 0.5
16.99882 10.65235 -0.21833853 0.032332173 3.362574 0.5
12.517065 14.221873 0.29805546 0.26162075 2.617045 0.5
25.169776 21.173768 0.53234568 -0.21301518 4.416501 0.5
16.432031 1.6235869 0.099691692 -0.20309929 2.357123 0.5
15.904295 17.650264 0.038662062 0.25590774 0.027213 0.5
23.044683 5.3224766 -0.31596988 -0.1759232 3.270335 0.5
11.758951 18.822078 -0.80628288 0.20327628 5.133302 0.5
18.638657 19.5399 -0.090684515 -0.40583633 4.163048 0.5
22.13177 17.251559 -0.34507894 0.0021171498 3.93618 0.5
11.311965 13.729126 0.18018966 0.42007829 5.951127 0.5
17.850698 23.078601 0.18916943 -0.29437306 4.082451 0.5
18.324539 24.122682 0.12721995 -0.18374575 1.780305 0.5
22.355176 22.415569 0.31306851 -0.44665572 2.847882 0.5
20.391448 8.2245574 -0.30909875 -0.12081232 1.767937 0.5
23.405207 21.655643 0.41662576 0.13238933 0.00135 0.5
9.4686367 10.423208 -0.55081056 -0.0088618874 5.312468 0.5
3.9563419 9.9861887 0.17355438 0.18005302 0.320289 0.5
11.15675 11.666928 -0.099738765 -0.047522437 0.581132 0.5
7.6832754 12.606018 -0.00093280947 -0.10996724 3.087421 0.5
9.9564573 17.076587 -0.32198739 0.23169807 3.560403 0.5
16.604461 9.0322203 -0.094549382 -0.0029203015 0.555117 0.5
14.046839 8.3308838 0.088624695 0.26846005 6.220608 0.5
9.7363982 13.972208 0.48850776 0.22409837 5.652715 0.5
4.6803235 7.3805782 0.48465444 0.10592888 0.827952 0.5
10.555891 8.6458724 0.15937381 -0.18417737 1.054048 0.5
21.872214 15.783135 0.056787665 0.025856951 0.319962 0.5
22.928571 8.2918985 -0.10664921 0.019121755 2.464344 0.5
23.92026 19.758229 0.025166914 0.11014331 3.780782 0.5
15.297499 19.544945 0.24712616 -0.052473459 0.745414 0.5
18.178791 3.5140335 -0.023533292 -0.12474893 3.348875 0.5
10.151835 11.32155 0.085984154 -0.57665213 5.365761 0.5
19.427582 15.613891 -0.21748572 0.057522276 0.445642 0.5
21.958883 19.974928 0.11633748 -0.016551398 2.979068 0.5
16.328574 2.8077547 0.5685113 -0.33681536 2.813895 0.5
27.302541 15.716541 0.22805195 -0.11424501 4.039246 0.5
9.8429235 15.348837 0.13270163 0.40414322 4.602055 0.5
8.0060491 13.78855 0.18199071 -0.58896473 1.676583 0.5
14.319137 26.503895 0.0084115851 -0.41113488 1.207935 0.5
2.3501122 11.810595 -1.3745121 -1.0979673 6.164191 0.5
8.880738 26.088099 0.23136182 -0.015624001 1.491784 0.5
6.5172193 18.213767 -0.26668851 1.6333008 6.269379 0.5
13.736669 7.1850412 -0.28339128 0.22246544 0.35856 0.5
15.165105 23.589864 0.30634703 -0.43546341 0.326238 0.5
7.1317143 6.4656472 -0.50863965 0.072669029 1.608548 0.5
26.01237 14.393808 -0.11003242 0.19098777 2.616667 0.5
18.068645 21.931057 -0.075855201 0.22211095 0.410672 0.5
8.3421609 24.198473 0.10660643 0.29254946 3.210668 0.5
6.4558045 3.004011 0.18180265 -0.13736896 0.309541 0.5
9.6361643 18.681204 0.037619731 -0.22253124 1.761874 0.5
11.407251 3.0888437 -0.52467095 -0.41289862 4.731547 0.5
24.19437 8.3858161 -0.081377491 -0.29224267 0.313065 0.5
13.551464 4.1418047 0.52205263 -0.31451919 0.087229 0.5
21.928972 7.5662134 -0.065400516 0.42444626 5.713071 0.5
15.982263 24.883662 0.38307533 -0.3291515 0.34983 0.5
27.16574 12.833919 -0.3490859 0.16434705 2.015368 0.5
8.5797808 9.1301758 0.28959275 -0.33132914 0.42176 0.5
10.152933 5.377534 0.069715581 -0.18573854 5.580866 0.5
8.4843562 5.3916528 -0.24046152 0.35390004 4.066321 0.5
25.9985 18.925317 0.42916898 -0.11580622 5.863794 0.5
15.029622 1.9247608 -0.48896503 0.033742838 5.355125 0.5
21.627998 24.559696 0.35018634 -0.26355435 5.404824 0.5
6.2727291 10.515849 0.20336581 0.43069617 1.361005 0.5
9.1071592 2.6519422 -0.17270481 -0.67491752 5.19755 0.5
19.057786 6.7770064 -0.11759682 0.12978471 5.853071 0.5
14.298761 3.2198059 0.31523141 -0.26278454 2.830697 0.5
13.808995 16.873829 0.44586278 -0.052446388 3.251414 0.5
14.884302 16.966527 0.12435846 -0.13052961 3.305262 0.5
15.946683 4.5040771 0.22704228 0.20097558 3.841898 0.5
25.2028 13.421711 0.12550588 0.075701679 4.917041 0.5
2.7255624 6.6703995 0.044131729 0.36235954 1.726803 0.5
22.767723 24.07226 -0.035503112 -0.51377334 2.534849 0.5
17.569064 14.487341 -0.10121181 0.023379847 1.985571 0.5
11.207384 5.8719284 0.25959124 -0.079771344 5.636684 0.5
24.341946 12.360602 -0.34315199 -0.0293535 0.642493 0.5
14.094086 5.8582042 0.026619464 0.044214786 5.796573 0.5
0.59705128 13.157677 0.86348165 0.14866185 4.738871 0.5
7.4842767 8.3851395 -0.060800279 -0.36424419 1.568073 0.5
17.373701 16.872425 -0.44263472 0.38176389 2.749741 0.5
7.203965 15.753933 0.12938378 -0.2663138 1.171823 0.5
22.856697 12.07498 -0.27887215 -0.24714269 2.226958 0.5
19.448454 17.809817 0.26200557 -0.21795588 1.548545 0.5
20.428057 2.2193362 0.16255178 0.11816548 3.653333 0.5
19.679473 24.920009 0.15180021 0.15326939 4.394256 0.5
20.383169 5.1626777 -0.24589947 0.07074052 0.605652 0.5
17.395184 13.385504 0.33494821 -0.28987093 3.106146 0.5
12.970602 9.141755 0.11020486 -0.032042633 3.095002 0.5
15.413149 11.613044 -0.11718515 -0.45053036 1.841384 0.5
13.078945 5.3495641 0.13759618 -0.12345745 6.034028 0.5
5.921084 12.511805 0.087148399 -0.22449656 1.857551 0.5
12.742454 0.61326496 0.025713288 -0.17922665 1.702664 0.5
5.0594836 10.49323 0.20838639 -0.49105068 1.16125 0.5
17.24945 18.264967 0.083528074 -0.16060994 4.720586 0.5
23.604697 15.822771 -0.38591316 0.053755576 0.205718 0.5
20.640538 25.665345 -0.13490959 -0.6708357 5.820667 0.5
15.764453 26.757319 0.25294624 0.048223168 3.894129 0.5
19.009634 9.9549824 -0.25888747 0.29407507 3.074393 0.5
11.442817 25.990938 -0.13969107 0.061478414 0.467747 0.5
24.364547 18.654824 0.22740133 -0.51568814 5.60533 0.5
16.342284 12.408863 0.095781335 0.015493929 6.227367 0.5
16.577814 19.806136 -0.063611922 -0.22924233 5.177094 0.5
13.151291 20.1852 -0.3361381 -0.094273265 0.203779 0.5
21.247344 13.901678 0.018966943 -0.31396629 6.095105 0.5
5.5155673 21.385198 -0.20526339 0.49038219 5.150288 0.5
7.3594652 4.8682497 -0.27052842 -0.058674092 3.059892 0.5
15.294854 6.9812636 -0.14172283 0.016901886 3.692189 0.5
8.6363664 22.14654 0.63525227 0.69110964 3.246869 0.5
13.039639 18.813156 0.20100909 -0.21586047 2.032293 0.5
5.2461096 8.5006213 0.10646292 0.13785403 6.136396 0.5
18.74632 1.622186 0.19764135 -0.17646004 4.563161 0.5
8.9693003 7.9791778 0.58608509 -0.23854914 5.916686 0.5
21.970226 9.9178224 0.39520347 -0.36508606 1.344992 0.5
24.52095 22.327897 0.26221309 -0.15361347 3.633442 0.5
26.12897 15.499647 -0.12259676 -0.040513529 2.78777 0.5
17.879826 25.744396 0.17778047 -0.005879531 1.483056 0.5
1.952635 10.540947 0.67561504 -0.24633727 0.879468 0.5
3.9964743 8.4317352 -0.6225926 0.042262818 4.923104 0.5
19.79081 11.979682 0.10760969 0.037599547 5.350229 0.5
20.380893 20.589999 0.24973366 -0.27813592 1.508644 0.5
18.661608 14.734893 0.1055577 -0.058454114 4.32761 0.5
14.998362 9.6793343 -0.11544165 0.14983852 1.3724 0.5
14.981759 14.958082 -0.62925411 0.01461387 2.64206 0.5
10.719543 21.393315 0.19994577 0.22394148 2.466218 0.5
6.2719158 7.192628 0.41273922 0.65738844 0.69625 0.5
19.461684 2.921737 -0.035665915 -0.061675838 0.502972 0.5
11.342237 16.929235 -0.22220089 0.035647776 4.066135 0.5
17.821607 9.60382 -0.11301672 0.45542992 3.026607 0.5
25.243071 7.1144621 0.092702692 -0.23648826 6.171553 0.5
17.611564 7.9279391 -0.048486537 -0.14516 3.767955 0.5
5.4587547 14.845531 0.13503869 0.37877016 5.349705 0.5
21.268431 4.4995984 0.14537258 -0.0009961073 3.28374 0.5
15.428652 0.77712831 -0.14283543 -0.060387079 1.964272 0.5
21.760399 11.927207 -0.19346553 0.14463343 1.170799 0.5
21.162301 3.1435405 -0.28573251 0.30108994 0.802835 0.5
6.012697 20.37772 -0.14502914 -0.08691827 5.063896 0.5
18.702044 16.533931 -0.22153654 0.21054305 2.243796 0.5
17.600746 1.8803674 -0.30876737 -0.10676312 5.270568 0.5
17.714159 6.4088341 -0.29033534 -0.23576061 5.757172 0.5
18.477276 18.394861 0.35212264 0.20166728 5.271397 0.5
14.404557 11.04709 0.34265117 0.39534456 3.151318 0.5
14.001278 12.265779 -0.11618627 -0.6660263 0.221595 0.5
23.499246 17.035959 0.06970974 0.70741791 1.510648 0.5
27.089331 16.888699 0.17300087 -0.17652425 5.29405 0.5
4.4776115 20.74016 0.29929763 -0.74596838 2.737677 0.5
16.292041 20.851487 0.33723744 0.050998397 4.134415 0.5
20.723856 16.421384 0.23465264 -0.046414644 1.432456 0.5
9.249521 1.5679283 -0.13342434 0.24739402 2.840655 0.5
6.3643138 16.636719 0.061701552 0.21217312 2.899005 0.5
21.15439 9.1171342 -0.086031513 0.13246655 4.137855 0.5
19.242791 26.043513 0.63144622 0.40519321 1.992807 0.5
10.878897 20.258406 -0.037865042 0.044114003 0.375558 0.5
27.426379 14.382335 -0.40372015 -0.011250937 0.629977 0.5
20.992562 22.466791 0.073559383 -0.22040489 5.301885 0.5
26.30934 10.633213 0.071222818 -0.16942389 1.197725 0.5
4.6655553 4.5435995 0.1077028 -0.067874514 2.939026 0.5
14.744086 13.613074 0.18426634 0.22885048 3.912909 0.5
23.926713 14.453075 0.061769649 -0.28567425 3.115045 0.5
16.698198 15.239785 -0.24415554 0.26920944 1.662001 0.5
20.114096 10.072416 0.20053825 0.21999955 0.131507 0.5
