# x y vx vy theta radius
5.7592321 4.3463146 -0.88594965 1.5435412 3.5497723 0.5
5.9262966 6.3328731 0.30058621 0.055939742 1.764168 0.5
14.0155 19.69142 -0.2578458 0.26788258 3.951996 0.5
23.546573 16.791538 0.24225095 -0.17116421 4.259518 0.5
23.920679 23.07574 0.15896417 0.3830427 1.882067 0.5
3.6022806 12.248706 0.050312114 -0.28969079 0.92276 0.5
4.312687 11.308618 0.14109424 -0.086030583 4.981497 0.5
16.558905 6.1511907 0.36893825 0.25258774 0.663689 0.5
18.900283 15.194244 0.14454125 -0.2213593 4.599871 0.5
12.016356 16.622504 -0.25684418 0.21999558 3.315122 0.5
1.8326798 19.374082 -0.32666565 -0.21783689 5.224588 0.5
15.680275 24.857547 -0.080795213 -0.36446329 4.739779 0.5
6.7773628 24.682317 -0.42629571 -0.49370991 0.624425 0.5
19.390565 25.70608 0.49888676 0.30369307 0.734434 0.5
9.5729299 20.168055 0.11125044 0.17949577 4.989084 0.5
12.266427 11.495863 -0.36886004 -0.64311704 2.508867 0.5
5.3639921 5.3376225 0.25549827 -0.27653565 5.939565 0.5
12.320173 4.7155139 0.26479596 -0.17194873 0.028815 0.5
24.291982 15.9157 -0.1590519 -0.2617745 3.449449 0.5
7.4229537 20.663293 0.26725802 -0.1314162 0.592282 0.5
9.9405852 21.270985 0.001647465 0.28773228 6.045768 0.5
1.8273437 11.226942 0.10715249 -0.074519057 0.890473 0.5
13.681615 4.9828375 0.35050251 0.11535126 2.353219 0.5
24.795383 14.688095 -0.15174706 0.84877594 1.672869 0.5
10.619369 7.1080802 -0.19864979 0.21772797 4.21507 0.5
15.210503 21.34873 -0.19423651 0.18209258 0.4829 0.5
18.846279 13.168971 -0.10941302 -0.0025991591 6.274711 0.5
16.679534 14.494754 0.36294206 -0.21841481 1.301021 0.5
8.6735289 6.2141526 -0.23527198 -0.54486085 3.538852 0.5
14.240663 14.837505 -0.50645336 -0.36363755 1.72413 0.5
10.698568 5.4055638 -0.055963497 0.10553863 0.779811 0.5
21.401829 15.884219 -0.29697364 -0.041985367 1.209651 0.5
3.8344415 14.996253 -0.39592144 -0.14509282 5.377079 0.5
15.732735 20.28542 0.035503338 0.010165159 3.122843 0.5
24.982768 8.3680794 0.39939047 0.13760357 4.105439 0.5
26.065458 8.6400977 0.072718829 -0.29142908 2.246795 0.5
12.650305 2.509504 0.026367639 -0.33845594 3.468535 0.5
18.061886 1.6055739 -0.13472119 0.41655719 5.532293 0.5
19.284909 2.8491711 0.41861157 0.19409049 0.531572 0.5
11.6737 6.9132333 0.080651717 0.14990262 5.261584 0.5
22.232702 23.765186 0.21608414 -0.10732454 0.040113 0.5
20.444185 17.535369 -0.37364713 0.30768965 4.576591 0.5
21.709333 3.6573181 0.2325153 0.27016051 0.209824 0.5
11.534763 19.019264 0.23456587 0.31045598 1.770879 0.5
7.7886092 18.010366 -0.024869812 0.012830643 4.791815 0.5
24.320425 5.3921799 -0.092582699 -0.70618983 2.522673 0.5
14.803851 11.391072 -0.18038361 0.25054558 3.232151 0.5
23.582066 19.037397 -0.065725165 0.24044647 0.943125 0.5
11.090286 15.502417 0.019403541 0.48585967 1.031271 0.5
17.688547 6.6411744 0.58322897 0.22399758 1.523797 0.5
6.8077788 10.62261 -0.016036959 -0.1337014 1.787492 0.5
2.4850802 16.057802 0.4853303 -0.29760906 3.056837 0.5
20.26701 9.5179646 0.0070922686 0.13344567 3.332967 0.5
21.053438 23.842936 0.19448324 0.067743035 3.889918 0.5
0.96354773 12.272704 -0.20060966 -0.49833376 1.775857 0.5
14.043317 3.6253538 0.23633941 0.43913974 4.33857 0.5
24.874594 11.964227 0.75203094 0.16372547 2.652322 0.5
17.310321 16.949689 0.0098252114 -0.069446039 1.360759 0.5
13.646501 7.3503957 0.41274463 0.17258804 1.350476 0.5
18.192299 10.623088 -0.10918036 -0.50313332 3.139709 0.5
22.888224 5.6433379 -0.015044175 -0.53819525 3.877928 0.5
13.210972 18.903904 0.35726759 -0.30376771 4.111005 0.5
15.026192 6.2830401 0.16829097 0.21126707 4.354529 0.5
18.769318 24.223561 0.25902521 0.23019699 1.958136 0.5
24.559466 22.052363 -0.43024138 -0.63534763 1.935129 0.5
20.533082 20.365122 0.037499073 0.19571976 0.983243 0.5
10.329766 12.598847 -0.23067714 -0.089754381 4.524452 0.5
14.377473 9.3341226 -0.45417378 0.73351624 4.628506 0.5
9.2850986 16.863907 -0.14377013 0.3878897 4.619789 0.5
2.1195422 8.356854 0.30250031 -0.77657055 6.246698 0.5
14.546297 8.2045273 -0.18931322 0.11532544 2.597917 0.5
7.7234619 13.762073 0.42251584 -0.26883044 5.540445 0.5
12.687632 26.675508 0.13917381 0.11802805 1.135786 0.5
7.7493709 21.987645 -0.1711875 0.87473003 0.649744 0.5
25.232556 6.7003297 -0.59634166 0.33783267 4.647872 0.5
26.47387 14.695426 0.68562322 0.046244572 3.116928 0.5
17.768719 15.054586 -0.39499415 -0.089641551 1.058365 0.5
22.417266 18.75465 0.089606055 0.57660916 1.223223 0.5
16.724568 1.1171013 -0.38101451 0.53351904 6.185729 0.5
8.5855391 10.639719 -0.12360981 0.34563735 5.03693 0.5
19.183223 8.5242098 0.046746792 -0.069080077 0.158334 0.5
22.666759 17.507543 -0.1295107 0.26798425 0.09489 0.5
10.037658 1.321722 0.28525488 -0.33911561 3.182579 0.5
11.118446 8.0204592 -0.09828635 0.026979335 5.999337 0.5
7.5442535 6.6353119 0.38880511 -0.20954157 0.712677 0.5
21.821942 10.497767 -0.30184591 0.49891522 1.70588 0.5
7.0865306 23.366618 -0.040503928 0.30480921 5.092516 0.5
11.299338 10.621284 0.36325875 -0.27333608 0.506989 0.5
11.162883 26.569508 -0.1350857 0.40180883 4.452103 0.5
15.463091 15.165009 0.065996627 0.041634395 3.429354 0.5
16.445795 2.6247145 0.22937806 0.16641936 5.942963 0.5
4.6326575 7.9331542 0.35171142 -0.70611083 2.062723 0.5
25.35179 9.8775555 -0.32668331 0.50801826 2.598321 0.5
26.431131 16.918519 0.27059345 0.18710117 6.159219 0.5
3.3154572 20.69939 0.36564952 -0.13006434 1.488917 0.5
6.3281784 14.836902 0.18430904 -0.44075748 1.927238 0.5
25.371257 16.242291 -0.44300744 0.1935267 3.98558 0.5
22.832129 22.806665 -0.0859502 0.35775338 3.515453 0.5
27.296736 15.757782 0.19746348 -0.23309582 3.362574 0.5
16.843132 26.310452 0.026767266 0.45259211 2.617045 0.5
23.798421 12.159909 0.35528169 -0.3935527 4.416501 0.5
4.7451504 19.606982 -0.10305595 -0.1512092 2.357123 0.5
23.770694 6.5476753 -0.23839433 0.083231073 0.027213 0.5
6.4736292 8.6128244 -0.1074749 -0.38248663 3.270335 0.5
25.560221 20.575367 -0.69805895 0.21877999 5.133302 0.5
13.012553 22.19704 -0.075260434 0.067426317 4.163048 0.5
20.360726 8.3192569 -0.15727445 0.10015474 3.93618 0.5
16.626484 15.990425 -0.023209987 -0.1179936 5.951127 0.5
25.794287 11.179591 -0.036990743 0.072450066 4.082451 0.5
22.881665 8.0881722 -0.044884455 0.19682261 1.780305 0.5
13.496554 17.189164 0.024249104 0.56514847 2.847882 0.5
24.050881 10.927963 -0.4539246 0.10755006 1.767937 0.5
18.220965 25.722945 -0.21876466 -0.033005707 0.00135 0.5
17.711019 20.083084 -0.41493411 0.054146837 5.312468 0.5
13.039898 12.818182 0.24187542 -0.16222875 0.320289 0.5
17.658312 18.98317 0.17164679 -0.031918793 0.581132 0.5
10.387301 17.755665 -0.88716225 -0.27975001 3.087421 0.5
5.431715 10.830455 -0.22308725 0.3174607 3.560403 0.5
18.51205 16.475416 0.015548689 -0.56999889 0.555117 0.5
1.0761813 14.563107 -0.33018024 -0.87800581 6.220608 0.5
4.9253417 16.333552 -0.38117509 -0.12828538 5.652715 0.5
20.597688 3.2831356 -0.11097731 -0.064056877 0.827952 0.5
6.4959333 7.522541 -0.54371964 0.36723219 1.054048 0.5
21.426423 13.620565 -0.084514289 -0.30170728 0.319962 0.5
10.328458 4.2584262 -0.47958046 0.44862634 2.464344 0.5
20.364486 4.4022134 -0.15912805 0.06286994 3.780782 0.5
9.7044505 25.235834 -0.0093198303 0.057310832 0.745414 0.5
10.892735 23.07893 -0.44751243 0.044676819 3.348875 0.5
17.156538 13.35856 0.54996249 -0.22163696 5.365761 0.5
19.863426 24.428317 0.2638974 0.34529776 0.445642 0.5
14.033073 15.984696 -0.77960717 0.4679478 2.979068 0.5
26.943801 10.766065 -0.14150304 -0.1081926 2.813895 0.5
23.86629 20.797325 -0.15304501 -0.048464633 4.039246 0.5
17.51943 22.355158 0.19440402 -0.29726035 4.602055 0.5
8.7520967 15.018896 -0.54696194 0.014549873 1.676583 0.5
6.8928667 19.723844 -0.06434105 -0.13469899 1.207935 0.5
12.780279 3.6716435 0.70457923 0.34727131 6.164191 0.5
15.869652 3.6669236 -0.010097725 -0.29597874 1.491784 0.5
25.18175 19.183788 0.1703462 0.42275464 6.269379 0.5
19.283016 11.075453 0.16294124 -0.24888376 0.35856 0.5
6.3934349 18.492713 0.19123106 -0.11940362 0.326238 0.5
3.1274393 7.9520516 -0.27887555 0.56872478 1.608548 0.5
3.245466 17.431138 0.50165063 0.16085751 2.616667 0.5
17.780295 26.888313 -0.070783846 0.43963776 0.410672 0.5
12.049977 25.534632 -0.36562401 0.20410031 3.210668 0.5
5.2842747 17.714448 -0.28854188 -0.05425847 0.309541 0.5
11.004535 24.195775 -0.37500184 0.64998172 1.761874 0.5
18.892419 3.8830386 -0.37526865 0.40944326 4.731547 0.5
10.798593 16.728656 0.052294158 0.25393893 0.313065 0.5
22.530204 20.006403 -0.30912699 0.19175473 0.087229 0.5
20.033344 11.966849 -0.13898287 0.60753947 5.713071 0.5
4.9146474 14.153262 0.21372772 0.12082422 0.34983 0.5
3.2676448 10.391069 0.11647066 -0.010828791 2.015368 0.5
7.6826966 25.860637 -0.17733097 0.4366801 0.42176 0.5
22.9506 10.812622 -0.32694412 -0.20185637 5.580866 0.5
21.710382 14.71272 -0.078908064 0.16810586 4.066321 0.5
16.439485 19.245174 -0.21442567 -0.50310858 5.863794 0.5
15.911528 8.1752654 -0.10731076 0.20664452 5.355125 0.5
13.730546 10.467715 0.08485396 0.45262006 5.404824 0.5
17.444492 3.0404216 0.12506814 0.034218575 1.361005 0.5
13.047633 15.468773 -0.25530976 0.22296384 5.19755 0.5
19.857573 13.664688 -0.063660391 0.13891494 5.853071 0.5
5.5003917 12.04466 0.30911928 -0.18437839 2.830697 0.5
8.8319891 21.64331 0.16184353 -0.32646368 3.251414 0.5
11.731348 0.82128232 0.28818689 -0.39273848 3.305262 0.5
18.60601 17.798021 -0.22954693 -0.082411978 3.841898 0.5
21.745023 24.891771 -0.25941533 -0.020978093 4.917041 0.5
17.189936 21.126182 0.092003637 0.19448783 1.726803 0.5
9.030359 23.441119 -0.098051476 -0.0040103594 2.534849 0.5
26.88739 11.965241 0.046922303 0.28007067 1.985571 0.5
13.476186 23.264839 0.018669506 -0.14307022 5.636684 0.5
13.73959 25.920446 -0.37554597 -0.0018088025 0.642493 0.5
23.231744 9.4059224 0.26138455 -0.23089064 5.796573 0.5
20.942263 22.758119 -0.4453645 -0.26312368 4.738871 0.5
20.13176 18.870728 -0.073364582 0.26624756 1.568073 0.5
6.7752255 12.471042 0.24092874 -0.70334534 2.749741 0.5
13.863072 27.199294 -0.29745958 0.18067642 1.171823 0.5
14.946849 4.7574894 0.15146723 -0.66723733 2.226958 0.5
16.838529 4.6425088 -0.11100377 0.16986888 1.548545 0.5
21.45628 12.41556 -0.19470721 0.20689407 3.653333 0.5
19.000447 20.275962 0.035295813 -0.038000412 4.394256 0.5
17.001968 11.240261 0.54829176 0.65646234 0.605652 0.5
23.279133 13.275042 -0.4442439 -0.021001793 3.106146 0.5
12.202922 24.145397 -0.17852637 0.097444933 3.095002 0.5
5.2932655 21.593393 0.11660902 0.40635113 1.841384 0.5
9.8853392 7.9193462 0.38043499 -0.59791486 6.034028 0.5
2.0870952 9.5777149 -0.13091661 0.18177937 1.857551 0.5
13.538615 1.6328145 0.13253784 -0.57210946 1.702664 0.5
15.124418 18.913523 0.012329533 0.12340974 1.16125 0.5
20.580512 25.752995 -0.45812369 0.11617001 4.720586 0.5
15.368266 0.90451363 1.2563343 -0.50094161 0.205718 0.5
1.350903 16.398772 -0.16720159 -0.28102212 5.820667 0.5
26.032403 12.931743 0.49461232 -0.29519963 3.894129 0.5
5.4152585 9.0621524 0.59529518 0.44948555 3.074393 0.5
16.36125 18.162079 -0.32500186 0.24000359 0.467747 0.5
18.105305 12.045926 0.1799494 0.17594501 5.60533 0.5
23.473336 21.86824 -0.085192664 -0.2396957 6.227367 0.5
2.2117289 14.962174 -0.31143265 0.12812828 5.177094 0.5
23.456042 14.349695 -0.16148626 0.021221358 0.203779 0.5
9.7839429 2.4528019 -0.15726038 0.2332385 6.095105 0.5
21.929949 8.9835409 -0.75778641 0.10845206 5.150288 0.5
8.6804106 4.470125 -0.10702586 -0.41879147 3.059892 0.5
20.050512 16.498039 -0.082219572 0.014389802 3.692189 0.5
22.592823 11.96353 0.18433706 -0.12388284 3.246869 0.5
24.661327 17.183185 0.011248902 0.62650715 2.032293 0.5
12.527624 20.19401 -0.20054914 0.1632644 6.136396 0.5
14.802055 2.7987456 0.59603567 0.30606548 4.563161 0.5
20.205262 7.0689434 -0.41465104 0.50563173 5.916686 0.5
5.5195467 24.351301 -0.4791872 -0.054974569 1.344992 0.5
4.6218884 20.726502 0.038318342 0.14893546 3.633442 0.5
10.796044 14.15604 0.218629 -0.29454822 2.78777 0.5
16.39256 22.593328 -0.035970117 -0.27140756 1.483056 0.5
21.534463 17.231245 0.28051642 0.086313672 0.879468 0.5
12.121542 23.07765 -0.27117265 -0.031338812 4.923104 0.5
20.04832 21.712606 -0.28060078 -0.42390765 5.350229 0.5
15.993273 13.368877 -0.042352248 -0.25386314 1.508644 0.5
14.604141 23.550411 0.20475335 -0.29201758 4.32761 0.5
9.3113367 11.573948 0.16971806 -0.041910623 1.3724 0.5
26.926015 13.753375 0.093177793 0.51847265 2.64206 0.5
17.240659 9.3156809 0.16397346 0.2355833 2.466218 0.5
22.434615 6.7048455 -0.12646787 0.54547442 0.69625 0.5
14.542481 25.197637 -0.41114767 0.089334297 0.502972 0.5
8.9840889 17.980288 0.28964299 -0.40720521 4.066135 0.5
8.0846795 2.4856121 0.40698965 0.26291045 3.026607 0.5
4.1297499 23.151229 0.077677643 -0.013277886 6.171553 0.5
25.548546 18.077262 -0.20029325 0.22258802 3.767955 0.5
12.844878 6.4715704 -0.91854481 0.43657872 5.349705 0.5
21.330507 6.938548 0.51894747 0.12215196 3.28374 0.5
24.932893 13.259898 -0.25462788 0.093123681 1.964272 0.5
3.6606694 19.041952 0.2675437 -0.65378192 1.170799 0.5
5.7096458 22.915421 -0.49789703 -0.12801276 0.802835 0.5
17.615412 23.547452 0.23390913 0.54545733 5.063896 0.5
23.963883 7.921542 -0.31159295 -0.50475175 2.243796 0.5
17.218951 8.2165627 0.066386438 0.39750406 5.270568 0.5
11.029081 21.974857 -0.068225065 -0.34959999 5.757172 0.5
18.549587 22.000169 -0.38417528 0.20611016 5.271397 0.5
11.046592 3.3395393 -0.16250312 -0.41106391 3.151318 0.5
21.379069 19.520803 -0.56426728 0.1706531 0.221595 0.5
6.1441216 20.577585 0.37179418 0.20005322 1.510648 0.5
8.443091 19.005849 0.34387553 -0.27769867 5.29405 0.5
15.597688 9.7724951 -0.26598296 0.7805324 2.737677 0.5
19.672408 22.786484 -0.52043361 0.016595092 4.134415 0.5
9.3083038 13.925642 -0.078987556 0.20374362 1.432456 0.5
18.811719 19.036749 -0.14375832 -0.39230739 2.840655 0.5
6.3099838 16.383746 -0.57794031 0.15490272 2.899005 0.5
15.011857 16.513782 0.224988 0.17199607 4.137855 0.5
16.581118 24.027242 -0.076996495 -0.11117346 1.992807 0.5
26.47391 18.720381 0.23539763 0.7570049 0.375558 0.5
22.241562 21.629381 0.25797751 -0.32935856 0.629977 0.5
4.474322 9.8735724 -0.93277433 -0.072961144 5.301885 0.5
13.104228 9.1742923 -0.2398896 0.11454158 1.197725 0.5
18.359712 7.7286062 -0.53824945 0.089308948 2.939026 0.5
18.935903 4.9578548 0.50851588 -0.21374549 3.912909 0.5
11.453036 20.394458 -0.21156958 0.0022709133 3.115045 0.5
3.3187547 21.94155 0.10447148 0.27548833 1.662001 0.5
11.438737 12.606344 0.42583481 -0.47819903 0.131507 0.5
