# x y vx vy theta radius
21.829391 6.6428759 0.054194954 1.074089 2.4757919 0.5
12.992955 14.55614 0.11609146 -0.70011257 1.764168 0.5
5.750456 23.373765 -0.13700355 -0.083421457 3.951996 0.5
13.274518 11.949214 0.17436837 -0.41985022 4.259518 0.5
3.9820755 20.305907 0.31612106 -0.16200201 1.882067 0.5
16.96902 9.2732948 0.73460953 0.47391333 0.92276 0.5
11.312572 21.863771 -0.40574077 -0.24279025 4.981497 0.5
14.465802 22.545337 -0.19095117 -0.35389521 0.663689 0.5
14.842866 18.730189 -0.3908108 -0.39346789 4.599871 0.5
3.4322973 13.207698 0.081639035 0.26269936 3.315122 0.5
6.8594974 14.21405 0.13599972 0.026948181 5.224588 0.5
14.568583 15.017966 0.21671615 0.25267541 4.739779 0.5
17.063387 11.918186 -0.35720923 -0.086286729 0.624425 0.5
24.46932 20.122771 0.17849583 0.39319438 0.734434 0.5
10.25588 16.601419 -0.19401036 0.024313847 4.989084 0.5
26.468255 12.273006 -0.40580908 -0.29199148 2.508867 0.5
3.4101153 7.5447361 -0.27351279 -0.042933503 5.939565 0.5
23.271219 20.436644 0.036257864 0.0074984832 0.028815 0.5
14.532594 17.294699 0.35435576 -0.18758358 3.449449 0.5
13.711709 0.58725542 0.14101521 -0.25689213 0.592282 0.5
9.7680745 17.800195 0.087713313 -0.025952376 6.045768 0.5
7.3310824 6.1011378 -0.1666915 0.66577952 0.890473 0.5
25.435595 19.084485 -0.23030724 0.40613014 2.353219 0.5
10.474687 8.0464857 0.20466731 0.051726588 1.672869 0.5
16.422316 21.15198 0.07131609 -0.25478736 4.21507 0.5
14.945881 0.73522458 -0.39869424 -0.41070408 0.4829 0.5
12.235606 22.435506 -0.45850917 -0.58477622 6.274711 0.5
17.441949 14.733434 -0.013227856 0.75353625 1.301021 0.5
22.524642 19.409265 0.14092574 0.30232095 3.538852 0.5
13.075039 10.857659 0.12739861 -0.21819333 1.72413 0.5
19.184552 19.571048 -0.28737035 0.33378742 0.779811 0.5
19.210197 22.535267 0.15841683 0.14257981 1.209651 0.5
3.2083082 10.132104 -0.35158701 -0.8711553 5.377079 0.5
7.9865988 3.4629568 0.22831863 0.27974022 3.122843 0.5
16.962138 5.2926107 0.0017444516 0.10867213 4.105439 0.5
17.581477 23.893075 -0.18523609 -0.025369162 2.246795 0.5
8.8944441 8.3083152 0.4066045 0.25894131 3.468535 0.5
4.1737297 17.699282 -0.30246585 -0.28650008 5.532293 0.5
13.559014 15.485202 0.17945201 -0.25132648 0.531572 0.5
20.30051 21.505289 0.36065119 -0.25514708 5.261584 0.5
19.234468 21.086484 0.2353951 -0.05919084 0.040113 0.5
11.171222 19.157572 -0.017598694 -0.0048520081 4.576591 0.5
18.229943 10.939248 0.78687413 -0.63257963 0.209824 0.5
17.904907 12.620266 -0.19913894 -0.084197691 1.770879 0.5
2.278288 20.296696 -0.14429729 0.12929642 4.791815 0.5
5.2165481 10.510342 0.33725215 0.24150766 2.522673 0.5
23.05772 18.173811 0.090695632 -0.40283955 3.232151 0.5
13.593934 4.3603141 -0.27628849 -0.15161321 0.943125 0.5
11.614006 16.597066 0.15223587 -0.0041215846 1.031271 0.5
9.9700238 25.607 -0.22667166 0.50794128 1.523797 0.5
10.992037 14.824425 -0.44016476 0.060036244 1.787492 0.5
25.617039 10.141045 -0.1606999 -0.09148931 3.056837 0.5
15.829944 4.8528952 0.0072980411 -0.34703739 3.332967 0.5
20.246741 20.208603 -0.43322163 -0.22487039 3.889918 0.5
10.2786 22.919251 -0.14891679 -0.28713193 1.775857 0.5
20.184261 15.701678 -0.28292135 0.17950884 4.33857 0.5
0.9926963 12.802507 -0.12049442 0.22185032 2.652322 0.5
14.26968 10.4884 -0.055477454 0.31255066 1.360759 0.5
4.3081444 21.416518 0.32245453 -0.52220187 1.350476 0.5
7.5902243 21.964204 0.098918727 -0.10563815 3.139709 0.5
17.540398 8.0285975 -0.08388159 -0.14673145 3.877928 0.5
7.5691032 17.936548 0.024715145 0.30043942 4.111005 0.5
24.034835 22.666565 -0.047149099 -0.1071972 4.354529 0.5
7.0901078 2.6121269 0.052262261 0.018104212 1.958136 0.5
6.8696177 11.388443 -0.25912253 -0.23409079 1.935129 0.5
14.751917 9.509451 -0.3994189 0.52667762 0.983243 0.5
12.244469 4.3954001 -0.15717015 -0.38315519 4.524452 0.5
18.070702 20.634235 0.54640505 0.12344667 4.628506 0.5
14.925173 26.337481 0.2527032 -0.10188188 4.619789 0.5
7.4173754 12.54234 -0.065947592 0.20491623 6.246698 0.5
18.211358 18.132362 0.1736364 0.43481453 2.597917 0.5
4.2748472 11.197296 -0.19424086 0.051320644 5.540445 0.5
5.7609662 14.539971 0.59749851 -0.51521765 1.135786 0.5
6.8117957 9.4729883 -0.015967381 0.025811524 0.649744 0.5
12.561291 21.001581 0.43083286 -0.14088763 4.647872 0.5
23.722478 19.340409 -0.047548202 0.065371708 3.116928 0.5
16.62008 10.751669 0.702525 -0.057646629 1.058365 0.5
11.866122 1.3423033 0.011698925 -0.047192384 1.223223 0.5
5.8286803 19.367023 0.44740041 0.14517678 6.185729 0.5
11.145579 5.3530623 -0.35243146 0.10173765 5.03693 0.5
10.151338 5.8654925 -0.31009391 -0.60454811 0.158334 0.5
4.7229107 14.794243 -0.15065502 -0.031411244 0.09489 0.5
7.0104362 25.355976 -0.1439205 -0.14238406 3.182579 0.5
19.308704 3.4636272 0.31949973 0.11351221 5.999337 0.5
9.130474 16.593762 0.060942681 -0.14502687 0.712677 0.5
15.001513 8.0424905 -0.22418117 -0.29485195 1.70588 0.5
20.48752 17.68705 -0.44711601 0.4430481 5.092516 0.5
13.917368 19.756513 -0.21058615 -0.25169842 0.506989 0.5
14.463909 24.697078 0.39756586 -0.0049714391 4.452103 0.5
8.3452935 13.982776 0.23132807 0.55809144 3.429354 0.5
21.015705 14.022917 0.46050419 -0.48092141 5.942963 0.5
19.79221 9.1653995 0.24335109 -0.18847759 2.062723 0.5
12.273331 15.51233 -0.22035164 0.20454657 2.598321 0.5
3.8713257 5.3463983 0.098881842 0.29312595 6.159219 0.5
16.833907 27.062718 0.24579696 -0.050852451 1.488917 0.5
12.881317 18.918884 0.16041122 -0.10546525 1.927238 0.5
11.608878 20.359675 -0.050151711 0.17716377 3.98558 0.5
12.460933 9.2331956 -0.19920618 -0.71783968 3.515453 0.5
4.7180721 13.609654 0.34517736 -0.48252457 3.362574 0.5
9.1221229 6.9154923 -0.29521726 0.2114871 2.617045 0.5
5.004089 15.833441 0.286592 0.23223547 4.416501 0.5
4.3520085 23.144313 0.18407794 -0.51572191 2.357123 0.5
1.7494168 8.5897977 0.14811224 0.27833291 0.027213 0.5
15.38431 14.083721 0.60337534 -0.26545449 3.270335 0.5
6.2094023 13.204962 -0.20308435 0.15384387 5.133302 0.5
24.529253 15.849667 0.0095514646 0.34057576 4.163048 0.5
19.338396 5.0514615 -0.17795117 0.53348317 3.93618 0.5
18.806773 16.738315 -0.22885628 0.028406097 5.951127 0.5
3.5688156 22.241384 -0.42163431 -0.26612471 4.082451 0.5
22.830719 4.1327607 -0.16900401 0.032550472 1.780305 0.5
12.781669 16.440132 -0.08760448 -0.52569916 2.847882 0.5
19.936267 12.106996 -0.75986191 -0.061008453 1.767937 0.5
21.312024 12.900374 0.78439635 -0.20374924 0.00135 0.5
2.8520392 21.281574 -0.099225709 -0.051166163 5.312468 0.5
2.2328767 13.077632 0.1457184 0.014986931 0.320289 0.5
21.732381 5.2436095 -0.31137313 0.45489261 0.581132 0.5
16.74181 16.733308 -0.28425606 0.44995853 3.087421 0.5
20.37203 23.37971 -0.082750589 -0.23571459 3.560403 0.5
10.571921 9.8011582 0.023754344 0.25923433 0.555117 0.5
22.041011 24.029217 0.13480413 -0.22195108 6.220608 0.5
14.482853 23.610348 -0.099495395 -0.35467083 5.652715 0.5
13.698671 5.5188863 -1.0742506 -0.39353198 0.827952 0.5
7.4195403 19.114935 -0.014975798 -0.3849794 1.054048 0.5
25.049093 14.80268 -0.69044694 -0.55859952 0.319962 0.5
13.283459 24.569579 0.0058683223 -0.020298073 2.464344 0.5
15.075381 21.159264 0.18571578 0.15068737 3.780782 0.5
18.1727 9.2007925 0.12107449 -0.26519225 0.745414 0.5
10.887897 2.410286 -0.13745154 -0.012044508 3.348875 0.5
25.578144 8.0412699 -0.25012609 -0.13722801 5.365761 0.5
2.825463 14.256823 -0.088534136 -0.17132962 0.445642 0.5
12.239294 27.011463 -0.15647218 0.14029845 2.979068 0.5
18.961685 10.011409 0.24629787 -0.20877269 2.813895 0.5
9.1906207 26.560471 -0.017201177 -0.25302195 4.039246 0.5
16.412005 15.478087 -0.040158521 0.33207002 4.602055 0.5
15.8979 9.3246246 -0.29511682 1.3082662 1.676583 0.5
17.735926 15.769018 0.75118897 0.42000079 1.207935 0.5
19.25445 12.991974 0.2238435 1.1287869 6.164191 0.5
16.242376 24.937516 -0.25658211 0.15355211 1.491784 0.5
20.634241 7.1518012 -0.52135356 -0.5527028 6.269379 0.5
20.824932 24.421781 0.099273559 0.13341766 0.35856 0.5
16.086537 18.327015 -0.073620038 -0.32452889 0.326238 0.5
5.6502427 6.5707334 0.087346853 0.37816274 1.608548 0.5
12.197779 13.762572 0.59503865 -0.79257347 2.616667 0.5
8.5597299 9.6218311 0.64177647 -0.26614262 0.410672 0.5
4.5800687 12.384836 -0.59241595 0.22284917 3.210668 0.5
6.5451828 18.304576 -0.34667618 -0.29356653 0.309541 0.5
13.495482 13.210805 -0.48243676 0.18235875 1.761874 0.5
11.459515 23.19656 -0.48110735 0.61205205 4.731547 0.5
9.6041389 10.865542 0.36895332 -0.0596904 0.313065 0.5
24.403343 12.781918 -0.086151638 -0.67849565 0.087229 0.5
10.622277 20.986612 0.21170295 -0.28106605 5.713071 0.5
5.2866653 16.89449 -0.31687834 0.02622062 0.34983 0.5
8.6117232 22.419987 0.16185787 -0.17081395 2.015368 0.5
8.1579903 24.884555 0.42013517 0.26892428 0.42176 0.5
12.970314 1.6527187 0.36048046 0.21036158 5.580866 0.5
6.0597119 4.1306189 0.22466567 -0.82354638 4.066321 0.5
22.378648 9.0374366 -0.51126293 0.33826859 5.863794 0.5
9.871498 19.067135 -0.11624756 0.20990975 5.355125 0.5
1.288713 17.598379 0.28460818 0.1816201 5.404824 0.5
21.596483 18.410595 0.73042983 0.79289363 1.361005 0.5
7.2134202 8.1604634 0.15412508 -0.021681257 5.19755 0.5
2.7741773 11.388611 0.087096915 -0.64268613 5.853071 0.5
11.725923 24.769755 0.5138856 -0.0099413821 2.830697 0.5
4.4572902 19.295097 0.0094296863 0.085191673 3.251414 0.5
12.499792 25.622434 -0.15964562 -0.2609687 3.305262 0.5
5.5850575 11.614702 0.12608671 -0.1940194 3.841898 0.5
13.986101 27.338046 0.22640368 0.12286136 4.917041 0.5
21.976648 8.0009083 0.41472392 -0.18534677 1.726803 0.5
26.591709 16.517314 0.42150811 0.076857233 2.534849 0.5
0.80675903 15.195502 0.00020916924 -0.34766172 1.985571 0.5
7.156504 23.869819 -0.041738575 0.011427725 5.636684 0.5
0.83657629 13.869398 -0.16341921 -0.4073467 0.642493 0.5
1.920943 19.119398 -0.18700135 -0.38550039 5.796573 0.5
19.692774 2.197398 0.45372969 0.17117257 4.738871 0.5
15.782811 11.500275 -0.11523423 -0.15393871 1.568073 0.5
24.944307 21.635812 -0.11982323 0.033060686 2.749741 0.5
17.199632 1.016286 0.2859535 -0.38373972 1.171823 0.5
15.806455 22.261554 0.54424875 -0.2591305 2.226958 0.5
3.6761342 16.168414 0.081275128 0.38293069 1.548545 0.5
11.137536 6.5043894 -0.21164604 0.073016784 3.653333 0.5
5.5343354 8.8472913 -0.17833437 0.21708335 4.394256 0.5
6.5111891 22.434091 0.26191829 0.21435054 0.605652 0.5
25.877348 20.105397 0.31988881 -0.12816024 3.106146 0.5
18.022649 3.9884084 0.12298436 -0.42311767 3.095002 0.5
4.4704777 7.0417088 -0.30192167 0.13147229 1.841384 0.5
10.608806 3.9712106 -0.59412306 -0.49900854 6.034028 0.5
15.867471 23.819469 0.085654707 -0.46969706 1.857551 0.5
2.3083688 17.278895 0.19808875 -0.59063648 1.702664 0.5
18.462954 6.4850488 0.48049278 -0.062698968 1.16125 0.5
5.3505489 21.973042 0.3162252 0.11725264 4.720586 0.5
1.1342078 16.205414 -0.86025032 0.092989892 0.205718 0.5
5.0987546 5.6284675 0.001642663 -0.091808644 5.820667 0.5
11.178575 25.736817 0.06596431 0.17298979 3.894129 0.5
9.1353446 4.6706584 0.45232696 -0.064077172 3.074393 0.5
11.098936 17.886799 -0.033786927 -0.21064049 0.467747 0.5
15.234115 16.139628 0.063449941 -0.29852216 5.60533 0.5
19.13931 25.319815 -0.13306345 0.20953147 6.227367 0.5
16.18621 7.8987007 0.97204548 -0.73813837 5.177094 0.5
3.126105 18.059634 0.16430118 -0.18822471 0.203779 0.5
22.469487 11.774014 0.24971478 0.41814135 6.095105 0.5
9.2369663 12.221876 -0.28435487 -0.34320955 5.150288 0.5
14.171116 2.5494184 0.34296247 0.58633766 3.059892 0.5
10.88253 27.025683 0.098408747 -0.053949339 3.692189 0.5
2.2703925 9.6131901 0.48204238 -0.24403596 3.246869 0.5
11.806708 3.0804632 -0.5094905 -0.085384976 2.032293 0.5
3.272303 6.2838342 -0.23799988 -0.21626998 6.136396 0.5
12.973855 23.54571 0.37192505 -0.070238664 4.563161 0.5
10.251479 1.1440783 0.56784427 0.41423 5.916686 0.5
11.502398 8.6945149 0.4152473 0.14232394 1.344992 0.5
25.95612 15.56281 -0.54927012 0.28134101 3.633442 0.5
7.8768821 7.1329648 0.23046227 0.089501217 2.78777 0.5
8.6351117 18.591543 0.15603526 0.061036259 1.483056 0.5
19.381712 18.518087 -0.49119045 0.14873445 0.879468 0.5
22.326692 15.40751 -0.47466758 0.45713525 4.923104 0.5
10.684595 12.259985 -0.28212795 -0.42806416 5.350229 0.5
1.3390077 10.216841 0.14897855 0.087058209 1.508644 0.5
12.767556 7.679209 -0.074115075 -0.15728041 4.32761 0.5
1.4076554 11.367303 0.48084723 -0.26035939 1.3724 0.5
18.716714 1.6765144 0.48712715 0.42625182 2.64206 0.5
5.0160729 4.4700101 0.13353556 0.28973214 2.466218 0.5
23.821065 14.283922 0.56036507 0.055447112 0.69625 0.5
22.592435 13.715365 -0.38036069 0.062425929 0.502972 0.5
11.821274 12.60382 0.4060223 0.38585939 4.066135 0.5
11.10214 11.142235 0.057462055 -0.46975356 3.026607 0.5
6.6106408 20.987344 0.11596977 0.1005325 6.171553 0.5
17.085091 20.150021 -0.079947629 -0.19554345 3.767955 0.5
13.513901 22.014544 0.30552259 0.28321511 5.349705 0.5
8.8100388 23.918061 0.17523045 0.023033524 3.28374 0.5
7.7159084 20.593635 0.060286008 0.066729467 1.964272 0.5
13.714706 25.705038 0.43509578 -0.090383226 1.170799 0.5
5.1063973 20.358434 -0.20228843 0.28405369 0.802835 0.5
5.0918798 18.367868 0.12347617 -0.18117387 5.063896 0.5
6.1443368 24.416503 0.0058004036 0.37529244 2.243796 0.5
18.060523 21.777798 -0.31497109 -0.59247232 5.270568 0.5
7.0585017 4.5144578 -0.26019845 0.24748526 5.757172 0.5
18.253377 26.449082 -0.23224694 0.02016916 5.271397 0.5
16.031015 19.513799 0.40049994 -0.44339863 3.151318 0.5
23.533477 16.994532 0.83660977 -0.29307768 0.221595 0.5
15.436041 5.8646332 0.17086638 0.25770279 1.510648 0.5
8.2598526 26.01812 -0.14739585 0.023043749 5.29405 0.5
2.3506707 15.319648 -0.25616763 -0.16086955 2.737677 0.5
8.9710088 5.8512554 0.35164771 -0.17573901 4.134415 0.5
8.2120244 15.487478 0.058264168 -0.024269884 1.432456 0.5
23.577397 5.1365006 -0.20231842 -0.43953549 2.840655 0.5
12.469558 17.59625 -0.29869774 -0.19461632 2.899005 0.5
17.093936 18.69787 0.41321158 0.009731525 4.137855 0.5
17.111309 22.81186 0.16598227 -0.094225318 1.992807 0.5
19.631535 14.049005 -0.73736834 -0.48158337 0.375558 0.5
6.1839097 16.068666 0.084648683 0.064590116 0.629977 0.5
9.5173155 2.22363 0.022763926 -0.030393868 5.301885 0.5
13.744454 20.830384 0.059709682 -0.23528902 1.197725 0.5
9.4989999 14.87165 -0.20285802 -0.40997655 2.939026 0.5
7.9463075 10.766665 -0.033665573 0.48402757 3.912909 0.5
17.877578 25.156898 0.085533734 -0.082124613 3.115045 0.5
24.670852 17.170333 0.34294864 -0.19508275 1.662001 0.5
13.749607 18.166365 -0.16269398 -0.2091401 0.131507 0.5
