# x y vx vy theta radius
12.592456 19.277678 0.76453622 -0.31721483 0.16261874 0.5
3.4138439 11.313733 0.17185629 -0.43817671 1.764168 0.5
24.902885 9.7131243 -0.21036912 -0.2326007 3.951996 0.5
2.8375813 16.516034 -0.073754786 0.15160112 4.259518 0.5
10.475392 24.422118 0.32499319 0.12675901 1.882067 0.5
12.755032 4.6048466 -0.33186299 0.35266019 0.92276 0.5
14.776541 26.081713 -0.21474731 0.22776818 4.981497 0.5
6.5410998 8.1983579 -0.21870628 -0.41030825 0.663689 0.5
14.345036 7.1834459 -0.098509621 -0.22744705 4.599871 0.5
19.756119 2.644919 0.103362 -0.6023374 3.315122 0.5
1.1204358 10.570761 -0.39510823 -0.5156369 5.224588 0.5
20.415733 10.244196 -0.24038732 0.34733525 4.739779 0.5
9.4155849 10.989008 -0.2177583 0.18586896 0.624425 0.5
22.38655 10.513072 0.076813476 0.14140991 0.734434 0.5
23.116568 19.789911 0.30328227 0.15321942 4.989084 0.5
24.453978 14.986239 0.47199213 0.1686199 2.508867 0.5
16.417197 1.4134931 -0.22286865 0.17695335 5.939565 0.5
14.098116 8.3572723 -0.20825233 0.26915395 0.028815 0.5
17.841478 26.322663 -0.17559194 -0.25344968 3.449449 0.5
17.206485 20.687076 -0.34627413 -0.21901228 0.592282 0.5
12.804489 2.8221047 0.097440076 0.30076336 6.045768 0.5
23.502822 16.26268 0.22402731 -0.020670988 0.890473 0.5
21.742019 15.03499 0.047819655 -0.43482292 2.353219 0.5
3.8465762 5.4441883 -0.27576 0.12613367 1.672869 0.5
8.0717631 3.5246536 -0.35093692 -0.39251666 4.21507 0.5
6.9270224 5.5055942 0.21095373 0.1154792 0.4829 0.5
23.060833 5.6326649 -0.14314676 0.18097699 6.274711 0.5
16.088157 21.567014 0.005385497 0.33297517 1.301021 0.5
14.703494 18.864768 0.81715884 -0.11344714 3.538852 0.5
8.5349204 25.963624 0.17791542 0.71727558 1.72413 0.5
20.866261 7.7138017 -0.37778318 0.39610005 0.779811 0.5
22.820261 22.564367 -0.053594964 -0.19348095 1.209651 0.5
3.1655526 8.4114632 0.10428868 -0.16176621 5.377079 0.5
8.6110657 2.3098195 -0.073521195 0.29813814 3.122843 0.5
14.994287 1.0103216 0.14446401 0.31732678 4.105439 0.5
24.361863 5.7570089 -0.033302478 0.33189797 2.246795 0.5
26.332466 13.245217 0.37319644 -0.59230459 3.468535 0.5
17.307113 7.4667153 -0.29121659 0.018642712 5.532293 0.5
13.015282 1.3593139 -0.045940996 -0.23830706 0.531572 0.5
3.4369757 20.7588 -0.16837688 0.11219841 5.261584 0.5
8.6029333 15.037533 0.3372252 0.51659809 0.040113 0.5
25.685433 16.389215 -0.18126196 -0.2340043 4.576591 0.5
20.147863 6.7327064 0.3504736 -0.03670058 0.209824 0.5
26.491926 18.760895 0.18962909 -0.47080044 1.770879 0.5
15.515642 20.483616 -0.26193414 0.0040734231 4.791815 0.5
22.907922 15.096923 0.026058511 -0.16270538 2.522673 0.5
14.00986 27.318009 -0.083770373 0.11318584 3.232151 0.5
19.511948 14.343767 0.82164162 0.065633177 0.943125 0.5
19.96363 13.31929 -0.3643512 0.22191247 1.031271 0.5
15.367491 2.1909029 -0.18827821 -0.32022159 1.523797 0.5
14.089718 9.5261729 -0.10201928 0.032337714 1.787492 0.5
15.0354 11.03464 -0.29619298 0.080630839 3.056837 0.5
20.878869 5.9541468 -0.43648034 0.059831386 3.332967 0.5
21.848652 17.434945 0.078629603 0.24414657 3.889918 0.5
8.261624 11.656806 0.067399467 -0.20829015 1.775857 0.5
4.7686892 11.408364 0.28150903 0.12513126 4.33857 0.5
9.7024492 13.677568 -0.026634428 0.6460786 2.652322 0.5
17.200339 17.84057 0.091454844 0.29132178 1.360759 0.5
19.846998 20.425375 0.091936959 -0.067245161 1.350476 0.5
17.667293 8.6190664 0.25014689 0.012678368 3.139709 0.5
21.534013 4.5135266 -0.76181065 -0.34929323 3.877928 0.5
18.479668 21.31444 0.60030931 0.039928557 4.111005 0.5
18.508348 5.2999682 -0.20931532 -0.28770558 4.354529 0.5
16.603006 11.1752 -0.094890096 0.21656507 1.958136 0.5
8.8281213 19.802153 -0.10079049 0.38589228 1.935129 0.5
10.921575 12.16652 -0.22041827 -0.10149472 0.983243 0.5
23.748281 18.557159 0.0088310548 0.30140779 4.524452 0.5
15.803163 23.319946 -0.33261067 0.091604691 4.628506 0.5
6.2766211 15.490424 -0.1543782 0.0066777036 4.619789 0.5
24.935801 10.988775 0.25944557 -0.30784569 6.246698 0.5
14.818664 13.279039 0.20223153 0.21630369 2.597917 0.5
5.2835517 16.478553 0.27805584 -0.15543861 5.540445 0.5
17.335372 24.738767 0.10545734 -0.069289326 1.135786 0.5
7.449391 7.1970912 -0.54005657 0.22210509 0.649744 0.5
9.8341768 16.421598 0.39269523 0.30773365 4.647872 0.5
17.598164 1.1939159 0.093838356 0.084622705 3.116928 0.5
22.489405 12.412575 0.31221306 -0.090765779 1.058365 0.5
20.995772 24.746129 -0.21417375 -0.39322109 1.223223 0.5
17.321558 2.3372956 -0.057420378 -0.03077269 6.185729 0.5
16.588509 12.749739 0.19883302 0.055234894 5.03693 0.5
19.842117 23.502699 0.14623773 -0.26264697 0.158334 0.5
3.8275281 19.704766 0.32407458 0.1359404 0.09489 0.5
25.668957 8.9707759 0.57808156 -0.092167704 3.182579 0.5
1.1394644 17.308479 0.19850345 -0.30500902 5.999337 0.5
9.2472761 20.832882 0.4345628 0.21876482 0.712677 0.5
25.522475 19.424348 0.095093482 0.089557498 1.70588 0.5
16.124308 18.173098 -0.16497254 0.46100983 5.092516 0.5
5.1640454 20.23968 0.088308348 0.2446096 0.506989 0.5
26.822738 10.321813 0.13649255 0.17859478 4.452103 0.5
6.621396 16.701463 0.16437973 -0.35581682 3.429354 0.5
3.1148711 9.5041538 -0.56132204 0.58324862 5.942963 0.5
6.1547916 19.597569 -0.058955692 0.09312759 2.062723 0.5
15.543617 24.590006 -0.1350177 0.35308868 2.598321 0.5
22.150593 20.557163 0.314943 0.34879423 6.159219 0.5
13.865779 11.288146 0.33252648 -0.39110113 1.488917 0.5
15.072785 22.517694 -0.81295381 0.31152037 1.927238 0.5
15.936639 14.199795 -0.22342537 -0.19675267 3.98558 0.5
23.408869 17.389804 0.17116403 -0.050455739 3.515453 0.5
2.6190849 14.198079 0.51640604 -0.72091329 3.362574 0.5
7.5006915 18.985966 -0.18793112 0.3830901 2.617045 0.5
10.771594 13.431304 0.27272345 -0.17118551 4.416501 0.5
25.03471 17.922981 0.6887814 0.42447817 2.357123 0.5
2.3224881 20.43808 0.37926632 0.18718824 0.027213 0.5
25.080091 20.793748 0.69115008 0.46897314 3.270335 0.5
15.097132 14.948046 0.350576 0.687896 5.133302 0.5
9.5368151 5.591163 0.31214459 -0.16390544 4.163048 0.5
18.657383 1.4679731 0.29845477 -0.10983642 3.93618 0.5
4.0008367 14.0282 -0.14686527 0.52551306 5.951127 0.5
1.778296 15.66177 0.23867934 -0.13420677 4.082451 0.5
14.020682 5.3332749 0.20087851 -0.28579864 1.780305 0.5
7.8248159 21.887058 0.2317404 -0.40199765 2.847882 0.5
10.426818 20.422451 -0.05237994 0.31927517 1.767937 0.5
15.646759 5.2298933 0.17500469 0.083494857 0.00135 0.5
18.212265 3.3374908 -0.044145472 -0.28721495 5.312468 0.5
13.096147 15.125584 0.12050729 0.1498046 0.320289 0.5
7.5402094 9.1616059 0.44452501 -0.11684424 0.581132 0.5
2.4500251 18.261215 -0.26665312 -0.1737461 3.087421 0.5
1.2431682 13.86655 -0.082045564 0.19445892 3.560403 0.5
23.340952 9.8563476 0.039066954 -0.074598391 0.555117 0.5
25.212321 12.248364 0.081369436 -0.25323728 6.220608 0.5
16.61364 25.59702 -0.43661209 -0.22176386 5.652715 0.5
25.09221 13.878768 -0.45225449 0.59805412 0.827952 0.5
17.77227 10.647231 0.17868492 -0.36810197 1.054048 0.5
21.127961 13.93508 -0.34921975 -0.61435857 0.319962 0.5
23.280556 21.274543 0.1347739 -0.092521391 2.464344 0.5
23.279715 4.5115006 -0.25892498 0.23480635 3.780782 0.5
3.3114958 6.3992009 0.38335203 0.087451443 0.745414 0.5
19.573026 26.087637 0.1141789 -0.25233468 3.348875 0.5
10.463972 15.396756 -0.32174571 -0.22141438 5.365761 0.5
26.097149 15.19528 0.085639649 0.16969704 0.445642 0.5
10.6829 6.1497229 0.4161944 -0.25056193 2.979068 0.5
13.612255 21.891553 -1.1331905 -0.03830482 2.813895 0.5
6.9273342 2.6012256 0.41342196 -0.12299052 4.039246 0.5
23.528666 11.291651 0.36761399 -0.16287696 4.602055 0.5
3.7954804 15.138775 -0.01259806 0.038835847 1.676583 0.5
26.909435 17.479691 -0.14574742 0.76817422 1.207935 0.5
1.6893995 19.351729 0.55608109 -0.01986025 6.164191 0.5
16.888585 5.9025966 -0.1855825 -0.2565916 1.491784 0.5
19.049747 16.683503 0.49145442 -0.42921001 6.269379 0.5
11.457439 27.144259 0.11693486 -0.045265819 0.35856 0.5
7.065715 11.732755 0.098590909 -0.231297 0.326238 0.5
7.8492154 16.013359 0.16159913 0.65246115 1.608548 0.5
15.658561 7.8569655 0.12690405 0.27098105 2.616667 0.5
11.028009 19.029605 0.33644343 -0.78597428 0.410672 0.5
12.364068 25.436962 -0.29749105 -0.024971603 3.210668 0.5
5.6034187 22.876732 0.21543454 -0.0094040216 0.309541 0.5
3.9895986 17.726247 0.32184503 -0.076511918 1.761874 0.5
16.159122 6.8534884 -0.038739618 -0.38756417 4.731547 0.5
27.385855 14.158696 0.14553934 -0.72333095 0.313065 0.5
20.053406 3.8638367 0.06541624 0.14884604 0.087229 0.5
2.2192256 10.998652 0.34388426 0.12951407 5.713071 0.5
21.848481 6.4532472 -0.19923478 0.3500253 0.34983 0.5
19.022098 22.774637 0.15330262 0.11746319 2.015368 0.5
5.3167284 17.79231 0.18714613 -0.39550595 0.42176 0.5
11.021463 16.338766 -0.86393269 -0.18309752 5.580866 0.5
18.734434 9.8724114 0.56036831 0.16953687 4.066321 0.5
17.06652 15.123359 -0.13795402 0.1277873 5.863794 0.5
17.404598 13.645854 0.18399932 0.039766623 5.355125 0.5
11.885816 13.550681 0.39517153 -0.19722959 5.404824 0.5
8.6504218 8.7987933 0.0058327433 0.4600323 1.361005 0.5
21.036867 19.358277 -0.51633329 0.1293442 5.19755 0.5
1.8516331 9.1366968 0.36028316 -0.18747485 5.853071 0.5
21.873958 3.2825912 0.00073847831 -0.34821602 2.830697 0.5
1.0222507 12.744138 0.25242537 0.2733205 3.251414 0.5
14.725528 3.2474983 -0.20052239 -0.15601556 3.305262 0.5
13.149825 6.3016781 -0.18727464 -0.2183865 3.841898 0.5
5.807377 13.209475 -0.13937102 -0.093613214 4.917041 0.5
9.42825 7.571666 -0.33172438 -0.38994549 1.726803 0.5
14.419094 24.510546 -0.28780555 0.64697101 2.534849 0.5
9.320705 24.975517 0.074894713 -0.020939236 1.985571 0.5
17.964617 19.488894 -0.28525678 0.20185499 5.636684 0.5
13.457349 3.7504425 -0.40746313 0.017340728 0.642493 0.5
14.001781 17.771755 -0.53706735 -0.31673778 5.796573 0.5
21.132428 11.408617 -0.054279554 0.3187257 4.738871 0.5
11.769339 9.2425683 -0.041927741 0.14905436 1.568073 0.5
5.9445574 3.272136 0.45254697 0.95708579 2.749741 0.5
17.052615 4.7268684 0.029568228 -0.049058469 1.171823 0.5
21.462832 23.227266 -0.41542196 0.23137058 2.226958 0.5
11.39141 4.9976293 -0.11415301 0.2979785 1.548545 0.5
5.0719978 14.981357 0.1736505 -0.13694467 3.653333 0.5
22.080466 7.9717637 0.221419 0.59473232 4.394256 0.5
3.4583379 12.560256 0.33002851 -0.069815724 0.605652 0.5
22.791481 13.67345 -0.28234789 -0.10079319 3.106146 0.5
5.9116169 11.5241 0.2300069 0.42286885 3.095002 0.5
19.395805 8.5811774 -0.18922153 0.17610728 1.841384 0.5
20.070331 21.507806 0.063827138 0.35833708 6.034028 0.5
10.225992 3.1312179 0.22597658 0.93837414 1.857551 0.5
5.2108812 4.1219028 0.016118741 0.29782353 1.702664 0.5
20.424635 15.725147 -0.56546281 -0.36759758 1.16125 0.5
21.34256 9.1740053 0.1594095 0.21176398 4.720586 0.5
9.4409203 12.493917 -0.017452761 0.3488319 0.205718 0.5
5.194996 9.8520835 0.23296622 0.02143129 5.820667 0.5
19.007566 12.186458 -0.072932422 0.25478729 3.894129 0.5
12.897702 9.9661287 0.060604624 0.50374987 3.074393 0.5
10.313247 9.7223591 0.11544691 -0.31085128 0.467747 0.5
22.201799 19.128942 -0.21024478 -0.68593443 5.60533 0.5
15.643506 27.215597 -0.14508937 -0.49648881 6.227367 0.5
6.8230126 4.0441227 0.45677092 -0.068696627 5.177094 0.5
9.7295427 22.42264 0.3949895 -0.85028617 0.203779 0.5
7.9497395 10.41409 0.088703002 0.60531016 6.095105 0.5
10.955581 1.4897877 0.3737659 0.39195073 5.150288 0.5
10.940555 22.797918 -0.020199588 0.18256256 3.059892 0.5
6.0286087 7.1127469 0.22756323 -0.18543653 3.692189 0.5
23.79488 8.0576075 0.37747771 -0.086661067 3.246869 0.5
8.8306939 4.5156756 0.04638508 -0.020144647 2.032293 0.5
12.210484 18.03084 0.28555162 0.14516987 6.136396 0.5
4.6086915 18.837982 0.048684675 0.040523032 4.563161 0.5
10.846645 4.061213 -0.19695655 -0.051051238 5.916686 0.5
8.5401546 6.7475842 -0.4631843 -0.41158912 1.344992 0.5
12.661898 11.171893 0.0033621026 -0.014801631 3.633442 0.5
11.957819 16.877441 1.1140201 -0.4689217 2.78777 0.5
12.523181 8.0159719 0.37129819 -0.12917595 1.483056 0.5
18.298183 15.128097 -0.040897636 -0.084799136 0.879468 0.5
18.830122 25.160945 -0.11661651 -0.19684985 4.923104 0.5
13.143838 20.329367 0.036884542 0.91071103 5.350229 0.5
11.378562 2.6373572 -0.31310868 -0.085638139 1.508644 0.5
9.9230608 1.9875795 -0.21310842 0.055757536 4.32761 0.5
16.52991 3.2916996 0.55776549 -0.25062956 1.3724 0.5
6.4523569 17.771635 -0.59386691 0.066120545 2.64206 0.5
8.8037715 16.882531 0.29934305 -0.076398951 2.466218 0.5
16.942981 22.363548 0.0068171194 -0.5907762 0.69625 0.5
14.421616 20.235053 0.14133663 -0.18275786 0.502972 0.5
22.748562 8.801426 0.18929286 -0.29345521 4.066135 0.5
4.4127333 7.2116145 -0.15362765 0.35443922 3.026607 0.5
22.038406 16.129021 0.10493829 0.083245499 6.171553 0.5
2.354149 7.2757049 0.40210198 -0.09837278 3.767955 0.5
25.100332 7.6182189 0.14407053 -0.30841605 5.349705 0.5
7.5661223 20.172257 -0.23990591 -0.4721254 3.28374 0.5
23.979252 13.663811 -0.23173311 0.075014809 1.964272 0.5
10.581123 17.993437 0.031651847 -0.33314535 1.170799 0.5
18.374638 18.115055 -0.16474915 0.36788004 0.802835 0.5
21.38103 21.591926 -0.022706026 0.30616513 5.063896 0.5
13.242845 23.514694 -0.058769624 -0.45565615 2.243796 0.5
24.263463 6.9206752 -0.59826246 -0.2901569 5.270568 0.5
9.745981 26.071557 0.023437742 0.19816598 5.757172 0.5
26.905693 16.040287 -0.077434658 -0.015213078 5.271397 0.5
15.5827 3.9670977 -0.053355813 -0.6338472 3.151318 0.5
19.748348 5.3433051 0.22348384 0.26743336 0.221595 0.5
5.1525144 5.9584596 -0.11012714 -0.1222792 1.510648 0.5
24.346474 22.254346 -0.14264156 0.0066435844 5.29405 0.5
15.340391 9.4289015 -0.51998756 0.27949743 2.737677 0.5
19.89156 18.384107 0.83023887 0.17991138 4.134415 0.5
3.9237494 16.280649 0.349566 0.06052791 1.432456 0.5
17.95914 22.769723 -0.27607315 0.61020827 2.840655 0.5
7.9886255 12.767694 0.01058172 -0.075970676 2.899005 0.5
22.393701 24.111468 -0.0062092005 0.074308438 4.137855 0.5
2.1213292 12.654953 0.10395056 -0.26169195 1.992807 0.5
6.9254599 14.545635 -0.29797882 0.38293216 0.375558 0.5
4.0123671 21.726282 0.10175823 -0.22818741 0.629977 0.5
11.830062 6.8320298 -0.29977136 0.028934193 5.301885 0.5
18.588481 24.089167 -0.14080857 0.29778618 1.197725 0.5
11.536513 10.750907 -0.11633587 -0.33530139 2.939026 0.5
16.032292 16.615313 0.13549211 -0.4256902 3.912909 0.5
4.4447247 8.8734312 0.092169389 -0.39189476 3.115045 0.5
6.2436089 10.446397 0.14129275 -0.12703588 1.662001 0.5
26.223339 11.763266 -0.10307039 -0.067480083 0.131507 0.5
