# x y vx vy theta radius
3.6998056 16.218462 0.85521105 -1.5399932 4.9797415 0.5
15.767105 15.588104 -0.12420785 0.20871857 1.764168 0.5
24.578251 6.6700906 0.27462144 0.12349301 3.951996 0.5
9.0300932 14.587069 -0.27375552 -0.18734564 4.259518 0.5
16.624114 12.341892 -0.078402147 -0.46500168 1.882067 0.5
21.080563 24.130923 0.46112265 0.017517111 0.92276 0.5
14.123601 5.3332189 1.0124616 0.18444787 4.981497 0.5
24.893482 16.694601 -0.27030471 0.29049617 0.663689 0.5
13.04998 15.698937 -0.19808023 -0.26031793 4.599871 0.5
3.6627636 13.037854 0.83511076 0.53206528 3.315122 0.5
18.1871 13.578666 0.17623471 0.044304294 5.224588 0.5
13.456098 4.2027816 0.43061523 0.77962295 4.739779 0.5
22.251424 7.6141576 0.18428752 -0.088347385 0.624425 0.5
18.541934 21.747512 -0.027003662 -0.79102945 0.734434 0.5
16.02297 4.7833389 -0.040767824 -0.38321184 4.989084 0.5
10.485285 12.458533 -0.25780531 1.0942917 2.508867 0.5
7.0563796 11.633405 -0.68071656 0.15991804 5.939565 0.5
17.009023 27.096576 0.20770384 -0.17520485 0.028815 0.5
3.6633205 5.4060931 0.057107273 0.20704794 3.449449 0.5
12.598684 24.906578 0.081809504 0.010212862 0.592282 0.5
24.951928 9.2508439 0.13742328 -0.30642566 6.045768 0.5
9.9305108 8.6869006 -0.45991784 0.28461052 0.890473 0.5
15.641876 2.6873906 -0.40633252 -0.13923436 2.353219 0.5
17.921634 5.4286366 -0.083744674 -0.0035124831 1.672869 0.5
25.305429 13.672431 -0.25928093 -0.49802861 4.21507 0.5
0.96245971 16.224923 -0.2812983 -0.019812925 0.4829 0.5
19.999774 19.790449 0.64812783 0.22854436 6.274711 0.5
18.6172 1.8336494 0.052102513 0.1770095 1.301021 0.5
5.7317404 11.490445 -0.69052444 0.33999208 3.538852 0.5
26.610151 18.600481 0.14876385 0.20648542 1.72413 0.5
4.7027112 23.5577 -0.022522682 0.25431411 0.779811 0.5
24.340256 5.5170851 -0.62221678 -0.039279931 1.209651 0.5
25.166326 12.563456 -0.23970681 -0.39130484 5.377079 0.5
19.435986 7.9284947 0.19684349 -0.30913174 3.122843 0.5
19.038717 22.85982 0.067283052 -0.13533248 4.105439 0.5
4.5489152 10.500985 -0.71989732 -0.3186507 2.246795 0.5
26.564711 16.608176 -0.41543016 -0.0024764598 3.468535 0.5
17.681437 12.066395 -0.04036036 -0.58372827 5.532293 0.5
15.902957 20.107272 0.40343873 0.62099379 0.531572 0.5
1.399768 12.602677 -0.026522554 -0.47517613 5.261584 0.5
9.2190191 16.001878 -0.36455176 0.43945969 0.040113 0.5
5.0578985 7.9483476 0.16477275 0.1604966 4.576591 0.5
25.696646 17.569759 -0.41003013 -0.14791951 0.209824 0.5
6.5110066 8.7066896 -0.61946175 0.39898088 1.770879 0.5
8.4824873 19.398065 -0.50895184 0.1465922 4.791815 0.5
22.492906 12.098042 0.29780558 -0.520616 2.522673 0.5
0.90485489 14.799455 0.64019668 -0.80666993 3.232151 0.5
14.532339 25.567409 0.10876072 -0.24085836 0.943125 0.5
22.927889 21.679935 -0.25232074 0.46810062 1.031271 0.5
9.1219377 9.8062425 0.46710501 -0.31816162 1.523797 0.5
13.276528 23.551069 0.10340335 0.54747634 1.787492 0.5
4.1806079 8.5306191 -0.034696934 -0.44078715 3.056837 0.5
13.878234 12.295524 0.13093224 0.45460408 3.332967 0.5
5.9955047 22.746289 0.53560564 0.55435132 3.889918 0.5
17.296176 6.8094287 -0.2716849 0.19319349 1.775857 0.5
7.0910686 6.6303639 -0.031013876 -0.15730552 4.33857 0.5
25.492089 7.5886569 -0.23070973 0.150213 2.652322 0.5
15.599304 6.424529 0.068625462 -0.10991643 1.360759 0.5
19.015053 26.2599 0.086508001 0.088566669 1.350476 0.5
6.854916 4.0092713 -0.33278273 -0.059403075 3.139709 0.5
24.034721 17.657254 0.061834723 0.13402414 3.877928 0.5
20.77881 13.618782 -0.44865882 -0.086326824 4.111005 0.5
16.968549 14.822694 0.10184231 0.21192752 4.354529 0.5
12.789453 0.87261271 -0.019628717 -0.24880979 1.958136 0.5
22.477684 19.887399 0.39054166 0.043605736 1.935129 0.5
6.6921737 23.727722 0.73007655 0.18836211 0.983243 0.5
21.069539 19.308913 0.29671475 -0.029489134 4.524452 0.5
22.987904 23.412472 0.072860738 0.15108566 4.628506 0.5
19.591679 14.542253 0.072938488 0.10081842 4.619789 0.5
18.861299 19.203253 0.22325396 -0.098752103 6.246698 0.5
16.149923 17.011077 -0.1896136 -0.17534058 2.597917 0.5
14.139401 27.317551 -0.10859115 0.48184289 5.540445 0.5
8.5972857 4.8455526 0.23940653 0.48759545 1.135786 0.5
14.454666 6.5070802 -0.29072706 0.40206078 0.649744 0.5
13.024267 25.963468 0.26800831 -0.16837912 4.647872 0.5
6.6668158 20.024549 -0.1442085 0.48740443 3.116928 0.5
12.657393 18.148322 0.056128058 -0.1708902 1.058365 0.5
19.503462 12.460973 -0.05193773 0.48718143 1.223223 0.5
22.08103 20.880414 0.45208522 0.34394942 6.185729 0.5
13.837577 7.7254279 -0.34807187 0.053049267 5.03693 0.5
22.321678 15.956452 0.14985093 0.049370077 0.158334 0.5
17.438906 4.4347951 -0.16406907 -0.02122109 0.09489 0.5
4.3670227 11.72695 0.11758202 0.28091392 3.182579 0.5
23.930045 20.834022 -0.46135003 -0.0080051367 5.999337 0.5
10.649731 9.5073631 -0.39668038 -0.20765671 0.712677 0.5
12.811146 14.53546 0.097101903 -0.044462199 1.70588 0.5
18.31047 14.721019 0.52773964 0.058424334 5.092516 0.5
18.556492 24.972922 -0.76629571 -0.38719011 0.506989 0.5
13.543967 16.684463 -0.066999962 -0.062341454 4.452103 0.5
8.5423834 5.9010881 0.11451922 0.20698789 3.429354 0.5
19.883118 23.810245 0.74943494 0.24944871 5.942963 0.5
15.20084 17.870051 0.066476904 -0.47220609 2.062723 0.5
11.994191 4.1085397 0.71206855 0.092395233 2.598321 0.5
12.98153 3.0226488 0.66476681 -0.09991678 6.159219 0.5
22.237209 18.533581 -0.029694448 -0.1321528 1.488917 0.5
13.974671 17.732645 -0.37843511 0.0091031545 1.927238 0.5
12.30937 6.4834042 0.14644795 -0.030188334 3.98558 0.5
20.904904 14.849715 -0.28610152 0.087693234 3.515453 0.5
25.757173 15.505334 0.47680753 -0.15394805 3.362574 0.5
15.544369 26.626668 -0.33563604 -0.13586579 2.617045 0.5
15.186347 11.992998 0.1794399 -0.36390723 4.416501 0.5
20.314259 22.62289 0.1188964 0.1573182 2.357123 0.5
1.3084818 10.077929 -0.26323572 0.16962013 0.027213 0.5
26.101229 19.835955 -0.28307527 -0.2436706 3.270335 0.5
5.0328161 13.24468 0.2999915 -0.161518 5.133302 0.5
11.092145 3.542792 0.25342247 0.34958428 4.163048 0.5
17.346525 25.76932 -0.0066417971 0.30332574 3.93618 0.5
11.861575 11.202677 0.23308802 -0.49601341 5.951127 0.5
26.799096 9.8907345 -0.22174581 -0.094308827 4.082451 0.5
20.060722 15.809285 0.33289405 0.32555762 1.780305 0.5
9.7491938 1.5185858 -0.35536099 0.036712749 2.847882 0.5
21.222451 25.328643 0.24021553 0.17130245 1.767937 0.5
10.526957 24.178198 0.085034123 0.063738547 0.00135 0.5
12.642545 8.3520271 -0.022727505 0.10692639 5.312468 0.5
11.2764 14.542424 0.69080059 0.35291361 0.320289 0.5
11.01257 18.630588 -0.38171173 0.27391903 0.581132 0.5
23.359139 7.0909924 0.044508829 0.26145812 3.087421 0.5
14.287766 23.007888 0.27412068 0.69984008 3.560403 0.5
20.104041 6.7339808 0.65241651 0.63473346 0.555117 0.5
3.6037019 9.6724071 -0.34250758 -0.065302918 6.220608 0.5
19.658896 5.5203632 0.75552577 -0.60054023 5.652715 0.5
19.57365 20.862841 0.20333489 0.54893069 0.827952 0.5
15.078011 21.888594 -0.16835395 -0.30856424 1.054048 0.5
18.022883 10.687107 0.054896729 0.21815935 0.319962 0.5
5.3109855 16.995025 0.10948983 -0.30918563 2.464344 0.5
20.67561 7.7738023 -0.019126062 -0.23504457 3.780782 0.5
20.018426 16.921228 -0.42701862 -0.20597876 0.745414 0.5
5.0381566 5.2659442 0.12320282 -0.48838638 3.348875 0.5
11.63211 19.70912 -0.013586412 -0.417059 5.365761 0.5
21.578088 4.7534895 -0.32040572 -0.05173223 0.445642 0.5
8.8226627 10.919473 -0.3243618 0.73242584 2.979068 0.5
21.756697 3.298869 0.52979222 0.52415793 2.813895 0.5
3.6506337 19.754534 0.12774074 -0.28811799 4.039246 0.5
8.0681637 16.499393 -0.49564421 -0.44925518 4.602055 0.5
16.936654 13.662051 0.0092148035 0.32679424 1.676583 0.5
16.831068 19.067399 0.0090997653 0.41559814 1.207935 0.5
9.6873739 26.743897 -0.067556477 -0.31326115 6.164191 0.5
14.669921 14.612179 0.0013656052 0.55080628 1.491784 0.5
9.3759963 12.589096 0.09972454 -0.18583996 6.269379 0.5
25.259858 18.736083 -0.12895468 -0.034016538 0.35856 0.5
5.4706374 3.7328881 0.43576914 -0.046688521 0.326238 0.5
14.285256 2.8195904 -0.34994316 -0.13458185 1.608548 0.5
15.597223 1.0569687 0.18136713 0.17897598 2.616667 0.5
20.000975 4.1174961 -0.4819346 0.65374294 0.410672 0.5
11.476031 27.115522 -0.050618628 0.020954474 3.210668 0.5
26.348214 12.264507 -0.16020616 0.080202183 0.309541 0.5
4.5667994 18.804873 -0.56097187 -0.5969023 1.761874 0.5
26.866944 15.17319 0.14744778 0.23840877 4.731547 0.5
9.6618718 25.17381 0.076927716 -0.36068165 0.313065 0.5
11.707058 17.483556 0.10667708 -0.56562025 0.087229 0.5
20.107417 25.385325 -0.072569743 -0.31828663 5.713071 0.5
11.770066 9.2539042 0.03485229 -0.010873773 0.34983 0.5
23.980663 8.2657899 0.28466683 -0.49850932 2.015368 0.5
16.387249 9.7252416 0.15484247 0.22909502 0.42176 0.5
2.5286359 7.207014 -0.24044349 -0.0150767 5.580866 0.5
20.63491 8.8956477 0.16313012 -0.3349311 4.066321 0.5
17.813112 20.107602 -0.11899894 -0.21221982 5.863794 0.5
22.924276 14.200018 -0.22855499 -0.0087011688 5.355125 0.5
7.7701169 14.425021 0.2614781 0.54742297 5.404824 0.5
20.961535 21.574361 -0.0096008721 -0.22300895 1.361005 0.5
17.679987 15.706198 0.35005941 -0.12848501 5.19755 0.5
19.544766 9.103107 0.081815892 0.52549935 5.853071 0.5
18.46979 4.0909627 -0.35389248 0.35414609 2.830697 0.5
22.079805 5.9084657 0.54843806 0.14055141 3.251414 0.5
5.275222 6.3755574 -0.71179114 0.27370937 3.305262 0.5
4.3659329 14.102788 -0.049405152 0.96332338 3.841898 0.5
9.9048953 5.9588102 0.55352114 0.89841734 4.917041 0.5
20.947646 17.906322 -0.18749134 -0.20217542 1.726803 0.5
13.328192 22.305313 0.30023822 0.10953342 2.534849 0.5
5.0417216 9.3484125 0.38239487 -0.037565556 1.985571 0.5
16.67787 3.5381941 0.035950888 0.44120016 5.636684 0.5
16.945411 24.502931 0.025093135 -0.45505896 0.642493 0.5
2.1673105 15.902478 -0.25910898 0.46927814 5.796573 0.5
24.203983 19.732403 0.18921069 0.44953707 4.738871 0.5
11.343398 13.201605 -0.092828913 0.14539631 1.568073 0.5
6.246749 21.499686 0.28262387 0.03739139 2.749741 0.5
14.692056 19.753901 0.23723748 0.32440348 1.171823 0.5
27.132239 11.194216 0.82850554 -0.28786868 2.226958 0.5
6.718589 15.229718 -1.0806401 -0.11625417 1.548545 0.5
3.4409769 11.063465 0.18556342 0.080197577 3.653333 0.5
18.347547 8.8081626 -0.28362775 -0.31360622 4.394256 0.5
26.369907 14.167756 -0.053596133 -0.11402315 0.605652 0.5
11.356775 5.7840537 -0.17671975 0.26367551 3.106146 0.5
15.894816 23.714437 0.024908601 0.067245373 3.095002 0.5
21.249893 10.071172 0.4435866 0.023705771 1.841384 0.5
23.716343 10.846649 0.11088915 0.22247002 6.034028 0.5
22.436289 9.6353605 0.47477847 0.36005542 1.857551 0.5
8.9625777 6.8827167 0.018948311 0.31244541 1.702664 0.5
9.4756085 2.7974815 -0.27630334 -0.62553018 1.16125 0.5
23.480097 18.61387 0.17480082 0.11015469 4.720586 0.5
7.2832931 12.820447 0.73247364 -0.18282025 0.205718 0.5
10.120381 21.924727 0.15911023 0.47641285 5.820667 0.5
21.078007 20.421429 0.20392547 0.12742986 3.894129 0.5
23.076094 4.3730048 0.34539234 -0.049300179 3.074393 0.5
16.824524 21.996193 -0.17874356 0.085819216 0.467747 0.5
11.024485 16.236426 -0.40079437 -0.12715645 5.60533 0.5
22.385246 24.469669 0.074230572 -0.033556886 6.227367 0.5
23.933926 9.7607172 -0.52307398 -0.012290936 5.177094 0.5
9.9318479 4.8107413 -0.070215773 0.3565051 0.203779 0.5
14.573586 15.870237 -0.086122282 -0.35858253 6.095105 0.5
12.629825 5.1410287 0.52131617 -0.17351699 5.150288 0.5
16.211332 25.337641 -0.44081456 -0.18275596 3.059892 0.5
16.893912 1.0985972 0.55196648 0.17422561 3.692189 0.5
2.3497841 10.327463 0.47355094 -0.088006225 3.246869 0.5
14.369488 13.508646 -0.44899131 0.11578998 2.032293 0.5
17.728169 3.2378973 -0.085814536 0.15335738 6.136396 0.5
15.705357 13.697435 0.42621237 -0.65468491 4.563161 0.5
13.399619 9.1536643 0.79325733 0.70356407 5.916686 0.5
13.020209 20.165872 -0.036611659 -0.25462511 1.344992 0.5
5.0017565 14.981601 -0.22162017 -0.91890602 3.633442 0.5
22.294868 17.163179 0.095559272 -0.15518336 2.78777 0.5
21.154386 16.692456 0.12213937 0.0045022909 1.483056 0.5
14.959219 4.2206632 0.10291679 0.50340782 0.879468 0.5
10.218806 14.320218 0.042150552 -0.066929875 4.923104 0.5
4.8248819 20.023059 0.26625217 -0.26058007 5.350229 0.5
7.2814957 24.628916 -0.091765202 0.10925521 1.508644 0.5
2.6806309 19.02924 0.56853199 0.052390076 4.32761 0.5
12.110805 23.742308 0.4401676 0.3320946 1.3724 0.5
11.866565 21.420828 -0.11207853 -0.40085509 2.64206 0.5
6.4506833 13.818785 0.081896217 -0.23145494 2.466218 0.5
4.0702634 21.031665 -0.25254028 0.1327036 0.69625 0.5
14.58459 9.6106868 0.7326785 -0.087018682 0.502972 0.5
16.971881 11.093575 0.031160346 -0.28500335 4.066135 0.5
16.794323 8.6251659 0.071355138 0.53927791 3.026607 0.5
9.4581788 23.571763 -0.38728829 0.063407344 6.171553 0.5
19.637626 18.13606 0.088535553 0.17494124 3.767955 0.5
17.960377 17.854817 0.012283479 -0.17153539 5.349705 0.5
6.9330135 10.551193 0.78235643 0.095330748 3.28374 0.5
10.780683 20.655802 -0.12962904 -0.23247848 1.964272 0.5
1.855636 13.617583 0.16696262 -0.31596333 1.170799 0.5
25.110587 10.799308 -0.19596145 -0.037074063 0.802835 0.5
10.816111 22.96932 -0.44278023 -0.26557084 5.063896 0.5
6.8711751 2.7207281 0.18241708 0.30245745 2.243796 0.5
9.9100751 19.446506 0.26199238 -0.14462376 5.270568 0.5
23.536958 13.144006 0.03465906 -0.1391507 5.757172 0.5
22.023746 22.621224 -0.34699768 -0.060093438 5.271397 0.5
21.355074 12.315293 -0.32409073 -0.092376479 3.151318 0.5
11.565626 25.419832 -0.54180378 -0.051742492 0.221595 0.5
11.203107 8.1552033 -0.14994648 0.76769028 1.510648 0.5
18.785912 16.292879 0.38172134 -0.056761361 5.29405 0.5
13.745062 24.644477 -0.029571305 0.017513447 2.737677 0.5
17.936293 7.7661931 0.22792879 -0.050489868 4.134415 0.5
15.561639 7.9947503 0.41341432 0.72830516 1.432456 0.5
15.779867 18.773179 -0.22036284 -0.23922358 2.840655 0.5
22.095664 13.161633 0.18936503 -0.65423783 2.899005 0.5
18.265217 23.757796 -0.14632366 -0.47609156 4.137855 0.5
6.8479458 18.075687 -0.4615568 -0.27417696 1.992807 0.5
27.459913 13.645828 -0.34165743 -0.19103824 0.375558 0.5
13.607858 10.255325 -0.2915483 -0.0012648041 0.629977 0.5
12.381469 13.441792 -0.45714569 -0.62980571 5.301885 0.5
14.809995 24.06036 -0.18072318 0.40623651 1.197725 0.5
2.1423362 11.572768 0.14198863 0.10255053 2.939026 0.5
20.106757 11.131269 0.20587372 0.4390778 3.912909 0.5
14.341372 1.6339731 -0.0056091462 -0.2837865 3.115045 0.5
23.994159 22.837674 -0.10152989 0.10276244 1.662001 0.5
10.59234 26.035392 0.23311783 0.28323159 0.131507 0.5
