# x y vx vy theta radius
9.2186351 22.329328 0.58861208 1.58243 1.6640915 0.5
15.695482 11.104096 0.37960049 -0.16964301 1.764168 0.5
12.596819 16.226241 -0.066970786 -0.0033637243 3.951996 0.5
7.6005769 18.32849 0.24429274 0.54511552 4.259518 0.5
26.09716 16.050651 0.66047909 -0.080721189 1.882067 0.5
10.330923 7.9608077 -0.074518624 0.0064886413 0.92276 0.5
25.253471 16.883318 -0.055294695 -0.0047344073 4.981497 0.5
16.451103 5.2591176 -0.23072714 0.14274883 0.663689 0.5
20.81965 5.5686974 0.15808599 0.19678238 4.599871 0.5
16.961067 21.418317 -0.82036185 0.075499619 3.315122 0.5
6.3120319 10.467885 0.047140271 -0.075852521 5.224588 0.5
21.236564 13.983146 -0.079463537 -0.3785526 4.739779 0.5
8.32336 25.300092 0.35639544 -0.047302418 0.624425 0.5
9.9182524 18.798779 0.51084856 -0.5524078 0.734434 0.5
19.692658 17.50415 0.1032842 0.30746985 4.989084 0.5
10.092271 6.3832518 -0.17232751 -0.18414013 2.508867 0.5
13.247809 7.4079303 -0.16906873 -0.1777783 5.939565 0.5
26.85804 17.050269 -0.21687052 -0.85933518 0.028815 0.5
0.82786812 13.776362 0.0917849 -0.40293197 3.449449 0.5
2.3208784 16.790714 0.25955361 0.16358461 0.592282 0.5
4.3612076 4.6124934 -0.46362192 -0.026155446 6.045768 0.5
4.4722187 18.198341 0.18766043 0.86286827 0.890473 0.5
0.87667131 15.685316 -0.38080441 0.43332931 2.353219 0.5
12.618344 8.4200768 0.23234538 -0.078471637 1.672869 0.5
3.2302108 19.496687 0.25622591 -0.32052777 4.21507 0.5
2.56555 11.344377 -0.46152147 -0.021415975 0.4829 0.5
23.481668 20.4718 -0.59617294 -0.046473257 6.274711 0.5
15.374179 1.7287707 -0.11486436 -0.090986896 1.301021 0.5
1.0005129 11.001533 -0.22386332 0.15090888 3.538852 0.5
22.283307 22.641155 -0.21992894 -0.29876383 1.72413 0.5
5.5401091 8.1008219 0.12587625 -0.091223767 0.779811 0.5
21.819 11.021096 -0.30056699 0.22996551 1.209651 0.5
12.223608 14.713979 0.070433945 -0.11969224 5.377079 0.5
6.0652618 22.137473 0.33890768 0.36320333 3.122843 0.5
11.554283 6.0572452 -0.21133411 -0.21937135 4.105439 0.5
7.2821432 16.668235 0.20843218 -0.099445202 2.246795 0.5
23.240619 6.9514269 -0.15765702 0.14840979 3.468535 0.5
19.95305 26.062494 -0.70093125 -0.23797236 5.532293 0.5
15.026667 14.235775 0.46757404 -0.49243165 0.531572 0.5
18.96132 7.2433343 0.3787832 0.52089564 5.261584 0.5
8.7389861 8.85377 0.54180775 0.43973682 0.040113 0.5
13.174671 25.656952 -0.66125879 0.074851819 4.576591 0.5
15.478383 18.733666 0.12598905 0.012419035 0.209824 0.5
10.009126 9.1742666 0.17070562 0.25741214 1.770879 0.5
3.6177391 8.7811433 -0.10870141 0.30270536 4.791815 0.5
25.465242 12.624384 0.1459182 0.07992802 2.522673 0.5
12.871555 4.9954475 -0.095839628 0.18296764 3.232151 0.5
23.240173 16.119199 0.27524999 0.044524456 0.943125 0.5
16.000512 3.3034932 -0.10381136 0.25688199 1.031271 0.5
9.3352174 11.544981 -0.059474676 0.021045579 1.523797 0.5
7.8845789 14.125815 -0.51151076 -0.2611394 1.787492 0.5
6.1141128 18.548975 0.36134958 0.29388737 3.056837 0.5
4.9722185 5.4899221 0.44563851 -0.39815609 3.332967 0.5
6.0681323 16.461463 0.13497133 -0.48943326 3.889918 0.5
14.655015 6.8824452 0.14008045 0.083949131 1.775857 0.5
4.8383024 10.253488 -0.34053124 0.041173768 4.33857 0.5
24.773384 18.418265 0.34390616 -0.049577672 2.652322 0.5
13.506839 10.942126 -0.32267768 0.14873736 1.360759 0.5
12.288502 20.572705 -0.14107987 -0.067476117 1.350476 0.5
12.233281 13.515496 0.046970409 -0.029011398 3.139709 0.5
10.115439 15.656758 -0.22747514 0.31173784 3.877928 0.5
11.149194 2.5025313 0.10929827 -0.19230061 4.111005 0.5
14.998238 24.270327 0.49616434 0.36989138 4.354529 0.5
14.478854 15.478209 -0.1137733 0.66560055 1.958136 0.5
6.7905945 11.913458 0.14404711 0.33641092 1.935129 0.5
2.8793795 15.743178 0.06002475 -0.56935847 0.983243 0.5
9.9780558 21.414284 -0.33289176 -0.49506602 4.524452 0.5
24.322063 15.300156 -0.21193977 0.28893668 4.628506 0.5
22.289218 8.8878827 -0.41910869 0.036934727 4.619789 0.5
25.390459 6.9174164 0.016852896 0.22487824 6.246698 0.5
2.4969099 7.3033955 -0.3039527 0.12222012 2.597917 0.5
20.170338 2.3794428 0.11689596 -0.024159984 5.540445 0.5
11.186962 21.1855 -0.081120169 0.98117655 1.135786 0.5
13.332957 21.491099 -0.38786799 0.2478571 0.649744 0.5
3.6464645 22.130246 0.38978604 -0.30899426 4.647872 0.5
23.323452 13.247552 -0.021149193 0.23023907 3.116928 0.5
19.781287 24.850741 0.19683999 0.12676081 1.058365 0.5
12.365712 17.43567 0.42061667 0.17123602 1.223223 0.5
16.727451 26.222786 0.41954492 0.25806442 6.185729 0.5
4.0640674 11.053085 0.47573498 -0.23870091 5.03693 0.5
15.07231 12.836603 0.11040827 -0.070499257 0.158334 0.5
22.497014 6.0307055 0.058510881 0.218015 0.09489 0.5
21.908263 20.708524 0.085984723 0.47157577 3.182579 0.5
2.3778729 8.7034599 -0.16868599 0.070457994 5.999337 0.5
23.914102 19.073614 -0.26798765 -0.10876231 0.712677 0.5
9.5872289 3.07899 -0.038433111 -0.28854776 1.70588 0.5
16.206707 13.658307 0.090530843 -0.069750739 5.092516 0.5
16.796388 1.1544558 0.3217501 -0.026046233 0.506989 0.5
24.376016 12.451306 -0.26908809 -0.11787614 4.452103 0.5
19.964753 23.746806 -0.59481468 -0.04875619 3.429354 0.5
20.509794 20.388895 -0.35945999 -0.48321875 5.942963 0.5
13.53577 17.312654 -0.090568933 0.14471248 2.062723 0.5
22.830255 21.612189 -0.063689726 -0.10290225 2.598321 0.5
12.081871 1.5826441 -0.053814994 0.29052617 6.159219 0.5
8.2568404 4.6425983 0.17947668 -0.048020896 1.488917 0.5
22.851456 10.420335 -0.35778413 -0.0874629 1.927238 0.5
17.536854 24.644244 -0.22574806 0.30031795 3.98558 0.5
13.593283 6.0962175 -0.36913713 0.044462378 3.515453 0.5
24.676383 21.462946 -0.1055444 0.069638566 3.362574 0.5
11.415875 19.994273 -0.49330608 -0.13452854 2.617045 0.5
18.507946 1.3365132 -0.02606723 0.015953281 4.416501 0.5
8.3018205 11.863192 -0.113822 -0.20995715 2.357123 0.5
16.950438 22.631477 -0.11697874 0.14469991 0.027213 0.5
14.667083 22.148931 0.0026162304 -0.50101358 3.270335 0.5
1.2821884 12.16848 -0.11011051 -0.086610891 5.133302 0.5
6.4044856 7.3141748 0.19641815 0.16613708 4.163048 0.5
24.040895 5.2360822 0.25218831 -0.059693874 3.93618 0.5
8.2435949 1.9340676 0.14913268 -0.034736743 5.951127 0.5
22.246751 18.558468 0.13417576 0.60361 4.082451 0.5
13.641203 20.278218 0.72042501 -0.090757365 1.780305 0.5
8.3304606 6.4766262 -0.24398972 0.048605917 2.847882 0.5
23.816902 22.626158 -0.36837503 0.21000661 1.767937 0.5
3.8790739 16.563853 -0.13573238 -0.04335489 0.00135 0.5
26.901289 11.353601 0.29576312 0.052856429 5.312468 0.5
11.157408 3.6258002 0.32288802 0.14000919 0.320289 0.5
9.0991439 9.9956211 -0.22067082 -0.45737066 0.581132 0.5
7.5392137 7.9955525 0.013412608 0.14993091 3.087421 0.5
17.66838 20.490326 -0.22854967 0.53294496 3.560403 0.5
22.661871 23.807634 -0.25362677 -0.086235421 0.555117 0.5
15.514954 26.828139 -0.45993496 -0.048595661 6.220608 0.5
9.0954668 12.73303 0.063515107 0.18304442 5.652715 0.5
23.737532 17.816992 -0.1092811 0.29764154 0.827952 0.5
6.7791575 6.1758668 -0.21523077 0.1625956 1.054048 0.5
27.16562 12.926998 -0.12076059 -0.075914159 0.319962 0.5
22.169242 3.9330031 -0.34435866 0.037728446 2.464344 0.5
9.9514086 4.469586 0.34195377 -0.35073159 3.780782 0.5
21.26856 21.53337 -0.25481964 0.34218588 0.745414 0.5
9.7882921 17.313703 -0.054111274 0.011824989 3.348875 0.5
20.983562 10.306172 0.12543017 0.15013442 5.365761 0.5
3.1982964 10.085558 -0.013674361 -0.34147788 0.445642 0.5
7.6062182 23.827335 0.30730785 0.017982619 2.979068 0.5
12.61265 12.091481 -0.44291884 0.17703193 2.813895 0.5
15.757186 6.5972977 -0.19894819 0.53145021 4.039246 0.5
10.255815 12.539983 0.35628573 -0.248486 4.602055 0.5
23.777932 11.044755 0.57518614 0.33025165 1.676583 0.5
4.7301206 6.7751779 0.33161335 0.45076741 1.207935 0.5
16.02584 24.583895 0.67240713 0.63453606 6.164191 0.5
6.592976 4.7588252 0.13350307 -0.1828593 1.491784 0.5
21.785856 19.621798 0.065992868 0.39040951 6.269379 0.5
18.742075 9.4017876 0.30379652 0.16916008 0.35856 0.5
2.0438105 14.85794 -0.37051411 -0.33778503 0.326238 0.5
13.805946 3.807619 -0.072345507 0.43509908 1.608548 0.5
16.91082 4.1409543 0.033370075 0.029353311 2.616667 0.5
15.462145 9.5823106 0.27173554 0.20792511 0.410672 0.5
2.2323409 18.092995 0.32796494 -0.12092359 3.210668 0.5
18.958652 14.55324 0.30222389 -0.041696197 0.309541 0.5
16.588707 9.2707463 -0.0067137308 0.25082807 1.761874 0.5
16.64508 16.651083 0.16433785 0.071777956 4.731547 0.5
6.1298419 15.32235 -0.97416847 0.059800189 0.313065 0.5
23.670891 9.2893316 -0.4526858 -0.079010542 0.087229 0.5
11.143943 4.7352627 0.10126397 -0.125352 5.713071 0.5
18.837843 3.3554295 0.075950464 -0.096865093 0.34983 0.5
7.2514222 2.7126452 -0.17366593 0.12610362 2.015368 0.5
3.7299557 5.9044038 0.075593073 0.43181611 0.42176 0.5
25.648022 8.5266233 0.28439584 -0.79623838 5.580866 0.5
1.0905055 17.008367 0.3328809 -0.61292218 4.066321 0.5
7.9089561 10.280684 -0.075228689 0.40064855 5.863794 0.5
3.9497129 12.248269 -0.16695671 0.23198984 5.355125 0.5
18.394225 16.664757 -0.2144513 -0.20232861 5.404824 0.5
5.8349647 9.4819348 -0.072225062 -0.20884211 1.361005 0.5
21.15573 23.358695 0.46597176 0.096384027 5.19755 0.5
17.670292 12.678655 -0.45435598 -0.1745546 5.853071 0.5
24.872276 20.342198 -0.26803283 -0.43484027 2.830697 0.5
1.3241214 9.7425078 -0.22172117 -0.095088683 3.251414 0.5
15.567401 16.468694 0.16964299 0.052280537 3.305262 0.5
24.338385 8.4026506 0.26310526 -0.065662795 3.841898 0.5
19.433358 12.943991 0.39844285 0.10766645 4.917041 0.5
9.7318359 13.658731 0.47902626 -0.011789291 1.726803 0.5
19.734898 4.882933 -0.015696877 -0.056587237 2.534849 0.5
26.68973 10.248204 0.019886053 -0.29577471 1.985571 0.5
4.4106479 14.653698 0.048213791 -0.43944266 5.636684 0.5
17.511999 6.2085541 -0.34378636 0.17411979 0.642493 0.5
17.462396 17.622499 0.1502312 -0.47838745 5.796573 0.5
17.602543 15.021584 0.51411097 0.11381347 4.738871 0.5
5.0109673 17.092617 -0.33167047 -0.65440069 1.568073 0.5
10.834412 16.846216 -0.17241066 0.63684778 2.749741 0.5
5.1193169 15.817778 0.16141811 -0.11286407 1.171823 0.5
11.713902 7.4080621 0.054322419 0.076724252 2.226958 0.5
14.250717 27.255628 -0.054017734 0.51169665 1.548545 0.5
15.092332 25.850487 0.19760598 -0.048941054 3.653333 0.5
4.0117111 7.6687503 0.1535893 -0.4915207 4.394256 0.5
11.219941 9.1347292 -0.46032659 -0.055218236 0.605652 0.5
18.176202 11.580284 0.032320312 -0.35479509 3.106146 0.5
20.668212 15.217435 0.23301969 0.092133441 3.095002 0.5
14.474579 8.3956594 -0.71396243 0.30391678 1.841384 0.5
14.848985 2.7577943 -0.083658374 -0.25729367 6.034028 0.5
25.794744 11.119939 -0.23330169 -0.056642347 1.857551 0.5
6.2102404 24.857141 0.16936064 -0.26094943 1.702664 0.5
14.37314 0.900914 -0.11749712 -0.25515598 1.16125 0.5
12.04078 10.071042 0.063003205 0.10617173 4.720586 0.5
20.422914 16.358535 0.098132803 0.33349512 0.205718 0.5
3.3298675 18.25472 -0.2075147 -0.8981354 5.820667 0.5
6.958991 20.703912 0.29206953 0.069364385 3.894129 0.5
25.56521 19.358274 -0.31470075 -0.012219547 3.074393 0.5
25.155994 9.5380401 0.043393185 0.36726772 0.467747 0.5
24.323343 7.188145 -0.097878722 0.079478788 5.60533 0.5
18.82905 6.1105236 -0.63833946 0.11866348 6.227367 0.5
21.023612 4.3767473 0.1103925 -0.12437697 5.177094 0.5
12.451367 3.7354374 -0.059218508 0.036471158 0.203779 0.5
20.076217 7.6699697 -0.039080794 -0.24416312 6.095105 0.5
26.922589 14.197469 0.02257474 0.29767271 5.150288 0.5
17.604656 7.5265889 0.14465813 -0.46516647 3.059892 0.5
6.2227964 3.1552623 0.15255091 -0.16085965 3.692189 0.5
23.243714 14.553946 0.051541404 0.54932523 3.246869 0.5
7.5470922 9.152961 0.021982514 0.28909093 2.032293 0.5
5.0919991 13.389189 0.20283655 -0.066048636 6.136396 0.5
6.9208902 13.040738 0.20900401 0.0093467031 4.563161 0.5
5.0996002 23.829426 0.1785694 -0.22545824 5.916686 0.5
14.416089 19.135001 0.30703979 0.39011433 1.344992 0.5
13.052071 26.732276 0.5029566 -0.73432097 3.633442 0.5
8.5151638 16.463028 0.92404797 0.20718256 2.78777 0.5
1.9166052 19.163954 -0.18252627 0.11516745 1.483056 0.5
15.295986 23.082411 0.4218463 0.20243063 0.879468 0.5
21.655821 24.325633 -0.20034121 -0.051725026 4.923104 0.5
13.262184 9.5441716 -0.24227147 0.079957814 5.350229 0.5
3.5871831 20.828937 0.064092744 -0.48229893 1.508644 0.5
5.3177243 12.037679 0.59963535 -0.16938305 4.32761 0.5
19.950721 6.3674012 -0.34911026 0.18350683 1.3724 0.5
12.528407 24.21 0.99848738 -0.19788597 2.64206 0.5
21.997539 12.921896 -0.037910226 0.090039528 2.466218 0.5
22.510687 17.264417 -0.58444233 0.055010821 0.69625 0.5
10.743137 10.137976 0.14014547 -0.20405158 0.502972 0.5
4.3965296 19.313333 0.1093325 -0.30141313 4.066135 0.5
13.139557 2.4349424 -0.09098508 0.34378008 3.026607 0.5
10.949305 14.785407 0.16514732 0.22024799 6.171553 0.5
16.910553 10.676913 -0.11989619 -0.029713876 3.767955 0.5
8.9236155 18.23216 0.41022536 0.42571093 5.349705 0.5
18.191735 25.652715 0.38331508 -0.038841398 3.28374 0.5
8.2303813 3.2809686 -0.053652629 0.069832209 1.964272 0.5
10.639649 24.563358 -0.8010738 0.7229271 1.170799 0.5
9.313232 23.814454 -0.059221023 -0.41599973 0.802835 0.5
11.386725 26.668183 0.68845845 -0.51782504 5.063896 0.5
15.972003 8.0288426 0.31457263 -0.13490195 2.243796 0.5
22.134995 7.2078896 0.20416584 0.097258023 5.270568 0.5
3.1054288 14.45594 -0.42960822 -0.43455537 5.757172 0.5
8.5850656 15.268067 0.59764405 0.020485102 5.271397 0.5
19.382155 11.562095 -0.19008372 0.085137114 3.151318 0.5
7.1005268 22.443728 0.50232511 -0.13508994 0.221595 0.5
16.2079 12.484638 0.068247069 0.11330257 1.510648 0.5
18.834305 8.3011225 0.28227227 -0.20711106 5.29405 0.5
21.353585 17.471686 0.15722933 -0.177164 2.737677 0.5
16.047537 20.346071 0.055672681 -0.37552212 4.134415 0.5
9.2789559 5.4308518 -0.26118326 0.031719392 1.432456 0.5
19.975989 3.7573863 0.057370892 0.28902644 2.840655 0.5
21.857238 5.1277216 -0.046923636 0.24532084 2.899005 0.5
15.517086 21.413313 0.21033095 -0.38872872 4.137855 0.5
11.927644 22.133273 -0.874112 -1.223125 1.992807 0.5
23.26022 4.4379238 0.16035893 0.16771018 0.375558 0.5
4.7211331 9.0201024 0.30694696 0.091281031 0.629977 0.5
19.350721 22.74148 0.23931395 0.13531125 5.301885 0.5
16.745822 2.3785939 0.17301063 0.40344651 1.197725 0.5
2.5002962 20.404715 0.45227427 -0.30896714 2.939026 0.5
18.040347 4.5078105 0.25578265 -0.073773169 3.912909 0.5
9.898347 1.3246826 -0.19125987 -0.0638563 3.115045 0.5
22.336854 15.318101 -0.01411841 0.042803207 1.662001 0.5
17.992683 10.468971 -0.13924154 0.26389158 0.131507 0.5
