# x y vx vy theta radius
21.211061 4.8175512 0.47877507 -1.180988 5.5544488 0.5
21.018911 24.990193 0.31635303 -0.0061713718 1.764168 0.5
17.873514 17.413605 0.36015746 0.21262539 3.951996 0.5
12.382941 5.2327 -0.04365696 0.52570673 4.259518 0.5
13.958574 21.073736 -0.32193257 0.22044301 1.882067 0.5
13.80138 4.3734044 -0.22306491 -0.0059813369 0.92276 0.5
3.8478964 15.415971 0.16623057 0.33256393 4.981497 0.5
7.2361962 6.9785716 0.4610909 0.013202884 0.663689 0.5
23.834338 8.7451627 0.26087072 0.38322034 4.599871 0.5
2.5211435 20.589401 -0.014412373 0.41922124 3.315122 0.5
4.6000332 8.7526673 0.012209358 0.26391016 5.224588 0.5
11.906289 8.623111 0.30712058 0.22305839 4.739779 0.5
4.7632382 5.9317355 0.22765426 -0.043897323 0.624425 0.5
11.38187 5.9669202 -0.15938561 0.11334789 0.734434 0.5
6.0136448 6.6326472 -0.10218446 -0.010396457 4.989084 0.5
4.2056241 11.36016 -0.15154549 -0.19378073 2.508867 0.5
12.072348 27.163045 -0.11083965 -0.088938335 5.939565 0.5
25.822213 15.323624 0.10285447 -0.33069472 0.028815 0.5
11.305258 21.335323 -0.17739409 -0.23341885 3.449449 0.5
25.081727 10.545655 0.021917716 -0.21632398 0.592282 0.5
8.8993982 6.4469009 -0.17107159 0.24422971 6.045768 0.5
11.156347 14.533784 0.3616673 0.034372345 0.890473 0.5
27.110678 15.64222 -0.056798995 0.078307251 2.353219 0.5
16.215202 13.570899 -0.18545385 0.75575542 1.672869 0.5
1.2298664 12.662972 -0.031497398 0.38425331 4.21507 0.5
24.632708 22.093748 0.015381344 -0.21057656 0.4829 0.5
12.912963 6.3012692 -0.14712228 0.55029874 6.274711 0.5
13.834717 7.2811634 -0.44155808 0.48970923 1.301021 0.5
15.466028 20.675673 0.043511065 0.038384698 3.538852 0.5
11.240995 17.526144 -0.095159202 0.11316108 1.72413 0.5
6.9024641 23.492263 -0.16385237 0.20203408 0.779811 0.5
20.465966 7.1287136 -0.24765346 -0.29438464 1.209651 0.5
8.0118066 19.601949 0.00075837613 0.25803354 5.377079 0.5
18.02613 21.643669 -0.27601518 -0.43751034 3.122843 0.5
6.0485952 14.12245 0.11407314 0.20126592 4.105439 0.5
12.923456 10.447229 -0.81893055 -0.13786997 2.246795 0.5
5.9222143 21.209017 -0.16168668 -0.17840856 3.468535 0.5
9.3824435 17.168798 0.62345044 0.074249817 5.532293 0.5
15.535053 26.267472 -0.3060299 -0.14213231 0.531572 0.5
13.60975 8.8556448 -0.010182547 -0.16191401 5.261584 0.5
14.623628 27.167051 -0.48561516 0.37359408 0.040113 0.5
8.2888927 7.4225653 0.029685823 -0.44313772 4.576591 0.5
6.2697779 18.921128 0.0069186958 0.32877006 0.209824 0.5
10.187724 18.453762 0.040401301 -0.097971455 1.770879 0.5
4.5227679 14.511222 0.32960764 -0.043510002 4.791815 0.5
4.3998529 12.676317 -0.05447963 -0.54826013 2.522673 0.5
9.5929041 22.575759 0.3546902 0.019284612 3.232151 0.5
18.879903 26.519569 0.36916443 -0.40620475 0.943125 0.5
10.08689 15.798508 -0.35437634 -0.097625737 1.031271 0.5
11.395673 12.580899 0.070079425 -0.12501542 1.523797 0.5
1.5635795 16.914868 0.15351565 -0.16581429 1.787492 0.5
11.513238 23.948672 0.11683803 -0.21674714 3.056837 0.5
24.452393 14.876875 -0.11894051 -0.1458225 3.332967 0.5
19.233335 8.4746117 -0.18251009 -0.1942484 3.889918 0.5
10.401638 13.480338 0.29107507 -0.3074055 1.775857 0.5
22.261389 14.808426 0.77509445 0.34861075 4.33857 0.5
24.04105 7.0146367 0.22196389 0.11481785 2.652322 0.5
23.946981 22.981283 -0.087554427 0.33123244 1.360759 0.5
24.464362 9.6285295 1.0944652 0.77108348 1.350476 0.5
8.9679881 11.59294 -0.50160108 -0.24080785 3.139709 0.5
14.532946 20.05564 0.21992901 -0.69125845 3.877928 0.5
11.757772 10.84856 0.041863861 -0.022426001 4.111005 0.5
3.3084953 9.8946994 -0.039614114 0.095231455 4.354529 0.5
10.649299 4.2694992 0.29120761 0.007372838 1.958136 0.5
2.0585341 8.3857447 0.077310603 0.18445266 1.935129 0.5
1.2159826 11.128739 0.34969687 -0.0067036218 0.983243 0.5
12.665962 3.7705417 0.18768335 0.19396079 4.524452 0.5
14.976954 13.27801 0.4483403 -0.17648957 4.628506 0.5
9.9355824 19.835908 0.32558862 -0.11929179 4.619789 0.5
19.462113 21.186971 -0.15898178 -0.21949467 6.246698 0.5
14.831583 16.947228 -0.39534104 0.33994097 2.597917 0.5
13.345538 26.913754 0.34037373 -0.092257065 5.540445 0.5
18.424635 13.970136 0.066525688 0.30194746 1.135786 0.5
22.371025 23.615941 0.32608228 -0.27062025 0.649744 0.5
3.2178558 16.969019 -0.030494827 0.38372245 4.647872 0.5
21.202657 22.630189 -0.28338906 -0.00058489468 3.116928 0.5
7.6195265 15.433874 0.2426937 0.35618918 1.058365 0.5
6.1320696 7.8471464 -0.4017796 0.59133699 1.223223 0.5
6.8162843 20.132295 0.016466813 -0.40554799 6.185729 0.5
20.351178 15.286566 -0.20086611 0.2291141 5.03693 0.5
14.145026 18.146524 0.12699161 0.31688133 0.158334 0.5
22.59917 21.304165 -0.30026153 0.54535653 0.09489 0.5
3.0747635 18.106673 0.079504499 0.20653222 3.182579 0.5
27.127016 16.753627 0.24181199 -0.032964114 5.999337 0.5
10.269816 5.5281505 0.18283989 0.26774172 0.712677 0.5
27.333602 13.155147 -0.51318298 -0.11783528 1.70588 0.5
8.0162056 12.566657 0.021888494 0.26050602 5.092516 0.5
25.601224 17.848145 0.37916883 0.15705301 0.506989 0.5
8.8688076 26.319361 -0.46510778 0.024241869 4.452103 0.5
16.290894 24.96689 -0.35175763 0.45665253 3.429354 0.5
8.0980722 10.78569 -0.029546463 0.39450535 5.942963 0.5
24.288912 13.66811 -0.23280897 0.48174114 2.062723 0.5
18.190548 12.46414 -0.18237981 -0.12901656 2.598321 0.5
9.7666714 1.2629363 -0.52523182 0.0024130338 6.159219 0.5
20.154965 10.462124 -0.088629795 0.03225134 1.488917 0.5
4.4347608 4.6707882 -0.13928813 0.65512963 1.927238 0.5
12.033168 26.052036 -0.70544554 -0.057449459 3.98558 0.5
8.404673 16.519183 0.39554288 0.65127448 3.515453 0.5
19.759279 4.2757514 -0.17574287 0.43935266 3.362574 0.5
5.7840798 24.637963 -0.020105177 -0.023581993 2.617045 0.5
16.79112 20.618156 -0.53589055 -0.018797988 4.416501 0.5
7.4676221 24.463134 -0.36441066 0.14659624 2.357123 0.5
12.402287 17.624991 0.011273589 -0.32913012 0.027213 0.5
3.407923 5.7700625 -0.10973193 0.1396986 3.270335 0.5
2.6219923 14.733231 0.42057419 0.059402945 5.133302 0.5
15.871494 16.245167 -0.12390962 -0.16277036 4.163048 0.5
9.8645494 14.381565 0.025258911 0.028035148 3.93618 0.5
8.809709 23.519975 0.19460143 -0.048002744 5.951127 0.5
7.3369854 8.9047869 -0.1815545 0.24324471 4.082451 0.5
5.6100871 3.8782828 0.076109527 0.40365449 1.780305 0.5
19.278898 15.649979 -0.69129513 -0.075305458 2.847882 0.5
21.391806 10.227541 -0.472238 0.25588144 1.767937 0.5
22.001935 20.151275 0.39092066 0.25445544 0.00135 0.5
20.498476 16.503939 1.0882228 -0.031419578 5.312468 0.5
22.134636 8.1166584 -0.4250782 0.77192943 0.320289 0.5
8.5966943 9.2388926 0.02892332 0.27211781 0.581132 0.5
16.062116 3.280519 0.24400927 -0.019963189 3.087421 0.5
15.911788 10.987863 -0.11586272 -0.19527462 3.560403 0.5
7.0216231 17.613908 -0.26594983 0.098350548 0.555117 0.5
6.9955719 21.597765 -0.61686153 -0.33051772 6.220608 0.5
8.5555149 2.3361576 0.32353435 -0.25880416 5.652715 0.5
23.340772 12.001189 -0.27252665 0.23450292 0.827952 0.5
10.790868 24.838801 0.034418094 0.14917884 1.054048 0.5
6.0010534 11.626376 0.42928003 0.21952755 0.319962 0.5
15.169262 8.8694162 0.63360333 -0.14501179 2.464344 0.5
21.436939 17.037937 0.10034815 0.10287137 3.780782 0.5
13.727274 25.469449 -0.15948248 0.037347404 0.745414 0.5
8.2314046 22.058273 -0.44208181 -0.17646284 3.348875 0.5
6.1901284 12.888875 0.47085186 0.12436608 5.365761 0.5
4.6760073 23.151493 -0.45556569 -0.26185782 0.445642 0.5
26.281961 18.830438 -0.05656113 -0.34086367 2.979068 0.5
17.608287 9.4839792 0.21014812 0.16949619 2.813895 0.5
16.537387 4.2637392 -0.25968551 0.020458337 4.039246 0.5
6.2403713 15.349101 0.10327088 -0.46771123 4.602055 0.5
5.5170439 17.359205 0.14174335 0.25207624 1.676583 0.5
12.219993 20.537546 -0.020195147 -0.30004861 1.207935 0.5
18.962903 6.9384228 -0.48132604 -0.3563824 6.164191 0.5
14.437648 9.7478194 0.43101381 0.28945988 1.491784 0.5
23.220821 13.876164 -0.25634661 -0.28724393 6.269379 0.5
12.408413 15.617471 -0.17057474 0.19568546 0.35856 0.5
5.7980615 23.066287 0.27098235 -0.24375515 0.326238 0.5
25.510774 16.529593 -0.32299751 -0.30107569 1.608548 0.5
21.235102 14.318005 0.31924718 -0.2183106 2.616667 0.5
0.78495877 15.938171 0.016101512 0.250385 0.410672 0.5
23.628374 19.244376 -0.41608316 -0.3122394 3.210668 0.5
23.28505 20.375194 0.0055886577 0.78308398 0.309541 0.5
17.55254 2.96421 -0.016650014 -0.26584249 1.761874 0.5
5.5628413 19.900842 0.23474638 0.15965102 4.731547 0.5
3.3477985 13.042885 -0.20559911 -0.15296463 0.313065 0.5
14.126488 10.936442 -0.10803951 -0.42500049 0.087229 0.5
19.069535 16.853984 -0.27708616 -0.29043737 5.713071 0.5
9.6008226 9.9358505 0.28297746 0.15270639 0.34983 0.5
19.161282 18.393834 -0.76594147 0.088483673 2.015368 0.5
2.3265096 13.626077 0.17166444 0.019796829 0.42176 0.5
6.7526978 25.301762 0.14069504 0.30393869 5.580866 0.5
18.99168 22.321457 -0.36758563 -0.04571003 4.066321 0.5
15.183592 6.4345859 0.042239764 0.44216575 5.863794 0.5
7.992462 14.118346 0.04828199 -0.28068277 5.355125 0.5
10.013377 3.0944696 0.43345928 -0.025195695 5.404824 0.5
17.267677 23.660569 0.054760928 0.0044715981 1.361005 0.5
19.111307 2.7448781 -0.40308445 0.40255229 5.19755 0.5
9.9263648 12.389871 -0.60432679 0.52220479 5.853071 0.5
1.9371235 18.290672 0.30973768 -0.036445622 2.830697 0.5
4.15812 16.486555 0.035334697 0.42631939 3.251414 0.5
5.6670073 10.251515 0.47766326 0.029311308 3.305262 0.5
19.140099 5.1606261 0.079446973 -0.31170798 3.841898 0.5
18.195976 6.1792748 0.37099469 0.0053734156 4.917041 0.5
12.630295 13.523574 -0.23964659 -0.30260628 1.726803 0.5
12.422435 24.957424 0.18806864 0.35157182 2.534849 0.5
22.224563 11.956337 0.38369377 0.15792666 1.985571 0.5
18.688038 11.07646 0.050959859 -0.2396633 5.636684 0.5
27.099297 14.4366 0.21557905 0.34341123 0.642493 0.5
11.233616 19.891757 0.52476863 -0.15906738 5.796573 0.5
10.054385 21.552465 0.101035 -0.087154158 4.738871 0.5
5.8985204 5.1427787 -0.017901467 0.21474188 1.568073 0.5
7.1425427 3.4553972 0.10416969 -0.56915151 2.749741 0.5
19.702252 13.829203 -0.42202833 -0.018765207 1.171823 0.5
10.37387 7.8363117 -0.33539823 -0.17693015 2.226958 0.5
13.174519 19.626327 -0.69329861 -0.40426139 1.548545 0.5
4.4790764 17.967958 0.12515161 -0.26757992 3.653333 0.5
3.2419102 8.7101662 -0.14502799 0.063221153 4.394256 0.5
13.750115 16.700188 0.17487335 -0.068661316 0.605652 0.5
10.971961 9.753354 0.31005136 0.011446469 3.106146 0.5
16.243726 27.16788 0.022697202 0.092536616 3.095002 0.5
6.7460575 16.539098 0.034442739 0.50822362 1.841384 0.5
13.204434 22.719125 -0.074081505 -0.46608414 6.034028 0.5
12.000681 22.858833 0.13305791 0.11619794 1.857551 0.5
7.2554651 5.1898425 -0.017087447 -0.22521311 1.702664 0.5
18.920985 9.8656506 -0.037571486 -0.35854716 1.16125 0.5
16.16992 22.37292 0.39167711 -0.15483775 4.720586 0.5
15.805263 7.4571174 -0.29164792 -0.12794242 0.205718 0.5
4.2513463 19.805503 -0.0055703845 0.076921816 5.820667 0.5
9.1428726 4.555737 0.037865877 0.20786233 3.894129 0.5
19.873815 24.127982 -0.21814153 0.47612114 3.074393 0.5
14.792071 5.1220308 -0.20116125 -0.42072913 0.467747 0.5
25.921842 13.564234 0.64521102 -0.36911583 5.60533 0.5
3.5655839 7.1603938 0.12239489 0.55746514 6.227367 0.5
14.619022 24.670027 -0.47896484 -0.22078622 5.177094 0.5
16.051162 9.6199736 -0.28786454 0.61590165 0.203779 0.5
5.1425256 22.137826 0.032070433 0.17030563 6.095105 0.5
17.941748 4.2393952 -0.528409 -0.59252229 5.150288 0.5
21.211363 13.038245 -0.15097712 0.15383417 3.059892 0.5
18.745225 24.123474 -0.40423967 0.17130917 3.692189 0.5
1.2301535 14.260953 0.042574436 0.19497055 3.246869 0.5
11.205144 15.790686 -0.4349102 -0.7103777 2.032293 0.5
10.404877 11.246772 0.14891518 -0.41075704 6.136396 0.5
21.199169 18.867877 -0.73212703 0.80098804 4.563161 0.5
8.785896 24.755809 0.044142183 -0.03373324 5.916686 0.5
13.680715 11.982505 -0.2641288 -0.2417151 1.344992 0.5
26.164434 9.2706796 0.11730766 -0.60359803 3.633442 0.5
12.438101 11.916837 0.21512043 0.40031352 2.78777 0.5
16.875823 18.711034 -0.063911537 -0.39746459 1.483056 0.5
24.70633 12.389605 0.026648067 0.33619196 0.879468 0.5
6.8521376 10.715622 -0.12099516 -0.17629907 4.923104 0.5
10.536497 6.6919166 0.087733571 -0.21816277 5.350229 0.5
10.294156 26.536363 0.18507907 0.74171032 1.508644 0.5
2.4925118 10.934341 0.02835156 0.18815003 4.32761 0.5
15.306003 12.227506 0.30344315 -0.024262793 1.3724 0.5
20.222622 18.036173 -0.01395556 0.42841177 2.64206 0.5
20.680245 9.3087639 0.24198319 -0.36116803 2.466218 0.5
16.606168 8.4780516 -0.66249484 0.47747238 0.69625 0.5
13.11859 0.68118555 -0.44246061 -0.48499067 0.502972 0.5
18.202823 8.0612578 0.33522236 0.043781853 4.066135 0.5
25.232167 20.135777 -0.10917242 0.13032963 3.026607 0.5
11.122918 1.0298056 0.1165979 -0.39544197 6.171553 0.5
2.0402458 19.565592 -0.054820512 -0.30917641 3.767955 0.5
3.4001578 21.994566 -0.40748015 -0.51812287 5.349705 0.5
14.579691 2.0525976 0.30058434 -0.096446496 3.28374 0.5
17.185714 14.20154 -0.82634791 0.21319714 1.964272 0.5
12.777428 21.648814 -0.0016549173 0.13891228 1.170799 0.5
20.484304 20.788406 -0.17063073 -0.21485843 0.802835 0.5
11.32909 2.6097317 0.38331405 -0.20794817 5.063896 0.5
16.378073 1.350072 -0.014367365 -0.13594519 2.243796 0.5
24.41856 20.889929 0.58157352 -0.15235522 5.270568 0.5
15.3457 23.155435 -0.08129102 0.42087631 5.757172 0.5
21.676313 15.869198 -0.020522231 0.29282298 5.271397 0.5
18.624468 1.3712838 -0.318304 0.51829362 3.151318 0.5
17.228531 7.552324 -0.36757177 -0.38277936 0.221595 0.5
25.482559 8.1955945 -0.14990042 0.39659356 1.510648 0.5
22.286704 4.3996047 0.49938455 -0.43775262 5.29405 0.5
3.1820025 19.406899 0.39415071 0.37815081 2.737677 0.5
13.237481 23.927422 0.2252108 -0.066446489 4.134415 0.5
12.714075 7.7870068 0.076515005 -0.19648744 1.432456 0.5
6.1830096 9.0591672 -0.14308409 -0.090438034 2.840655 0.5
24.445442 16.749815 -0.068579532 -0.32221181 2.899005 0.5
8.7953102 20.561871 -0.042360433 -0.20344991 4.137855 0.5
12.071072 19.100825 -0.037984935 0.31312389 1.992807 0.5
17.80442 19.355435 0.22319802 -0.21424359 0.375558 0.5
25.691171 11.496978 -0.46408327 0.064397799 0.629977 0.5
17.310722 11.885599 0.49913678 0.27003941 5.301885 0.5
22.684739 9.1618072 0.49088729 -0.25053687 1.197725 0.5
1.4761888 9.8914336 -0.14369153 -0.030272949 2.939026 0.5
17.20768 15.271887 0.15755549 -0.10010594 3.912909 0.5
15.755569 18.074239 -0.10034208 -0.067054775 3.115045 0.5
23.21131 10.734177 -0.20655505 0.62741574 1.662001 0.5
23.68614 15.963087 0.29418441 0.080708717 0.131507 0.5
