# x y vx vy theta radius
6.5481989 9.6841762 0.35365579 1.692702 1.4474466 0.5
11.666417 7.5585352 -0.078706403 -0.96248413 1.764168 0.5
15.68159 1.9506282 -0.1430063 -0.075835464 3.951996 0.5
15.824533 10.605864 -0.65422116 0.46831524 4.259518 0.5
13.088303 24.116397 -0.54551341 -0.35232834 1.882067 0.5
16.442288 6.2084126 -0.092289278 0.058988903 0.92276 0.5
19.494344 4.3371027 -0.27651874 -0.058075395 4.981497 0.5
21.129498 13.715077 0.15848189 -0.018846514 0.663689 0.5
5.3499799 20.010354 -0.04611346 0.63091609 4.599871 0.5
1.1569932 10.1563 -0.2252086 -0.44678056 3.315122 0.5
21.352423 2.9772334 -0.049582741 -0.12741722 5.224588 0.5
6.0781078 16.809038 -0.11861007 0.44822709 4.739779 0.5
14.792663 18.115773 -0.30190313 0.22743628 0.624425 0.5
18.07628 14.806216 -0.066560388 0.11517374 0.734434 0.5
20.623916 21.962492 -0.31845045 0.36994136 4.989084 0.5
17.164451 9.452976 0.04037053 0.1252013 2.508867 0.5
24.806825 15.013002 0.21290252 -0.37992241 5.939565 0.5
12.720246 27.34098 -0.12642493 -0.14850767 0.028815 0.5
23.074741 16.008773 -0.081729162 -0.32388175 3.449449 0.5
7.0837429 19.951377 -0.10393961 0.31380768 0.592282 0.5
8.320358 24.71059 -0.61451886 0.37091694 6.045768 0.5
10.136145 9.4786935 0.60568583 0.22779168 0.890473 0.5
16.097171 19.933293 -0.15467819 -0.086620947 2.353219 0.5
2.3238846 14.749789 0.68984523 0.35102124 1.672869 0.5
10.844358 2.6905437 0.018491943 -0.091906852 4.21507 0.5
23.625382 18.101667 0.20673136 0.62824866 0.4829 0.5
23.5516 8.5225828 -0.10552348 -0.4212105 6.274711 0.5
22.442825 14.1096 -0.013789333 -0.18900224 1.301021 0.5
3.5583156 10.722522 0.31859039 0.52046786 3.538852 0.5
21.551259 11.337285 -0.29977484 -0.30260696 1.72413 0.5
22.558557 12.73492 0.070938626 0.15740166 0.779811 0.5
23.648622 12.09525 -0.21987901 -0.42197806 1.209651 0.5
14.505799 8.259328 -0.17485545 -0.23785943 5.377079 0.5
17.669603 13.344624 0.048335884 0.21021225 3.122843 0.5
6.5978089 23.520671 -0.20104809 -0.10282313 4.105439 0.5
2.04828 16.048834 0.20743047 -0.25187288 2.246795 0.5
13.478505 14.007459 -0.028054767 -0.41409539 3.468535 0.5
18.467386 3.7987144 0.078742034 -0.17847629 5.532293 0.5
16.653868 21.095867 -0.075792821 -0.16582845 0.531572 0.5
14.226339 1.5067686 0.22918607 -0.55101583 5.261584 0.5
14.343432 23.427983 0.28289972 -0.23664322 0.040113 0.5
14.440038 19.282879 -0.14957981 0.1536197 4.576591 0.5
19.447648 21.15299 0.30079651 -0.16584455 0.209824 0.5
21.454759 18.556708 0.10789341 -0.16862586 1.770879 0.5
23.294335 23.372168 0.26013895 -0.049217149 4.791815 0.5
9.1697082 16.883788 0.38128511 0.58221379 2.522673 0.5
10.272922 24.163781 -0.2691522 -0.086853175 3.232151 0.5
15.18867 12.411519 0.68276781 -0.47938629 0.943125 0.5
6.7529696 12.649763 -0.28868614 0.8781 1.031271 0.5
8.4090166 3.9800823 0.64142066 0.22275283 1.523797 0.5
14.910444 3.0973687 -0.019914532 0.21092822 1.787492 0.5
14.059542 12.714996 -0.023030961 0.031151275 3.056837 0.5
14.9536 27.303221 0.098450706 -0.38802919 3.332967 0.5
27.084554 12.131298 0.0079591861 -0.35094824 3.889918 0.5
4.2728245 22.100705 -0.2800272 -0.54050019 1.775857 0.5
19.931841 8.6841105 0.16247576 -0.14867138 4.33857 0.5
6.4621568 3.8255306 0.29466 0.013781669 2.652322 0.5
20.038018 19.941512 -0.2539077 0.091307957 1.360759 0.5
4.9665979 16.963574 -0.57286625 -0.081528451 1.350476 0.5
15.410272 25.222623 0.0773589 -0.024211764 3.139709 0.5
11.641578 1.6301911 0.2114086 -0.45195323 3.877928 0.5
20.190814 18.827729 0.13220864 -0.19929247 4.111005 0.5
6.702555 17.942864 0.16122306 -0.02430726 4.354529 0.5
14.048884 6.4108869 -0.34777982 0.080682029 1.958136 0.5
23.483993 14.822227 -0.18648589 0.58710593 1.935129 0.5
12.749527 5.7214316 0.40465054 0.07494498 0.983243 0.5
9.0066833 18.440292 0.15870155 0.042965691 4.524452 0.5
23.834666 10.957844 -0.014223578 0.30200224 4.628506 0.5
17.824428 23.49941 0.05168645 -0.80793431 4.619789 0.5
18.818326 1.5854801 0.55836211 0.004296353 6.246698 0.5
24.469202 19.951287 -0.18952721 0.11452354 2.597917 0.5
24.610778 12.800196 0.027554137 -0.17495997 5.540445 0.5
26.31658 8.6595136 -0.42050352 0.37062006 1.135786 0.5
19.620059 22.65411 0.1810236 -0.72738619 0.649744 0.5
16.555777 3.1879495 -0.55620042 0.36045615 4.647872 0.5
8.6930396 13.503734 -0.55098315 0.1445841 3.116928 0.5
12.377039 14.038916 -0.071004045 0.07774123 1.058365 0.5
20.446098 5.5922471 -0.32138002 -0.085025574 1.223223 0.5
24.141928 5.8079996 0.8095016 -0.10097798 6.185729 0.5
18.72645 13.624678 0.12272875 -0.24100497 5.03693 0.5
6.0495526 24.500172 -0.050682743 0.15602828 0.158334 0.5
13.462826 25.396866 -0.15693681 -0.22201111 0.09489 0.5
6.2967778 13.929581 -0.62424093 0.12009347 3.182579 0.5
21.245669 4.4081978 0.20195274 -0.56455971 5.999337 0.5
18.745132 12.031143 -0.34493569 0.063595192 0.712677 0.5
22.694825 6.0151678 0.062866636 0.63364457 1.70588 0.5
11.909434 22.517666 0.12748336 -0.18581736 5.092516 0.5
18.158637 4.8415412 0.40714105 -0.087829969 0.506989 0.5
25.879304 19.93096 0.17499486 -0.25637037 4.452103 0.5
11.380884 4.7857647 0.17112653 0.146977 3.429354 0.5
15.713978 15.51919 -0.21389173 0.40717806 5.942963 0.5
17.202098 2.2694423 -0.35519401 -0.33848547 2.062723 0.5
11.089826 10.919448 -0.53691938 0.20225395 2.598321 0.5
16.87839 14.406711 0.2203884 0.35717536 6.159219 0.5
12.294446 11.030935 -0.12412153 -0.054320057 1.488917 0.5
21.127967 7.0112898 0.12428158 0.67997847 1.927238 0.5
26.132264 15.417803 -0.29952686 -0.15785884 3.98558 0.5
8.670943 5.0854019 0.43357336 -0.63691098 3.515453 0.5
20.48418 16.517684 -0.20492506 0.25139214 3.362574 0.5
20.434782 25.551644 -0.35036139 -0.17717215 2.617045 0.5
15.788882 18.754028 0.16725466 -0.27771515 4.416501 0.5
16.613548 27.136995 0.14425829 0.10384162 2.357123 0.5
14.765593 11.256484 0.11671596 -0.10639192 0.027213 0.5
24.972369 18.343267 0.14109158 -0.044451693 3.270335 0.5
24.182966 15.937463 -0.054006184 0.044692934 5.133302 0.5
15.925559 17.250795 0.14038056 -0.016597998 4.163048 0.5
18.567612 6.5381445 0.069270063 0.041459886 3.93618 0.5
18.188046 21.879713 -0.24524377 0.39168492 5.951127 0.5
13.397439 18.047493 -0.19314069 0.18087361 4.082451 0.5
8.6289386 23.053578 -0.12722374 0.31766446 1.780305 0.5
17.970593 16.199871 -0.17876269 -0.07188058 2.847882 0.5
5.6144262 21.836457 0.067354049 -0.14164029 1.767937 0.5
11.023128 25.242557 -0.013458403 -0.063944852 0.00135 0.5
10.181693 1.0880895 -0.040808686 -0.0018774254 5.312468 0.5
2.369213 19.417997 0.46589505 0.080416843 0.320289 0.5
15.991479 4.2988425 -0.13655178 -0.22704124 0.581132 0.5
19.699447 13.041124 0.28662072 0.32386086 3.087421 0.5
21.758656 15.839284 -0.16128529 0.16559856 3.560403 0.5
19.916402 15.306869 -0.001182585 0.20604309 0.555117 0.5
11.585956 12.455209 -0.27026276 -0.3592421 6.220608 0.5
22.69331 3.8438599 -0.63730143 0.41344127 5.652715 0.5
24.013331 9.6750609 -0.047000993 0.040955069 0.827952 0.5
18.547996 9.4499276 -0.36265956 0.25114792 1.054048 0.5
17.582561 11.937891 0.12806661 0.44478224 0.319962 0.5
22.263177 7.5855455 0.12838378 0.36768686 2.464344 0.5
11.106615 19.703025 -0.19535705 0.25200628 3.780782 0.5
13.360087 11.233223 -0.030031945 0.36286628 0.745414 0.5
18.772451 10.553834 0.12347625 0.4162683 3.348875 0.5
20.135781 2.6682737 0.058980135 -0.26895654 5.365761 0.5
7.5759417 3.0240522 0.621917 0.0072161161 0.445642 0.5
26.624552 11.113687 0.10503598 0.056046734 2.979068 0.5
12.760822 16.74061 -0.43050992 -0.067258591 2.813895 0.5
16.895403 24.341643 0.23402812 -0.044487177 4.039246 0.5
24.818486 8.5330895 0.00029525951 -0.21630018 4.602055 0.5
13.734779 2.7784959 -0.16432791 -0.057002966 1.676583 0.5
12.187475 15.220179 0.080447196 0.30765355 1.207935 0.5
15.495666 22.071484 -0.0096933861 0.35925742 6.164191 0.5
12.674896 20.292496 -0.29517923 0.57866501 1.491784 0.5
16.088477 9.5158329 0.29234927 -0.6327466 6.269379 0.5
13.427395 7.8651927 0.98221762 0.13489948 0.35856 0.5
11.498448 6.0131234 0.017277432 0.49598091 0.326238 0.5
8.7355273 21.601965 0.21221103 -0.14424078 1.608548 0.5
23.256067 20.467643 -0.012240089 -0.46386137 2.616667 0.5
7.2063181 15.713769 0.14866007 -0.28854503 0.410672 0.5
2.1883087 11.102341 0.60560397 0.64266074 3.210668 0.5
5.6044323 12.464821 0.037166139 0.21020332 0.309541 0.5
13.959712 26.841138 0.035875841 -0.070210575 1.761874 0.5
21.253078 23.872746 0.3308763 0.26319837 4.731547 0.5
8.8329617 20.161374 -0.1736032 -0.0075829595 0.313065 0.5
19.30984 16.517148 -0.2642528 0.13824088 0.087229 0.5
21.916748 17.131447 0.14579573 0.012113665 5.713071 0.5
9.9500695 10.727185 0.19836745 0.7249554 0.34983 0.5
14.577925 14.891194 -0.20946997 -0.12410378 2.015368 0.5
24.741023 6.9622872 0.14364748 0.33233091 0.42176 0.5
7.7294487 6.9992818 0.33590007 -0.18094968 5.580866 0.5
25.53983 13.876416 0.13172975 -0.19890848 4.066321 0.5
11.409164 23.994763 0.073633265 0.49886734 5.863794 0.5
25.197545 21.122384 -0.44452626 0.34232981 5.355125 0.5
17.445164 6.5873804 -0.05001623 -0.29061252 5.404824 0.5
4.4225881 11.676664 0.12394626 -0.17206706 1.361005 0.5
3.9948361 8.8502968 -0.016898222 -0.63161112 5.19755 0.5
3.1596285 13.096289 0.41887473 -0.38943188 5.853071 0.5
18.963269 24.482325 0.058191815 -0.34240974 2.830697 0.5
20.127894 14.177942 0.26336516 -0.0081934257 3.251414 0.5
8.6192922 1.7577631 -0.13301752 0.049693656 3.305262 0.5
9.7032808 14.508384 -0.28144441 0.93005406 3.841898 0.5
17.260518 18.952517 -0.3938564 0.1340275 4.917041 0.5
9.8334501 5.5492481 0.55576235 -0.58723646 1.726803 0.5
16.073047 23.473117 0.12768262 0.15534926 2.534849 0.5
7.2150486 24.513769 0.40766282 -0.08981872 1.985571 0.5
1.1561018 13.876953 0.056028359 -0.51374113 5.636684 0.5
23.567634 13.518997 -0.41055871 0.23169108 0.642493 0.5
14.335509 4.0149088 -0.075606858 0.33840042 5.796573 0.5
17.21362 4.1208432 0.076335738 -0.16938887 4.738871 0.5
16.721181 25.470663 -0.30809715 -0.19823886 1.568073 0.5
16.313275 11.814585 -0.051766098 -0.19238137 2.749741 0.5
24.920642 16.782015 -0.14610417 0.015434678 1.171823 0.5
9.9536488 21.152027 0.44853679 -0.16533468 2.226958 0.5
18.653005 17.421592 0.13775571 0.12420741 1.548545 0.5
13.205294 19.195327 -0.10850488 -0.045712812 3.653333 0.5
9.6903251 6.9800192 -0.28526095 -0.05295763 4.394256 0.5
10.319821 3.9448464 0.86044415 -0.25038355 0.605652 0.5
11.206382 9.6548291 0.25857326 -0.022884901 3.106146 0.5
13.731744 5.0631067 -0.10271067 -0.157628 3.095002 0.5
17.663868 1.1156556 -0.30485787 0.45396515 1.841384 0.5
14.621027 16.537891 -0.31843032 0.018310014 6.034028 0.5
18.379213 20.318945 -0.26567786 0.013308724 1.857551 0.5
26.304942 9.8893701 0.030766773 0.45080073 1.702664 0.5
9.33356 11.705855 -0.28489456 0.18532312 1.16125 0.5
12.012049 8.7754691 0.48839963 0.22791058 4.720586 0.5
1.0409501 15.740134 0.34471198 0.3979865 0.205718 0.5
21.304543 19.788134 -0.39136061 -0.12047784 5.820667 0.5
8.2504068 7.9947145 0.63807084 -0.17364358 3.894129 0.5
16.659176 8.4193247 0.35663611 0.30978493 3.074393 0.5
22.3417 9.7384022 -0.26310834 0.24688633 0.467747 0.5
1.1928995 12.29087 -0.24061178 0.15288186 5.60533 0.5
3.899875 20.395212 0.18150045 -0.16977712 6.227367 0.5
11.082808 15.552812 1.0463858 0.11801356 5.177094 0.5
17.063627 17.532182 -0.20827806 -0.32544603 0.203779 0.5
13.235821 21.826615 0.26137923 -0.21430602 6.095105 0.5
20.889495 9.6515753 -0.10894247 -0.08823173 5.150288 0.5
6.1558939 6.3757332 -0.50906561 0.37545785 3.059892 0.5
9.5952107 8.247151 1.017347 0.13915239 3.692189 0.5
24.433712 22.392915 0.54850837 0.042854163 3.246869 0.5
8.3758756 14.701047 -0.55997851 -0.30065693 2.032293 0.5
23.515877 21.723745 -0.12176388 -0.2066622 6.136396 0.5
7.1529087 22.479697 -0.20037263 0.85799823 4.563161 0.5
16.986835 10.59887 0.25143066 0.00018717221 5.916686 0.5
22.364745 24.211615 -0.10849486 0.48353522 1.344992 0.5
9.4186715 3.0695794 0.15279883 0.27559391 3.633442 0.5
12.467263 2.9711022 -0.074493613 0.10009203 2.78777 0.5
10.633902 13.533243 -0.20611228 0.099310972 1.483056 0.5
20.368409 10.634205 -0.087937341 0.009757323 0.879468 0.5
13.874665 20.378111 -0.22764744 0.23888931 4.923104 0.5
12.299355 4.2658992 0.17053987 0.11077808 5.350229 0.5
12.151428 18.827621 -0.42989516 0.082498918 1.508644 0.5
5.0881202 15.739149 0.48947616 0.93765097 4.32761 0.5
16.902064 15.788654 -0.0098676548 0.20985473 1.3724 0.5
2.5489583 18.315669 0.24148177 -0.22002725 2.64206 0.5
18.903889 2.6580344 -0.14616275 -0.32923563 2.466218 0.5
23.311295 4.9708726 0.29359165 0.14488155 0.69625 0.5
5.6924322 10.357741 0.40370977 -0.17548215 0.502972 0.5
21.974787 22.902691 0.65499205 0.067240881 4.066135 0.5
21.213251 8.2510543 -0.34159326 -0.14216346 3.026607 0.5
20.936431 12.231785 0.14474561 -0.16932916 6.171553 0.5
10.690084 18.134306 0.24544423 -0.16252476 3.767955 0.5
15.125743 20.980792 0.24036169 -0.079729716 5.349705 0.5
13.904095 9.2807286 0.11448559 -0.0010076244 3.28374 0.5
11.104123 21.19763 -0.42258341 -0.28143399 1.964272 0.5
15.244804 5.6940506 -0.14544367 0.25880603 1.170799 0.5
16.461815 13.231578 -0.54151808 -0.034268545 0.802835 0.5
7.7308309 9.0731538 0.68964346 -1.1804022 5.063896 0.5
21.977308 21.083822 0.076493933 -0.18407325 2.243796 0.5
4.0927956 18.780477 0.41513628 -0.36602 5.270568 0.5
26.552844 16.546342 -0.079496193 -0.28212719 5.757172 0.5
9.0679986 25.635831 -0.11492906 -0.27741125 5.271397 0.5
22.768299 11.407484 -0.031673165 -0.33857271 3.151318 0.5
25.314842 10.383413 -0.1504355 0.10332296 0.221595 0.5
8.1049457 11.922492 0.026917115 0.016363622 1.510648 0.5
18.769898 7.7799583 -0.20040352 -0.29201001 5.29405 0.5
8.739427 10.761715 0.18037947 0.50376733 2.737677 0.5
26.909478 14.401632 0.044317067 -0.21054185 4.134415 0.5
10.087177 26.371421 0.041207897 0.37218886 1.432456 0.5
23.524695 7.2151455 0.20370517 -0.048866435 2.840655 0.5
20.053082 7.2329839 0.076617438 -0.017698757 2.899005 0.5
7.3030458 25.636068 0.33363818 -0.21947357 4.137855 0.5
26.106268 17.78297 -0.25621301 -0.093415019 1.992807 0.5
5.124049 23.32477 0.21677535 -0.23988426 0.375558 0.5
5.3619905 18.018106 -0.50147552 -0.082637136 0.629977 0.5
1.0064018 17.356944 -0.11191858 0.52958722 5.301885 0.5
8.1256743 17.633415 0.10044944 0.157146 1.197725 0.5
18.389782 25.459672 0.73421797 -0.11411344 2.939026 0.5
16.400987 0.93081572 0.078300801 -0.045278257 3.912909 0.5
15.589236 7.1034954 0.11674283 0.2166882 3.115045 0.5
19.805313 17.765173 0.070844845 0.25065036 1.662001 0.5
18.701153 18.95151 0.17883511 0.42718902 0.131507 0.5
