# x y vx vy theta radius
20.20444 5.5607346 -0.27050298 0.77648079 4.2119537 0.5
4.6134288 18.84191 -0.64802894 0.10352079 1.764168 0.5
12.95318 18.445935 -0.15056145 0.24896249 3.951996 0.5
15.381726 16.634738 0.3080997 0.31307922 4.259518 0.5
25.515556 15.092657 -0.52268199 -0.48619855 1.882067 0.5
21.516076 18.145793 0.49984299 0.65289908 0.92276 0.5
16.550797 24.435867 0.28780718 0.3397878 4.981497 0.5
6.7420894 8.4795763 -0.080247042 -0.36846182 0.663689 0.5
12.517484 26.072365 -0.15134923 -0.39198539 4.599871 0.5
16.871938 12.267672 0.041407884 -0.23781891 3.315122 0.5
8.4284109 13.461158 0.37156944 -0.80985771 5.224588 0.5
3.520004 11.05181 0.40964889 -0.29944815 4.739779 0.5
11.843982 26.914658 0.062077818 -0.44935391 0.624425 0.5
23.655442 5.4560568 0.18908847 0.37712596 0.734434 0.5
21.499259 20.399867 0.034751903 -0.24271124 4.989084 0.5
23.261845 4.3121051 0.22281205 0.50767055 2.508867 0.5
18.200877 9.9299973 -1.2308286 -0.32421109 5.939565 0.5
14.968744 27.309787 -0.36666727 0.10261772 0.028815 0.5
10.421274 14.644809 -0.011912364 -0.026208037 3.449449 0.5
4.3705374 11.837214 0.15936152 -0.067854737 0.592282 0.5
14.605108 4.3765386 -0.093109972 0.32881537 6.045768 0.5
15.817598 9.5667391 0.55029199 0.012621909 0.890473 0.5
11.793409 22.200391 -0.32213844 -0.0032202954 2.353219 0.5
11.048945 9.8747963 -0.20155892 0.041097595 1.672869 0.5
11.151717 8.442744 0.14294307 0.078675748 4.21507 0.5
10.925273 6.9339932 -0.077350847 -0.25428273 0.4829 0.5
4.9244258 13.27759 -0.68869091 0.44944652 6.274711 0.5
8.199875 3.7234047 0.033169797 -0.041693209 1.301021 0.5
14.500856 7.9306296 0.34946281 -0.28723634 3.538852 0.5
27.206673 11.562805 0.030390283 -0.37799795 1.72413 0.5
1.5222308 16.697657 0.090358556 -0.46223685 0.779811 0.5
8.6027954 17.699706 -0.21263962 -0.31071102 1.209651 0.5
13.156879 9.146577 0.080919016 -0.25144826 5.377079 0.5
17.048969 21.333039 0.092650934 0.84020542 3.122843 0.5
12.287449 12.210608 -0.44644787 -0.14718954 4.105439 0.5
8.0047701 1.98975 0.18781773 -0.64224235 2.246795 0.5
14.474042 13.697987 0.16470684 0.3222693 3.468535 0.5
6.5746548 19.644914 0.13485531 -0.2366188 5.532293 0.5
18.620618 6.2265503 0.017897948 -0.17729206 0.531572 0.5
15.21754 3.3459782 -0.51730111 0.3770608 5.261584 0.5
22.905488 7.3755466 0.62687021 1.0263573 0.040113 0.5
16.036475 15.574362 -0.070816196 0.049737831 4.576591 0.5
17.89635 15.375193 0.31628667 0.20536863 0.209824 0.5
3.1656876 20.42257 0.086439203 -0.20438562 1.770879 0.5
20.10274 21.959166 0.1721772 -0.016764789 4.791815 0.5
15.710465 22.435094 0.38592452 0.38744897 2.522673 0.5
3.541983 14.985399 0.2818228 0.16395759 3.232151 0.5
18.889925 12.731007 0.67583219 -0.39682323 0.943125 0.5
16.981044 23.224724 0.021043562 0.38863926 1.031271 0.5
8.3382937 10.685528 -0.15886067 -0.042134672 1.523797 0.5
9.5519691 1.2868585 0.65003545 -0.18188679 1.787492 0.5
14.164069 14.837935 -0.051465376 -0.048724882 3.056837 0.5
16.811438 16.652352 0.28822025 -0.34902845 3.332967 0.5
3.6211309 16.449646 -0.15581385 0.27930056 3.889918 0.5
17.61002 1.4796208 -0.28585869 0.08003204 1.775857 0.5
5.8268207 3.6521829 0.25368316 -0.089859768 4.33857 0.5
14.300962 9.2075409 -0.88106476 0.065897136 2.652322 0.5
5.348435 9.9585774 -0.063506013 -0.039587097 1.360759 0.5
14.748942 21.690661 -0.30816507 0.27304904 1.350476 0.5
6.0721655 20.897217 0.054771691 0.12101785 3.139709 0.5
11.266088 15.834073 0.077881362 -0.30206217 3.877928 0.5
8.2035633 15.255534 0.17916205 -0.062221288 4.111005 0.5
3.129456 12.885146 -0.5512137 0.37983129 4.354529 0.5
12.06471 23.987356 -0.030704366 0.029728344 1.958136 0.5
6.777772 21.885899 -0.0077803711 0.15273318 1.935129 0.5
12.001196 17.39333 -0.32199114 -0.3954973 0.983243 0.5
6.0195904 11.45415 -0.19565819 -0.11535432 4.524452 0.5
24.898087 21.527063 0.65339416 0.30565639 4.628506 0.5
11.499695 5.1707335 -0.71135887 0.2292257 4.619789 0.5
17.250708 25.377967 -0.48769425 -0.022352125 6.246698 0.5
7.0154186 2.5482477 0.6408768 -0.014198718 2.597917 0.5
9.6500477 21.175886 -0.081109639 -0.021043925 5.540445 0.5
1.6663618 9.0958546 -0.084115091 0.001937266 1.135786 0.5
18.192389 19.692077 0.17388617 -0.64070477 0.649744 0.5
5.3552919 16.239081 -0.086103042 -0.078491931 4.647872 0.5
9.7665836 26.738713 0.49835867 0.57373393 3.116928 0.5
24.844026 11.565515 -0.16983524 0.24559886 1.058365 0.5
14.070843 6.9153996 0.032200739 -0.26400406 1.223223 0.5
12.811392 4.9866572 -0.44932445 0.099647985 6.185729 0.5
12.427431 15.030146 0.034981506 -0.014429756 5.03693 0.5
8.8115195 24.56198 0.012054422 -0.12952682 0.158334 0.5
13.619045 24.537783 -0.15930265 0.38048277 0.09489 0.5
9.5224539 10.648593 0.2277056 0.40817202 3.182579 0.5
7.2196463 20.602556 0.70386455 -0.18587615 5.999337 0.5
21.160616 21.478325 -0.47721531 -0.29129148 0.712677 0.5
7.3971938 12.329121 0.36568546 0.37716912 1.70588 0.5
18.437146 2.2217534 -0.033387377 0.049658204 5.092516 0.5
21.56648 15.139316 0.16042008 1.1864124 0.506989 0.5
20.670601 16.307568 -0.62547796 -0.44867431 4.452103 0.5
5.8325386 7.8002391 0.55000102 0.29810558 3.429354 0.5
13.232421 22.988927 0.24209203 -0.082151216 5.942963 0.5
11.982651 25.116324 0.22122174 -0.27963634 2.062723 0.5
4.1604572 19.890923 0.1958098 -0.18222052 2.598321 0.5
14.657857 12.308863 0.37110741 -0.57783713 6.159219 0.5
18.452683 25.098933 -0.047334889 0.10381453 1.488917 0.5
6.3278593 14.820124 0.31289406 -0.38223352 1.927238 0.5
20.742176 6.9832623 1.0503855 -0.15809939 3.98558 0.5
8.3369512 7.5345403 0.072326825 -0.72016789 3.515453 0.5
19.7181 1.9438953 0.37658337 -0.034924052 3.362574 0.5
16.888809 8.6882164 0.64382667 0.79476403 2.617045 0.5
17.512426 17.785845 -0.17688947 -0.29911244 4.416501 0.5
1.1360536 12.065492 0.15113373 -0.34262419 2.357123 0.5
13.072874 13.54418 -0.5075346 0.0016506827 0.027213 0.5
8.3882866 21.232243 0.45154275 0.16434342 3.270335 0.5
17.136918 4.911338 0.026314421 0.18473839 5.133302 0.5
2.2548197 15.361864 0.32441088 0.49123935 4.163048 0.5
26.119771 19.728985 0.21118213 0.1133401 3.93618 0.5
23.412908 21.560666 -0.44570231 -0.17248224 5.951127 0.5
20.416218 11.198709 -0.39226313 0.23668686 4.082451 0.5
5.9122548 18.489521 -0.2142503 0.47139852 1.780305 0.5
3.2074994 18.613903 -0.29465962 0.65998848 2.847882 0.5
7.8758228 25.121283 0.18720006 0.14286683 1.767937 0.5
18.567573 11.235388 0.3308035 -0.39111275 0.00135 0.5
5.3008223 6.760348 0.056168889 0.26519976 5.312468 0.5
15.299577 14.784996 0.017069649 -0.24389747 0.320289 0.5
27.209765 14.357942 -0.13165591 0.31364201 0.581132 0.5
4.9000322 20.643814 0.076055032 -0.1087993 3.087421 0.5
6.1681296 5.9304629 0.6358844 0.18892924 3.560403 0.5
12.523941 3.8970522 -0.097107734 -0.26603372 0.555117 0.5
10.656145 3.9315321 -0.015602502 -0.31572345 6.220608 0.5
6.5057896 4.6876294 -0.024037563 0.093587152 5.652715 0.5
8.6351239 8.6470054 0.2623365 0.22703788 0.827952 0.5
8.5944408 12.114289 -0.11828623 -0.16444102 1.054048 0.5
18.792394 18.494965 -0.075963467 0.13566265 0.319962 0.5
4.4142947 7.673283 0.30286046 0.23928746 2.464344 0.5
18.773402 23.400477 0.46018339 0.68062575 3.780782 0.5
9.929419 9.3393396 0.1152447 0.23673941 0.745414 0.5
3.4251789 8.4427962 0.50588711 -0.22234561 3.348875 0.5
22.571799 24.353279 -0.11392389 -0.23535266 5.365761 0.5
23.989635 19.581065 -0.05306801 -0.11119364 0.445642 0.5
20.611363 12.679371 0.34939698 -0.65002612 2.979068 0.5
9.2024803 23.491878 -0.41199941 -0.39905048 2.813895 0.5
13.438434 27.126177 0.13319344 -0.083682402 4.039246 0.5
15.074544 18.848691 -0.29223958 0.12329314 4.602055 0.5
16.633455 20.144287 -0.10839246 -0.36498894 1.676583 0.5
10.105202 22.567963 -0.47346699 0.014125423 1.207935 0.5
14.372531 22.717432 0.56754098 0.49342327 6.164191 0.5
21.509425 11.950866 -0.53587604 -0.012354404 1.491784 0.5
6.720648 17.620828 0.36268 -0.083777281 6.269379 0.5
15.65526 4.369688 -0.12085637 -0.22843641 0.35856 0.5
22.456478 16.480728 0.45796382 -0.97946711 0.326238 0.5
27.094824 13.258119 -0.30838021 0.4602399 1.608548 0.5
6.008537 24.563961 -0.35146872 0.031944103 2.616667 0.5
21.441104 17.043204 0.77423482 0.384221 0.410672 0.5
4.6903816 8.7361762 0.10654905 -0.031606588 3.210668 0.5
24.199673 9.6059723 -0.55010372 0.32416902 0.309541 0.5
21.549593 5.0385452 0.059216589 1.4396177 1.761874 0.5
14.673942 20.238608 -0.29082294 0.1042662 4.731547 0.5
11.634147 20.435074 0.042357929 0.14154102 0.313065 0.5
17.784454 3.6566483 0.16303282 0.097732539 0.087229 0.5
19.520537 25.170867 -0.22600042 0.031805906 5.713071 0.5
17.541599 26.613927 -0.15434802 -0.23090691 0.34983 0.5
7.533388 6.2691198 0.18461289 -0.3020391 2.015368 0.5
14.213147 16.789661 -0.11591112 -0.43633406 0.42176 0.5
16.163758 13.313337 0.023091966 0.093034369 5.580866 0.5
23.326464 13.189071 0.31637867 0.026002855 4.066321 0.5
25.119257 10.153831 -0.65762162 0.23005685 5.863794 0.5
7.6586147 18.360287 0.025175351 -0.15819432 5.355125 0.5
25.038085 13.52903 -0.11597006 -0.13230075 5.404824 0.5
10.598128 26.062304 -0.049838995 0.18142422 1.361005 0.5
12.885029 6.4583103 -0.75056916 -0.22288142 5.19755 0.5
2.1635465 14.225512 -0.23661161 -0.30469587 5.853071 0.5
18.041018 20.993803 -0.355757 -0.19815435 2.830697 0.5
19.272677 3.3158838 -0.42995629 -0.91471549 3.251414 0.5
20.472831 3.2173854 -0.72787433 -0.035672449 3.305262 0.5
2.167669 19.62381 0.1100898 -0.24356324 3.841898 0.5
8.1900423 22.517249 0.14527127 -0.010223689 4.917041 0.5
20.244583 18.857311 -0.25876487 -0.19385538 1.726803 0.5
12.512257 8.1882617 0.32544118 0.040038991 2.534849 0.5
9.9402505 7.7695612 -0.13035278 0.014038066 1.985571 0.5
2.6364548 7.6265318 0.35966925 -0.4298385 5.636684 0.5
11.242028 18.254903 0.56306203 0.041392228 0.642493 0.5
9.9079726 2.7160331 0.35178345 -0.56689056 5.796573 0.5
25.262822 6.6292994 -0.46695536 0.15008442 4.738871 0.5
15.796537 21.353024 0.10290886 0.092418087 1.568073 0.5
12.086423 9.2207113 0.14369734 -0.26862379 2.749741 0.5
21.448993 24.793088 0.31848757 0.063038225 1.171823 0.5
13.808467 19.402511 0.39409244 0.15917817 2.226958 0.5
16.433367 26.906377 0.11205101 -0.058341925 1.548545 0.5
24.625841 18.630947 0.17665 -0.32061366 3.653333 0.5
19.718814 10.175646 0.32026618 -0.64140298 4.394256 0.5
3.6704156 13.874381 0.25253681 -0.24589718 0.605652 0.5
4.9304744 21.865513 0.28072071 -0.40299139 3.106146 0.5
22.995759 11.078286 0.12531661 -0.43315206 3.095002 0.5
6.0952621 22.739953 -0.13295027 -0.16176702 1.841384 0.5
8.6252004 5.8303151 -0.050432353 0.058368659 6.034028 0.5
15.178148 26.119891 -0.15300112 -0.10886858 1.857551 0.5
4.821845 14.51119 -0.062773617 0.12236908 1.702664 0.5
5.464827 19.646296 -0.026086283 0.11937672 1.16125 0.5
13.599396 20.940723 0.2953877 -0.51300322 4.720586 0.5
23.230675 22.814021 0.32811061 0.4450684 0.205718 0.5
10.383884 12.326302 0.12390414 0.3285388 5.820667 0.5
24.358666 14.861665 -0.35265667 -0.52572134 3.894129 0.5
16.386255 7.4914232 0.18137915 -0.16106758 3.074393 0.5
5.5565535 17.396134 0.13085125 0.11743366 0.467747 0.5
14.759101 0.6197996 0.18902135 0.40097807 5.60533 0.5
0.60942908 14.467104 0.29621146 -0.21125046 6.227367 0.5
9.3747935 14.022681 -0.22956646 0.28200059 5.177094 0.5
25.572018 17.843429 0.16624099 -0.092571303 0.203779 0.5
15.928679 6.0139265 0.40220753 0.40054183 6.095105 0.5
14.838772 6.1763259 0.38410148 0.36342716 5.150288 0.5
14.658403 25.110457 0.23147607 0.046998767 3.059892 0.5
19.497725 26.276822 -0.46346396 0.77718262 3.692189 0.5
19.288777 15.782594 0.32755506 0.34254978 3.246869 0.5
25.112099 16.232549 -0.12197314 -0.2009547 2.032293 0.5
25.844083 12.769908 -0.7396691 -0.34888074 6.136396 0.5
7.0261506 15.800543 0.014129439 0.46415313 4.563161 0.5
18.487996 17.174115 -0.54297499 -0.022075944 5.916686 0.5
0.73412353 13.379948 0.30429417 -0.61406852 1.344992 0.5
19.556943 20.606733 -0.39951503 0.35073112 3.633442 0.5
22.064203 22.953848 -0.26963626 -0.50324824 2.78777 0.5
4.4596293 15.570263 -0.33525988 0.24816342 1.483056 0.5
3.3606008 6.188879 -0.39023838 0.28917881 0.879468 0.5
12.386212 2.1074571 0.33537368 -0.16579925 4.923104 0.5
19.473049 4.5232158 -0.85960022 -0.059970299 5.350229 0.5
13.975033 5.3626042 0.33178859 -0.12742119 1.508644 0.5
9.3824004 4.8259528 0.21528404 -0.05660342 4.32761 0.5
6.9700845 23.469925 0.17377449 -0.21574137 1.3724 0.5
11.218947 23.234436 -0.19993867 -0.3496752 2.64206 0.5
22.403901 5.7912854 -0.63623304 0.71310926 2.466218 0.5
14.371819 2.3463809 0.030304931 0.76234424 0.69625 0.5
10.303217 25.028196 0.36120056 0.37431538 0.502972 0.5
18.581949 5.089019 0.20174753 0.33537404 4.066135 0.5
21.944968 14.115737 -0.37203531 -0.47377535 3.026607 0.5
3.8638172 17.741212 0.11141812 -0.30302431 6.171553 0.5
1.4539425 17.837545 -0.36891388 0.086450562 3.767955 0.5
9.5748989 15.332781 0.0067233087 -0.0095024586 5.349705 0.5
9.1945194 25.713818 0.18071728 0.24388846 3.28374 0.5
2.96359 21.692534 0.25601818 0.29275599 1.964272 0.5
19.723604 17.386486 0.20389851 -0.71700225 1.170799 0.5
2.5595677 17.656778 0.20515124 0.13905935 0.802835 0.5
7.541333 5.0317858 -0.1362382 -0.21152155 5.063896 0.5
6.7436305 13.781048 -0.15868246 -0.31681928 2.243796 0.5
1.1312657 10.203908 -0.12579052 0.39215491 5.270568 0.5
11.591172 0.79881362 0.088913535 0.94697177 5.757172 0.5
22.53572 20.055854 0.66967248 -0.66745691 5.271397 0.5
8.4144638 20.147948 -0.40386361 -0.084382509 3.151318 0.5
0.99398705 15.602057 0.16730386 0.43087761 0.221595 0.5
2.6439106 9.6698387 -0.23013776 0.077641788 1.510648 0.5
4.0576792 9.7448665 -0.11928273 0.36193817 5.29405 0.5
14.142909 10.648026 0.37402456 0.3275345 2.737677 0.5
21.80035 3.6292696 -0.058492952 0.091691184 4.134415 0.5
3.7590684 22.54526 -0.15427066 -0.15321477 1.432456 0.5
7.9642005 16.550026 -0.1414886 -0.21763379 2.840655 0.5
25.588298 8.2646139 0.96145139 0.88764884 2.899005 0.5
15.212941 23.46039 0.090535384 0.3136828 4.137855 0.5
25.942221 9.2824716 0.12163916 0.13535938 1.992807 0.5
12.154096 10.499225 0.095893414 -0.28713537 0.375558 0.5
12.049982 13.943814 -0.076514159 0.22451186 0.629977 0.5
16.271659 0.72232857 0.5482693 -0.33301329 5.301885 0.5
10.189355 20.172421 0.044345592 -0.69015828 1.197725 0.5
4.7387843 4.3322036 0.52910948 0.12687791 2.939026 0.5
16.952586 2.8579188 0.12609833 -0.11391621 3.912909 0.5
22.596438 18.265838 0.49038528 -0.16729504 3.115045 0.5
14.091098 26.062819 0.4223719 -0.067173223 1.662001 0.5
6.2300261 12.757278 0.23538328 0.21157421 0.131507 0.5
