# x y vx vy theta radius
27.4017 14.771154 -1.6837785 1.202428 5.5387195 0.5
24.24618 13.988678 -0.33401883 -0.86272806 1.764168 0.5
16.799784 20.920307 0.25419132 0.60882848 3.951996 0.5
15.18362 8.9284923 -0.57392653 -0.58016886 4.259518 0.5
1.2540533 15.270826 0.093170404 -0.56661841 1.882067 0.5
15.524799 4.0924302 -0.51632622 0.00017221155 0.92276 0.5
23.500316 19.606371 -1.0832608 0.29031836 4.981497 0.5
8.398385 17.740538 -0.070499053 -0.063535562 0.663689 0.5
17.084014 6.9957476 0.31977444 -0.014835736 4.599871 0.5
17.007685 23.567501 -0.18461357 0.21549021 3.315122 0.5
3.390267 6.6984377 -0.12767605 -0.23104174 5.224588 0.5
23.81741 9.8007769 -0.10141051 0.42418481 4.739779 0.5
19.675268 9.0669228 0.5124689 0.09154626 0.624425 0.5
1.7297687 12.77967 0.57262129 -0.45032175 0.734434 0.5
15.3946 25.333258 0.2949532 -0.25052022 4.989084 0.5
11.594595 26.544257 0.42505499 -0.29688178 2.508867 0.5
10.133342 11.760759 -0.12044067 0.18263417 5.939565 0.5
21.672959 13.076097 -0.02279689 0.21710119 0.028815 0.5
19.134751 21.455013 -0.20047583 -0.20244751 3.449449 0.5
20.265067 17.308174 0.3211528 0.58431289 0.592282 0.5
23.371196 8.0659117 0.070248596 0.1857814 6.045768 0.5
9.9797307 16.220441 0.14320876 -0.333576 0.890473 0.5
7.0819545 21.014844 -0.058190993 -0.010009421 2.353219 0.5
13.749422 15.863369 0.07128019 -0.33084389 1.672869 0.5
2.3814197 18.824859 -0.050419125 -0.34673598 4.21507 0.5
5.6723682 21.677385 -0.41424298 -0.024820875 0.4829 0.5
18.102191 13.486952 -0.042119157 -0.21973673 6.274711 0.5
3.4990203 18.513375 0.010636072 0.14841682 1.301021 0.5
3.0095481 16.135492 -0.15807178 -0.17239121 3.538852 0.5
7.6440067 18.5852 -0.0038041353 -0.39256997 1.72413 0.5
16.176594 19.109907 -0.17788488 -0.14682926 0.779811 0.5
20.973272 4.9608883 -0.1175157 0.43951074 1.209651 0.5
4.7985777 8.5884969 -0.17542393 -0.48919012 5.377079 0.5
13.663786 10.642254 0.20923001 -0.72003357 3.122843 0.5
5.7389308 7.2690726 0.80366302 0.19302149 4.105439 0.5
4.6872672 20.581423 0.10393207 -0.23227157 2.246795 0.5
6.6251065 6.5604153 0.4745142 0.89491749 3.468535 0.5
15.930179 7.3902121 -0.20730641 0.40740527 5.532293 0.5
20.95692 2.5870624 0.38426627 0.019128718 0.531572 0.5
21.99362 5.9339735 0.0068407148 0.23295186 5.261584 0.5
8.7272877 10.558752 -0.271201 -0.35456453 0.040113 0.5
8.5694331 22.360553 -0.14504606 -0.17398399 4.576591 0.5
15.004153 27.414173 0.18534175 -0.083463404 0.209824 0.5
26.959448 16.234818 0.35803243 0.10576901 1.770879 0.5
2.4840512 13.941736 0.84667742 -0.28887268 4.791815 0.5
13.543631 14.758583 0.31212824 -0.0028209134 2.522673 0.5
26.149476 19.272607 0.12427732 0.12656778 3.232151 0.5
6.2376225 11.923487 0.25055132 -0.49922563 0.943125 0.5
14.091965 17.678027 -0.10029428 0.31919446 1.031271 0.5
4.5812209 11.895025 0.068150289 0.44170136 1.523797 0.5
17.76239 14.687338 -0.31994881 -0.42498009 1.787492 0.5
21.964384 18.602342 -0.47386425 -0.21251616 3.056837 0.5
13.851462 6.2362229 -0.57212469 0.18657109 3.332967 0.5
11.120468 25.276856 -0.41220746 0.19206729 3.889918 0.5
22.981435 21.942369 0.084406789 0.60768445 1.775857 0.5
20.211236 12.489808 0.36950111 -0.28213586 4.33857 0.5
18.846296 15.608602 -0.38780805 0.20708264 2.652322 0.5
14.659306 24.536668 -0.1930617 0.7626448 1.360759 0.5
11.288908 21.108348 0.30513294 -0.10394369 1.350476 0.5
24.250481 22.656301 -0.11803876 -0.010472464 3.139709 0.5
12.160434 4.6307834 -0.38389352 0.15158179 3.877928 0.5
8.8147588 4.3986757 0.39978766 -0.072433969 4.111005 0.5
17.954497 17.189115 -0.20877193 -0.20559069 4.354529 0.5
11.363575 16.908792 -0.12163779 0.2004412 1.958136 0.5
15.083153 15.889119 -0.33663948 -0.59995317 1.935129 0.5
23.260165 13.400206 0.49505449 0.0016676939 0.983243 0.5
14.682962 21.977443 -0.057466604 -0.54306994 4.524452 0.5
7.7977599 6.3257499 -0.11535484 0.50357987 4.628506 0.5
17.439619 19.087686 0.10546143 -0.17799512 4.619789 0.5
5.4747732 13.114668 0.046102602 0.18641208 6.246698 0.5
11.162473 18.385303 0.19608572 0.18786881 2.597917 0.5
14.212807 23.176793 0.12428199 -0.08627539 5.540445 0.5
16.300324 9.7582232 0.14733674 0.1623951 1.135786 0.5
14.86479 13.145795 -0.07226038 -0.37824396 0.649744 0.5
19.63247 1.8022652 0.13755823 -0.077202114 4.647872 0.5
25.228256 17.255829 -1.4199469 0.872085 3.116928 0.5
6.3241725 4.3731826 0.62065201 -0.21047853 1.058365 0.5
3.974995 13.046769 0.39456193 -0.3930887 1.223223 0.5
8.8961094 25.239001 0.32698676 0.26876127 6.185729 0.5
12.3667 17.462055 -0.39481707 0.41878496 5.03693 0.5
10.155903 6.7484631 0.35418959 -0.10130038 0.158334 0.5
8.2527043 15.768706 -0.29962533 -0.21944155 0.09489 0.5
5.8212121 20.020499 0.22675222 0.47116925 3.182579 0.5
16.630427 25.067933 -0.36838795 -0.4375189 5.999337 0.5
12.738573 21.082087 0.11219292 -0.51741603 0.712677 0.5
5.3013067 14.630215 0.22980314 -0.46616533 1.70588 0.5
22.58874 23.85187 0.083786893 -0.16466302 5.092516 0.5
10.33086 1.073941 -0.46816714 0.43469017 0.506989 0.5
12.132957 14.017302 -0.06277217 -0.35066039 4.452103 0.5
20.661591 6.2514412 -0.61178499 -0.17685455 3.429354 0.5
14.502137 26.450555 -0.086186238 -0.2096211 5.942963 0.5
9.1124869 14.629098 -0.17887853 -0.11065808 2.062723 0.5
20.307091 10.92459 0.068782651 0.23496199 2.598321 0.5
8.9288913 13.143682 0.027747884 0.066155991 6.159219 0.5
4.7376092 22.444044 0.13638428 0.77346394 1.488917 0.5
6.9463757 15.471688 0.38882782 0.21263518 1.927238 0.5
13.978728 18.802133 0.097361882 -0.1743162 3.98558 0.5
7.401492 10.46572 0.10817474 0.085712351 3.515453 0.5
3.5575044 17.178325 0.17806944 0.23176716 3.362574 0.5
19.738253 16.35283 -0.079741227 0.44466762 2.617045 0.5
20.522248 19.430496 -1.2888244 0.44559528 4.416501 0.5
3.9358382 15.148872 0.16627818 -0.048333486 2.357123 0.5
8.6222286 9.4534886 -0.22333622 -0.094800389 0.027213 0.5
15.350283 23.182806 -0.25672032 -0.09741626 3.270335 0.5
14.130499 9.0783588 0.085832213 0.16118844 5.133302 0.5
7.9912742 7.5183586 0.54166469 -0.47544431 4.163048 0.5
7.1260801 23.973311 -0.49375825 0.048746638 3.93618 0.5
20.672763 15.046504 0.02928145 0.26787696 5.951127 0.5
15.917735 17.578033 0.27306891 -0.43083593 4.082451 0.5
11.869339 2.9168271 0.0036091303 0.035127787 1.780305 0.5
19.0437 5.7864849 0.18219234 0.27960965 2.847882 0.5
9.0530797 11.733548 0.378249 0.47089471 1.767937 0.5
10.406749 2.2245344 0.048764905 -0.56693819 0.00135 0.5
7.0613404 2.9426056 -0.22058101 0.31283789 5.312468 0.5
18.368646 8.6929208 -0.15014 -0.13034598 0.320289 0.5
14.413126 0.64563662 -0.49942729 -1.0542479 0.581132 0.5
20.655138 8.4887374 -0.1098248 0.26079814 3.087421 0.5
15.983537 12.740601 0.27390467 -0.36632129 3.560403 0.5
18.046761 26.507203 -0.14208806 -0.091011514 0.555117 0.5
8.3057166 21.173496 -0.10482778 0.0093475792 6.220608 0.5
17.710647 24.888393 -0.19319005 -0.33654774 5.652715 0.5
16.027758 24.072963 -0.57649445 -0.26967815 0.827952 0.5
9.9559083 10.629791 0.51145633 -0.22749372 1.054048 0.5
15.055458 2.5646764 -0.049543555 -0.0035368226 0.319962 0.5
24.146741 21.527932 -0.16880616 0.47488471 2.464344 0.5
10.251515 17.647585 -0.059350659 0.31492315 3.780782 0.5
3.1246401 12.179387 0.21594429 0.19520966 0.745414 0.5
11.358746 22.340224 0.13571907 -0.17230018 3.348875 0.5
1.3596176 10.419766 0.27382495 0.15943166 5.365761 0.5
13.215603 27.427207 0.065521287 0.17170702 0.445642 0.5
20.889126 3.8380923 0.04345683 0.77239059 2.979068 0.5
9.0624543 18.890969 0.6581872 0.2144183 2.813895 0.5
19.030997 19.730658 0.17362853 -0.37391376 4.039246 0.5
22.016034 22.372079 -0.64012848 -0.16666692 4.602055 0.5
2.1508207 7.7046449 -0.26103498 -0.094108672 1.676583 0.5
4.5678042 16.231512 -0.29562777 0.20278612 1.207935 0.5
12.819832 18.569607 0.54960581 0.017489808 6.164191 0.5
15.111196 18.649577 0.072615634 -0.045109736 1.491784 0.5
11.700674 11.887017 0.082343386 0.11269377 6.269379 0.5
21.967405 11.541827 0.33949974 -0.16542694 0.35856 0.5
9.8466005 3.6840234 -0.03765061 0.078443852 0.326238 0.5
1.2093845 17.317798 -0.14722848 0.20235989 1.608548 0.5
12.076873 9.9873706 -0.75558928 0.15213448 2.616667 0.5
22.221558 3.6290474 -0.22135433 0.079624661 0.410672 0.5
15.083901 6.361364 -0.40669524 0.39609106 3.210668 0.5
10.231034 19.61697 -0.42003758 -0.021241716 0.309541 0.5
1.4370119 11.579744 -0.094625516 0.33188455 1.761874 0.5
7.8512531 2.1837645 0.18349431 -0.20378112 4.731547 0.5
5.1376387 5.6024071 -0.038351231 0.58670808 0.313065 0.5
18.954058 12.728887 0.20285987 0.13414294 0.087229 0.5
11.872466 1.2183482 0.25540621 0.20269444 5.713071 0.5
25.743125 7.4897452 0.19701718 -0.36504447 0.34983 0.5
23.697784 11.390219 0.62773548 0.078627295 2.015368 0.5
24.691749 20.099695 0.3426072 -0.11735752 0.42176 0.5
26.745796 12.478358 -1.0761961 -0.82662175 5.580866 0.5
19.987624 23.45136 0.2122165 0.51218939 4.066321 0.5
14.125006 7.6889025 -0.20523555 0.10135537 5.863794 0.5
1.701516 9.2275728 0.023789735 0.17274473 5.355125 0.5
12.394453 20.004149 -0.21518253 -0.28011759 5.404824 0.5
18.540797 22.43224 0.011660528 -0.058915696 1.361005 0.5
20.399404 21.453968 -0.016659497 0.30880436 5.19755 0.5
23.458755 17.454842 -0.2388122 -0.03766351 5.853071 0.5
9.8828584 5.3832423 0.23829974 0.30944057 2.830697 0.5
9.1789081 20.498915 -0.41229775 -0.22860098 3.251414 0.5
25.20365 21.072231 0.01492012 0.76962624 3.305262 0.5
2.8133547 14.996531 0.0099551724 -0.14515613 3.841898 0.5
10.134416 21.124399 0.034411184 0.53335856 4.917041 0.5
12.452978 16.190272 0.37035399 -0.65155501 1.726803 0.5
5.2565802 10.98783 -0.26060438 0.24228185 2.534849 0.5
21.086603 20.561151 0.51344856 -0.35754881 1.985571 0.5
7.9088528 24.754584 -0.098356161 -0.13521521 5.636684 0.5
16.64537 14.894831 -0.1479499 -0.24134844 0.642493 0.5
17.2981 1.3118357 -0.14134794 -0.034496098 5.796573 0.5
17.53421 21.806911 -0.73765169 0.74544147 4.738871 0.5
13.543268 2.0181532 -0.32302327 0.14846627 1.568073 0.5
20.891238 22.456676 0.0034309478 -0.13056447 2.749741 0.5
25.47084 11.318373 0.74643047 0.16613992 1.171823 0.5
26.748508 17.461443 -0.035759925 0.27573003 2.226958 0.5
16.817246 5.0113947 0.75582164 0.43063241 1.548545 0.5
3.9282049 9.9733201 -0.51324822 -0.060329869 3.653333 0.5
9.1228698 8.2579908 -0.26747918 0.45881932 4.394256 0.5
18.535883 18.628444 0.1205822 -0.3868589 0.605652 0.5
12.338407 24.222356 0.19635324 -0.067700976 3.106146 0.5
16.561136 13.773213 0.0068932528 0.3666381 3.095002 0.5
22.193402 10.467843 -0.27088005 0.62506099 1.841384 0.5
19.922365 20.404249 -0.48225859 0.43435855 6.034028 0.5
21.34015 24.747978 0.32597181 -0.24019428 1.857551 0.5
2.6799226 10.88518 0.036228043 0.40227021 1.702664 0.5
16.239841 26.741839 -0.11275932 -0.32628431 1.16125 0.5
3.5601223 8.022536 -0.16820171 -0.08136635 4.720586 0.5
10.312144 26.114583 -0.23231065 -0.16690219 0.205718 0.5
15.656575 20.963507 0.10028948 0.30256434 5.820667 0.5
19.839223 4.5913289 0.057460307 -0.84407727 3.894129 0.5
22.354901 17.486474 -0.067806249 -0.60693773 3.074393 0.5
13.128426 5.1373658 -0.043387814 0.14730525 0.467747 0.5
2.9784471 21.248542 -0.0014884596 0.19301668 5.60533 0.5
9.9687448 12.81786 0.59034207 0.14726052 6.227367 0.5
26.730306 11.220474 -0.56910855 0.0096005584 5.177094 0.5
22.56203 14.917356 -0.19444138 0.37761984 0.203779 0.5
7.4899151 16.878623 -0.24394922 -0.16447498 6.095105 0.5
9.8321571 9.1116469 -0.092282159 0.38117569 5.150288 0.5
14.587213 20.467171 -0.49753102 -0.24235625 3.059892 0.5
13.522453 24.042431 -0.33516374 -0.32294411 3.692189 0.5
2.5512172 20.238549 -0.11625325 -0.34101714 3.246869 0.5
6.4089902 9.4554326 -0.38350729 0.36862213 2.032293 0.5
16.74503 10.754794 0.23230528 -0.68391485 6.136396 0.5
18.224107 23.862266 0.080411913 0.15652436 4.563161 0.5
6.3390547 13.948777 0.18417657 -0.13456197 5.916686 0.5
17.954797 20.096062 0.32910572 -0.21903242 1.344992 0.5
15.984711 22.261776 0.46301695 -0.31325894 3.633442 0.5
21.39266 16.878835 0.23720272 -0.59638768 2.78777 0.5
13.49728 19.886662 0.22564587 -0.3244665 1.483056 0.5
5.6102157 15.751579 0.0063536843 0.15389013 0.879468 0.5
17.916226 5.7818851 0.11885163 0.57672912 4.923104 0.5
16.74318 11.864688 -0.013345514 0.025769008 5.350229 0.5
12.496842 12.947855 -0.55068257 0.13813599 1.508644 0.5
22.445159 20.317998 0.12656837 -0.311135 4.32761 0.5
20.068521 24.883638 -0.031531664 -0.12527169 1.3724 0.5
3.6988164 5.4172308 -0.014429971 -0.45634226 2.64206 0.5
6.6971957 19.154043 -0.034325184 -0.15122846 2.466218 0.5
18.340415 9.8019183 -1.0687187 -0.61617216 0.69625 0.5
6.2165041 17.987779 0.34357207 -0.34177961 0.502972 0.5
11.737623 15.196234 0.028208605 0.18220792 4.066135 0.5
13.724888 13.439962 -0.1780738 -0.060593039 3.026607 0.5
24.038249 18.545481 -0.51553579 0.62445216 6.171553 0.5
8.9053276 2.8647916 0.038708406 -0.40840926 3.767955 0.5
12.528116 23.035617 -0.37405907 -0.55650247 5.349705 0.5
13.044376 25.875279 0.0014053601 0.48033262 3.28374 0.5
5.2524626 17.240049 -0.29288334 0.2499527 1.964272 0.5
18.522412 3.4059182 -0.50326962 0.58570989 1.170799 0.5
16.43638 2.4435843 -0.21775868 -0.34550654 0.802835 0.5
18.279301 1.9882856 0.17673924 -0.044579807 5.063896 0.5
10.94663 5.2248091 -0.12459678 0.24651479 2.243796 0.5
11.204033 13.384627 -0.35721511 0.14972222 5.270568 0.5
7.2513884 22.473129 0.098459664 0.1027749 5.757172 0.5
13.246303 22.143434 0.33737174 0.092516642 5.271397 0.5
18.301318 6.8537191 0.47060127 0.053531843 3.151318 0.5
3.6555431 22.160044 0.15724566 -0.027607996 0.221595 0.5
12.881859 8.2542241 -0.065761142 -0.29988984 1.510648 0.5
17.279529 16.016327 -0.35885029 -0.16913946 5.29405 0.5
11.545802 8.554163 -0.47961131 0.65624479 2.737677 0.5
9.312455 26.60173 -0.29456498 0.18285987 4.134415 0.5
10.670151 7.8466945 0.16494242 -0.17669135 1.432456 0.5
21.95031 15.903144 0.46083198 -0.064932225 2.840655 0.5
5.8530673 22.77083 0.034515244 0.12450455 2.899005 0.5
15.521979 14.225453 0.094591952 -0.11575464 4.137855 0.5
8.1647569 23.633475 0.18629048 0.0036074089 1.992807 0.5
22.57484 9.0956705 -1.0198913 0.033186658 0.375558 0.5
7.8524484 14.197895 -0.37972131 0.2788824 0.629977 0.5
9.834875 24.294 -0.20915992 0.19155116 5.301885 0.5
2.3767474 17.409313 0.31707257 0.10456625 1.197725 0.5
23.963275 16.097218 -0.10369298 -0.12511128 2.939026 0.5
3.6564474 19.639479 -0.10620117 -0.2701506 3.912909 0.5
4.8268686 18.495614 -0.054310243 0.079093498 3.115045 0.5
18.962715 25.530388 0.056944397 0.12635318 1.662001 0.5
22.066714 8.1256256 0.54005645 0.18088477 0.131507 0.5
