# x y vx vy theta radius
15.1053 5.376507 0.572016 -0.25944356 5.3289979 0.5
13.443558 12.412452 0.098104092 0.67261496 1.764168 0.5
8.4545241 17.223792 0.2112837 0.15648523 3.951996 0.5
2.2385293 13.041451 -0.13126095 -0.10839036 4.259518 0.5
3.072428 7.7851636 0.30294019 -0.13721993 1.882067 0.5
23.692229 7.8293105 0.14520715 -0.040491946 0.92276 0.5
10.606821 26.985336 0.1317816 0.18183477 4.981497 0.5
23.575381 18.048832 -0.26467056 -0.16465436 0.663689 0.5
12.043829 4.8857271 -1.0045434 -1.0265168 4.599871 0.5
21.064842 5.1755224 -0.13310457 0.50971606 3.315122 0.5
16.06167 25.938311 0.11009524 0.16844172 5.224588 0.5
19.224959 4.8929223 0.37656385 0.21156 4.739779 0.5
22.530728 14.147207 0.14415622 0.024823291 0.624425 0.5
6.4384563 11.282922 0.52958165 0.027759225 0.734434 0.5
10.61735 10.135866 0.21032673 0.31702609 4.989084 0.5
19.14444 7.2806568 0.068402 -0.29051926 2.508867 0.5
2.2214873 14.213291 -0.030371403 -0.21597564 5.939565 0.5
10.835724 3.2841501 -0.46668679 -0.098067034 0.028815 0.5
10.169252 14.78495 0.33731657 0.52284597 3.449449 0.5
2.8216809 17.735776 -0.04740406 -0.0028677253 0.592282 0.5
8.4727851 8.7797967 0.24546048 0.4253425 6.045768 0.5
8.0039025 13.671904 -0.044966502 -0.24760522 0.890473 0.5
26.252969 13.709003 -0.15360549 0.033237785 2.353219 0.5
7.5716405 24.852558 -0.28162795 -0.64029909 1.672869 0.5
21.051324 18.889373 0.35083829 -0.40653927 4.21507 0.5
15.493571 2.3421084 0.097142525 -0.3569238 0.4829 0.5
6.0771538 12.551682 0.06686654 0.079280391 6.274711 0.5
0.70024416 14.949354 -0.26222556 -0.066202202 1.301021 0.5
5.9214904 21.316426 -0.21044228 0.092993994 3.538852 0.5
8.2891235 25.654856 -0.0035647176 0.0032982252 1.72413 0.5
25.627447 20.538577 0.13640659 0.34232422 0.779811 0.5
11.506442 14.615766 -0.28199709 -0.015754619 1.209651 0.5
1.3580492 9.6890516 0.10328431 -0.52552074 5.377079 0.5
19.543109 3.4260687 -0.18403662 0.67444723 3.122843 0.5
13.158663 24.827208 0.17895343 -0.38832423 4.105439 0.5
9.2487057 20.939219 -0.15555324 -0.19893275 2.246795 0.5
23.053788 5.5223511 -0.25112059 0.18397266 3.468535 0.5
9.6702203 9.3277318 0.064658388 -0.23416512 5.532293 0.5
8.3424301 10.38559 0.16909009 0.035554187 0.531572 0.5
19.543896 2.0641643 0.42232111 -0.02510954 5.261584 0.5
24.73357 19.176986 0.15893441 0.055021036 0.040113 0.5
9.0111483 1.5926782 0.55121711 0.64466311 4.576591 0.5
9.9884284 18.473099 -0.12863359 -0.1220416 0.209824 0.5
8.9775263 15.272299 0.040701273 0.17883511 1.770879 0.5
13.867605 2.1374381 0.085289898 -0.097180402 4.791815 0.5
14.474861 13.77575 -0.13866898 -0.085997934 2.522673 0.5
14.337156 19.772427 0.136028 -0.20392139 3.232151 0.5
17.808926 5.7620645 0.047621493 0.11359011 0.943125 0.5
19.252851 15.289247 0.0006673125 0.55241681 1.031271 0.5
18.113388 15.828254 0.18075919 -0.081512382 1.523797 0.5
12.328619 17.207907 0.10153352 -0.12857024 1.787492 0.5
3.7787011 20.067149 -0.4540579 0.42458673 3.056837 0.5
8.9211087 5.2671844 -0.049907933 -0.30273617 3.332967 0.5
23.271232 12.015895 0.11388097 0.81419592 3.889918 0.5
22.534276 20.076469 -0.24844014 0.2340529 1.775857 0.5
6.0383632 9.0931843 -0.18055177 -0.16215694 4.33857 0.5
3.7211631 10.545546 -0.21831148 0.39804808 2.652322 0.5
16.049254 1.4369142 0.90293888 0.67032276 1.360759 0.5
4.3679544 22.458106 -0.064481404 -0.22641248 1.350476 0.5
23.876788 20.178127 -0.084609334 0.23251931 3.139709 0.5
23.157277 4.2580017 0.029344779 -0.40767844 3.877928 0.5
3.2632029 16.660944 -0.052839307 0.0070570465 4.111005 0.5
25.881842 16.141671 -0.036619257 0.032055408 4.354529 0.5
22.245428 8.553685 0.18638609 -0.2339608 1.958136 0.5
16.685195 22.449535 0.046223721 -0.52140287 1.935129 0.5
11.89663 20.439905 -0.17784941 0.020523556 0.983243 0.5
27.201006 11.740153 0.22119548 0.29730622 4.524452 0.5
4.6583054 15.294826 -0.12263733 -0.57126539 4.628506 0.5
16.766688 21.323454 -0.30638895 -0.20355377 4.619789 0.5
13.457046 10.078906 0.28229136 -0.045896105 6.246698 0.5
10.210216 19.776909 -0.072673695 -0.064298578 2.597917 0.5
12.7109 11.542103 0.27675079 -0.16200552 5.540445 0.5
9.8806582 15.922115 0.30875866 0.40568315 1.135786 0.5
22.00008 5.9630629 -0.079300691 -0.5298338 0.649744 0.5
7.6179733 5.2142862 -0.11548895 0.06153259 4.647872 0.5
5.2500042 10.176047 -0.46047478 0.0271443 3.116928 0.5
2.4375297 11.462725 -0.4979448 0.032476524 1.058365 0.5
19.734137 17.217132 -0.16245402 0.41209937 1.223223 0.5
17.690251 4.4659471 -0.57239021 0.50787877 6.185729 0.5
15.214521 10.60103 0.38981167 -0.50183521 5.03693 0.5
12.392769 10.411785 0.18773332 0.22784538 0.158334 0.5
3.6354111 21.482315 0.049513244 0.019603377 0.09489 0.5
11.303381 18.434618 0.30268353 -0.42336648 3.182579 0.5
4.7969371 23.556249 0.29321662 0.13659449 5.999337 0.5
22.342455 24.309785 -0.030785237 -0.39580068 0.712677 0.5
6.0335511 20.143097 -0.27895595 -0.16707958 1.70588 0.5
9.9238819 23.012284 0.065250031 -0.30302577 5.092516 0.5
19.11334 24.523915 0.33344791 -0.080847045 0.506989 0.5
18.379888 19.973861 -0.09590418 0.022220375 4.452103 0.5
12.336002 7.1196366 -0.3601046 -0.13930127 3.429354 0.5
16.680922 23.991926 -0.31840067 -0.26965723 5.942963 0.5
14.784734 27.059098 0.046886572 0.17820752 2.062723 0.5
9.7958823 6.2857862 0.30139057 -0.30225507 2.598321 0.5
16.607814 15.918389 -0.17579521 -0.29759455 6.159219 0.5
6.1925084 3.1328126 -0.076805674 0.31207617 1.488917 0.5
20.402738 12.453089 -0.091655702 0.34465951 1.927238 0.5
10.811452 13.41447 0.8372327 0.01006707 3.98558 0.5
18.519595 25.80858 0.23167981 0.26908684 3.515453 0.5
2.8358472 6.7152319 -0.7668999 0.028875469 3.362574 0.5
17.534732 12.305358 0.18876166 0.043312062 2.617045 0.5
19.993507 19.886511 0.031750851 0.3207508 4.416501 0.5
6.8646188 17.692135 0.087494009 -0.072435013 2.357123 0.5
5.9195909 24.412772 -0.33053823 0.068049278 0.027213 0.5
11.075528 5.3862159 0.41395636 -0.78080016 3.270335 0.5
13.424451 17.948203 -0.19821158 0.51117292 5.133302 0.5
16.45366 8.0843794 0.096707157 -0.3330899 4.163048 0.5
20.150022 23.274769 0.23653429 -0.083616926 3.93618 0.5
7.3025304 7.4356518 -0.058672982 0.64552348 5.951127 0.5
1.5551942 18.311647 -0.15368162 0.032040225 4.082451 0.5
16.189483 13.198478 -0.46769723 0.73361601 1.780305 0.5
6.8592032 14.203469 0.44568584 0.92589395 2.847882 0.5
23.437656 14.826011 0.48486767 0.42707491 1.767937 0.5
9.8019415 17.193395 -0.52891387 0.40579114 0.00135 0.5
14.279111 25.979119 -0.053167014 0.10456788 5.312468 0.5
8.7107193 3.5954566 -0.7845894 -0.49298812 0.320289 0.5
27.390309 13.922313 0.12020579 0.18474149 0.581132 0.5
5.0135287 6.1896364 0.69890253 0.49457074 3.087421 0.5
12.978887 5.7579505 -0.40267814 0.36173342 3.560403 0.5
11.929887 2.4238763 -0.15101244 1.1388077 0.555117 0.5
5.5519636 18.205481 0.10908474 -0.15578176 6.220608 0.5
21.446508 16.122262 -0.042704051 -0.53377186 5.652715 0.5
10.809214 1.2268963 0.15687177 0.19913194 0.827952 0.5
18.507518 17.364718 0.24992495 -0.67618647 1.054048 0.5
24.954358 14.815256 0.21943546 -0.079796587 0.319962 0.5
3.6765454 12.008826 -0.38484528 -0.04653408 2.464344 0.5
13.182737 1.1688108 -0.24600029 0.44157324 3.780782 0.5
11.158899 25.141377 -0.13297145 -0.22000909 0.745414 0.5
7.4102511 12.139536 -0.31262736 0.62711361 3.348875 0.5
19.674023 13.846433 -0.2778407 0.18355529 5.365761 0.5
11.326729 11.62096 -0.37148989 0.39866281 0.445642 0.5
3.1272948 9.1878813 0.53197514 0.46446065 2.979068 0.5
7.6489465 23.693028 -0.12836568 -0.31485443 2.813895 0.5
21.309439 23.127273 -0.15140587 -0.38862777 4.039246 0.5
8.7669931 11.555882 0.49463798 0.55682951 4.602055 0.5
7.159881 21.086616 -0.13536204 -0.1928694 1.676583 0.5
15.052486 6.4792231 0.38580079 0.029289457 1.207935 0.5
18.98324 8.6643575 0.33985845 -0.22699412 6.164191 0.5
12.43427 18.66089 0.36324334 -0.14348883 1.491784 0.5
4.8326931 21.294446 0.22129094 0.7394071 6.269379 0.5
2.637148 10.31706 0.26262542 -0.13237805 0.35856 0.5
14.329626 1.0708432 0.45914105 -0.48675926 0.326238 0.5
14.096784 7.8558026 -0.63836911 -0.11432124 1.608548 0.5
8.0839538 21.92302 0.07924058 -0.46939535 2.616667 0.5
12.209727 3.494672 -0.25869123 -0.4260018 0.410672 0.5
25.774183 8.6153396 -0.27212407 0.033341511 3.210668 0.5
5.7199301 13.756219 0.37580675 0.66907436 0.309541 0.5
23.263675 21.363727 0.2748054 0.052301004 1.761874 0.5
3.9926934 6.8755768 -0.033267354 -0.21459453 4.731547 0.5
24.851038 17.996589 -0.81708051 0.42153428 0.313065 0.5
20.079997 9.3408752 -0.86305605 -1.0276591 0.087229 0.5
13.35414 14.372663 0.16132879 -0.35815082 5.713071 0.5
0.74416273 13.125801 -0.136541 -0.13947093 0.34983 0.5
18.09491 3.1913195 0.40542908 0.36474183 2.015368 0.5
1.0070568 11.841777 0.20381228 -0.16998665 0.42176 0.5
16.382388 17.481399 0.37098058 0.069025416 5.580866 0.5
13.403311 27.10124 -0.19911823 -0.21214859 4.066321 0.5
9.3992216 26.521826 -0.020357529 -0.004991467 5.863794 0.5
19.840565 25.462362 0.0090844778 0.49099328 5.355125 0.5
5.0635174 12.135955 -0.54530617 -0.081155942 5.404824 0.5
15.519178 23.238868 0.16638915 -0.18668639 1.361005 0.5
15.267047 14.635863 -0.24972174 -0.40602733 5.19755 0.5
6.5886869 4.3389329 0.071981369 0.19772002 5.853071 0.5
20.568172 6.7560818 0.62797259 -0.28746137 2.830697 0.5
14.14591 22.908953 0.14248192 0.096468773 3.251414 0.5
15.856091 20.190525 0.35732565 -0.19704831 3.305262 0.5
17.14536 1.2872485 0.82684885 -0.08296635 3.841898 0.5
9.1833212 7.7949504 0.091529906 0.49201525 4.917041 0.5
4.3322734 8.9145405 -0.3885052 -0.33312152 1.726803 0.5
24.58837 6.1802188 0.29556325 0.39054541 2.534849 0.5
14.935796 21.601192 -0.53229195 -0.10599797 1.985571 0.5
7.3414946 2.3854977 0.23625896 -0.18588218 5.636684 0.5
5.9976207 5.3885435 0.085321664 0.040733615 0.642493 0.5
11.255202 16.152029 -0.465217 0.2320906 5.796573 0.5
21.404269 20.094115 0.13769052 0.089105489 4.738871 0.5
18.9542 11.264273 0.1365449 -0.043700251 1.568073 0.5
19.04046 23.399303 -0.29174081 -0.59377282 2.749741 0.5
0.93856375 16.209174 -0.15725227 0.48060572 1.171823 0.5
21.589724 9.7029167 -0.37852108 -0.21396919 2.226958 0.5
17.723026 26.539574 0.32530066 0.28273474 1.548545 0.5
12.723293 16.02445 0.35605739 0.28790679 3.653333 0.5
11.867724 0.79418703 -0.1425986 0.1130812 4.394256 0.5
2.6599245 20.169729 -0.071098388 -0.20104684 0.605652 0.5
12.435226 9.2337384 -0.11870323 0.10772758 3.106146 0.5
6.6474969 6.4146846 0.79350699 0.35774039 3.095002 0.5
14.396098 4.4158549 -0.1765767 0.33671916 1.841384 0.5
5.349053 7.4345853 -0.58860237 0.096552562 6.034028 0.5
17.23049 11.209475 0.54452105 -0.034578976 1.857551 0.5
4.4132958 13.75031 0.27794902 0.079803027 1.702664 0.5
6.3675548 19.070608 0.3968709 0.12134271 1.16125 0.5
21.547499 12.196335 -0.38415786 -0.35043671 4.720586 0.5
6.1537402 23.104421 -0.18786067 -0.10611138 0.205718 0.5
7.7629726 16.175433 0.18418089 0.62136188 5.820667 0.5
20.058348 10.480907 0.26327251 -0.23333735 3.894129 0.5
15.333198 24.564891 -0.031754222 -0.042972359 3.074393 0.5
7.5344328 19.931854 0.44239427 0.6417186 0.467747 0.5
25.573192 10.96003 -0.19700604 -0.072753531 5.60533 0.5
7.8178115 18.777567 0.45870254 -0.24435498 6.227367 0.5
12.796935 22.534885 0.060847747 -0.14601999 5.177094 0.5
7.1502891 22.668684 0.55132898 -0.35823893 0.203779 0.5
10.356301 21.210758 -0.061192164 0.2325887 6.095105 0.5
17.246333 25.433106 0.31945456 -0.11716038 5.150288 0.5
11.936326 21.633405 0.14561675 0.14238191 3.059892 0.5
21.071712 14.038979 -0.12379294 -0.31665789 3.692189 0.5
20.873285 21.166296 0.30774518 0.28627221 3.246869 0.5
26.852134 15.196524 -0.36184684 0.28670687 2.032293 0.5
4.9470981 4.1383106 0.34192003 0.30970405 6.136396 0.5
10.12099 4.2310744 0.051869945 -0.070280915 4.563161 0.5
16.061676 27.131713 0.034527531 -0.37164317 5.916686 0.5
22.482268 7.4346758 -0.43277337 0.02073075 1.344992 0.5
9.797151 11.08398 -0.20827655 -0.19855276 3.633442 0.5
10.09546 2.3752885 -0.14388221 -0.21058945 2.78777 0.5
23.175208 23.574869 -0.29890133 0.56369922 1.483056 0.5
16.56331 9.3687046 0.13794598 -0.42112541 0.879468 0.5
24.157335 15.754633 0.050263187 -0.41019059 4.923104 0.5
8.9480161 19.417966 0.036164381 0.23319605 5.350229 0.5
18.986728 18.401202 0.22427617 -0.066415876 1.508644 0.5
16.562324 3.0609134 -0.62925925 0.83422582 4.32761 0.5
4.6650877 19.343151 -0.47036699 -0.34022216 1.3724 0.5
15.424146 12.238693 0.027789219 0.57469364 2.64206 0.5
10.316509 7.8880386 0.51403518 -0.29753493 2.466218 0.5
22.850886 10.92695 -0.046910765 -0.23518174 0.69625 0.5
19.229184 21.870591 -0.51176192 0.20960412 0.502972 0.5
7.049334 9.8796953 0.26106168 -0.076997762 4.066135 0.5
23.384949 19.150633 0.14021719 0.07081164 3.026607 0.5
2.8492643 19.010216 0.33635969 -0.26508799 6.171553 0.5
5.8012 15.041526 0.26452282 0.096256224 3.767955 0.5
26.164561 19.219396 0.13862781 -0.49809595 5.349705 0.5
14.990232 15.715398 0.072250057 -0.40882678 3.28374 0.5
20.714017 3.7188664 -0.26400087 0.31529743 1.964272 0.5
18.536099 14.40519 -0.43958097 -0.024269981 1.170799 0.5
18.741787 13.184299 0.142057 0.11813102 0.802835 0.5
13.048257 23.711898 0.083091619 -0.23410827 5.063896 0.5
11.143332 22.604581 0.36189177 -0.0019490765 2.243796 0.5
14.682161 17.61503 -0.4362521 -0.042122243 5.270568 0.5
22.744309 22.362254 0.29162902 -0.066512571 5.757172 0.5
11.373707 6.5472495 0.28935788 0.23189894 5.271397 0.5
12.14218 12.735921 0.41349646 0.068359753 3.151318 0.5
15.220202 8.0238393 -0.0129413 0.38298911 0.221595 0.5
2.0346609 8.2946127 0.12274344 0.08214307 1.510648 0.5
9.527261 24.232985 0.34782829 -0.30834853 5.29405 0.5
9.4163229 13.93198 -0.25607738 0.3352318 2.737677 0.5
21.437906 17.649688 -0.57734728 -0.33902215 4.134415 0.5
24.386139 22.441122 0.19163231 -0.46129746 1.432456 0.5
11.407089 8.427381 -0.43996663 0.19344058 2.840655 0.5
1.0588882 17.301658 0.41668063 -0.083209987 2.899005 0.5
20.336029 16.186734 -0.72434562 -0.39366686 4.137855 0.5
22.578939 15.735291 -0.22231827 0.31342078 1.992807 0.5
2.8803982 15.3107 0.019507885 0.11278496 0.375558 0.5
3.6690879 5.3441827 0.29121819 0.010242144 0.629977 0.5
22.1156 18.525225 -0.1977855 -0.66376035 5.301885 0.5
26.839692 17.499765 -0.21619489 0.12875554 1.197725 0.5
13.992865 20.869022 -0.18196573 -0.080394065 2.939026 0.5
8.802609 22.995121 -0.37405807 -0.2207932 3.912909 0.5
17.767518 7.9352697 0.18753746 -0.050579789 3.115045 0.5
24.134237 12.798542 -0.13021822 0.36068927 1.662001 0.5
11.827974 23.901821 0.31148576 0.040772668 0.131507 0.5
