# x y vx vy theta radius
11.354446 17.823535 -0.24085116 0.50460955 2.0906721 0.5
11.497766 3.525158 -0.091314216 0.36457472 1.764168 0.5
10.582279 2.9158148 0.7138864 0.20098614 3.951996 0.5
2.8283675 13.757906 -0.26963956 -0.6168711 4.259518 0.5
7.0867945 8.8446527 -0.082830214 -0.23055169 1.882067 0.5
22.087983 3.2414979 -0.12938959 0.0019171663 0.92276 0.5
25.466178 10.537279 0.076144992 -0.21955045 4.981497 0.5
21.053163 19.265125 -0.093553508 0.22356938 0.663689 0.5
7.6798619 25.043564 -0.68443368 -0.32647363 4.599871 0.5
10.807468 7.5159998 -0.20913167 -0.40419786 3.315122 0.5
22.013779 8.4268983 0.012889737 0.13742652 5.224588 0.5
4.7242896 12.612422 0.15552509 -0.38123052 4.739779 0.5
14.814773 17.023306 -0.2231615 -0.35643096 0.624425 0.5
9.0758139 11.674079 -0.17069954 -0.20592703 0.734434 0.5
22.962948 16.25152 -0.19844381 0.0052552039 4.989084 0.5
10.320699 6.1317218 -0.91422246 -0.45923145 2.508867 0.5
25.818378 11.558918 -0.28490285 -0.41114895 5.939565 0.5
6.3030316 21.223674 -0.34591394 0.19203589 0.028815 0.5
4.6674945 9.4402927 -0.41074122 -0.093730615 3.449449 0.5
7.666558 18.563544 0.64519608 -0.27594842 0.592282 0.5
15.329838 23.179575 -0.28413119 -0.48585273 6.045768 0.5
19.399247 17.014751 0.10762002 -0.40681191 0.890473 0.5
4.7288642 22.16663 -0.24837604 -0.34253241 2.353219 0.5
5.5849827 18.059261 -0.30885862 0.36719665 1.672869 0.5
17.244761 9.3715294 -0.25183298 -0.49686969 4.21507 0.5
20.08242 15.727022 -0.10609859 0.011125093 0.4829 0.5
21.301389 4.1289108 -0.18802055 -0.1452989 6.274711 0.5
18.353227 10.022017 0.77685122 -0.19619323 1.301021 0.5
1.8629618 10.798511 0.12727386 -0.2690404 3.538852 0.5
17.493024 25.847923 -0.105813 -0.38036365 1.72413 0.5
7.8245186 15.641616 -0.069398788 0.22471337 0.779811 0.5
26.10075 15.930223 0.19356562 0.20167611 1.209651 0.5
22.489227 6.4015961 0.49145196 0.017832816 5.377079 0.5
15.749165 3.1510551 -0.44977599 -0.42412059 3.122843 0.5
10.620173 26.649337 0.096925177 -0.11120865 4.105439 0.5
3.3079819 18.267801 0.98147177 -0.33011928 2.246795 0.5
22.977829 7.493205 0.15960451 0.25550314 3.468535 0.5
25.827167 8.1804293 -0.33102836 -0.33574751 5.532293 0.5
21.992727 18.425498 0.5474303 0.51689358 0.531572 0.5
19.981111 3.5291835 -0.07473343 0.14725581 5.261584 0.5
20.607897 23.939787 -0.10428755 -0.095490444 0.040113 0.5
3.8061143 13.360989 0.81529366 0.03002948 4.576591 0.5
8.9781614 19.252986 -0.303801 -0.076481369 0.209824 0.5
22.765095 11.832187 0.067640876 0.32645694 1.770879 0.5
21.52281 24.952725 0.30316303 -0.43040112 4.791815 0.5
4.3597314 18.574509 -0.095949764 0.16973605 2.522673 0.5
19.525512 20.473664 -0.15745122 -0.037201635 3.232151 0.5
13.638195 8.0708285 -0.21099464 0.361797 0.943125 0.5
18.702166 4.7087487 0.012508223 -0.1996271 1.031271 0.5
9.3789897 2.0128751 0.069411953 -0.29863341 1.523797 0.5
16.613556 4.3315631 0.54983223 0.11971521 1.787492 0.5
8.9654058 21.215392 -0.45967067 -0.064177473 3.056837 0.5
9.6173706 20.205161 0.52686995 0.33926329 3.332967 0.5
24.456617 7.6554134 0.028648211 -0.0046679505 3.889918 0.5
5.016293 14.049295 -0.066624301 -0.26207532 1.775857 0.5
19.586704 8.5126494 -0.27196739 -0.10210312 4.33857 0.5
10.312447 1.2320803 0.028871904 0.0076738894 2.652322 0.5
23.623836 17.1863 0.15924891 -0.29507472 1.360759 0.5
13.021587 27.083146 0.24480638 0.03504656 1.350476 0.5
12.155643 21.531534 -0.2695271 0.33096086 3.139709 0.5
12.102589 7.7852037 -0.71925995 0.15173529 3.877928 0.5
25.124613 9.5231165 -0.37067205 0.18425933 4.111005 0.5
0.6059551 13.99322 0.29358977 -0.21672932 4.354529 0.5
17.896594 13.853568 0.044439216 -0.18365578 1.958136 0.5
27.418905 14.924568 -0.18305586 0.08306502 1.935129 0.5
21.193004 5.3101095 -0.16461617 0.56265649 0.983243 0.5
11.492804 23.527267 0.44781612 -0.33897582 4.524452 0.5
8.595586 12.781746 -0.46021281 0.16304903 4.628506 0.5
16.93295 21.570241 0.82334535 0.60093972 4.619789 0.5
22.461616 4.6013529 0.036141328 -0.077488355 6.246698 0.5
21.990579 22.060261 -0.46338002 0.18727882 2.597917 0.5
16.849918 14.382705 0.59111188 -0.46987909 5.540445 0.5
20.075536 6.5702406 0.18683365 0.21725798 1.135786 0.5
18.845918 25.069475 -0.15840743 0.12249809 0.649744 0.5
26.65552 9.5703032 0.10514556 -0.21858999 4.647872 0.5
20.092608 5.4798193 -0.37434751 0.031649206 3.116928 0.5
14.645482 11.721029 0.50785179 -0.03439695 1.058365 0.5
12.297074 11.876107 0.22556593 -0.24257144 1.223223 0.5
17.652621 4.0222003 -0.37333432 0.19455356 6.185729 0.5
7.5194713 21.814111 -0.33736241 -0.47627207 5.03693 0.5
1.1682156 16.349638 -0.13932337 0.014252881 0.158334 0.5
22.151487 20.81738 -0.3047634 0.46757112 0.09489 0.5
6.2286342 7.9253486 -0.22575726 0.21993535 3.182579 0.5
17.993968 1.2204957 0.3736225 -0.10073722 5.999337 0.5
20.086068 12.975742 -0.31819747 0.098901133 0.712677 0.5
14.259623 3.5480271 -0.72102975 0.069966154 1.70588 0.5
13.861101 20.824294 -0.44729517 -0.080458018 5.092516 0.5
13.200531 12.465441 0.53086526 0.37528604 0.506989 0.5
21.433077 14.537202 0.40593504 0.18512519 4.452103 0.5
14.703371 9.1081095 -0.2162849 0.099448527 3.429354 0.5
21.083837 16.10028 -0.069093592 -0.36204841 5.942963 0.5
22.157088 9.5402255 0.13549144 -0.80197894 2.062723 0.5
1.4844986 17.736998 -0.38909979 0.44251712 2.598321 0.5
24.926404 19.003618 -0.35217016 -0.2569741 6.159219 0.5
7.2981062 11.315414 -0.5559926 0.20092836 1.488917 0.5
21.967114 10.773708 0.033255674 -0.45785705 1.927238 0.5
24.941488 21.29597 0.092794244 0.025332322 3.98558 0.5
9.5937156 3.4412048 0.12855131 0.023796883 3.515453 0.5
8.8796113 23.687626 -0.071149229 0.071920188 3.362574 0.5
25.886169 17.36013 -0.14522321 -0.39883568 2.617045 0.5
18.550815 23.708938 -0.065710711 -0.225848 4.416501 0.5
12.536782 23.167846 0.02059323 0.073700286 2.357123 0.5
16.529698 7.1726919 0.064298587 0.066490261 0.027213 0.5
26.705718 13.878369 0.31437577 -0.64624358 3.270335 0.5
22.973729 19.913646 0.020420142 0.029515756 5.133302 0.5
19.543429 14.26809 -0.089992825 -0.32566588 4.163048 0.5
20.251532 9.792627 -0.33022787 0.10629309 3.93618 0.5
17.832535 20.017823 -0.29350803 0.39266953 5.951127 0.5
16.588771 17.502895 -0.57167509 0.086747297 4.082451 0.5
11.76969 19.174497 0.14098693 0.30288111 1.780305 0.5
9.7352863 18.35989 0.34029614 -0.08946164 2.847882 0.5
4.1788354 10.781541 -0.18260796 0.85927701 1.767937 0.5
8.9048742 17.516248 0.59254799 -0.46229046 0.00135 0.5
11.700815 6.019314 0.026619381 -0.28792064 5.312468 0.5
9.235086 6.1338159 -0.42902093 -0.45397549 0.320289 0.5
17.345497 8.0851419 0.52282884 0.57809325 0.581132 0.5
26.876383 12.206494 0.14921616 -0.62822096 3.087421 0.5
17.464319 10.741908 0.16852237 -0.083878055 3.560403 0.5
18.686358 7.5882515 -0.78746386 -0.32277622 0.555117 0.5
13.883405 2.224873 0.0024303149 -0.0752488 6.220608 0.5
23.451493 21.615766 -0.54810082 -0.016135867 5.652715 0.5
23.837506 22.934664 -0.28118632 0.098580184 0.827952 0.5
18.948207 6.1500989 -0.027909515 -0.27986172 1.054048 0.5
17.44494 16.458416 -0.39911365 0.6085378 0.319962 0.5
21.122728 7.2127002 0.16305573 0.058472628 2.464344 0.5
3.7873013 22.690513 -0.16741318 -0.26233887 3.780782 0.5
10.001385 22.839453 -0.75855285 0.55397313 0.745414 0.5
3.1972226 19.670434 -0.092625896 1.0397351 3.348875 0.5
15.855968 11.379397 0.11263879 0.081810911 5.365761 0.5
10.935321 8.8238586 -0.63595718 0.39114322 0.445642 0.5
19.532472 11.854438 -0.57165261 -0.21490864 2.979068 0.5
12.349611 4.967828 -0.013889586 0.16862645 2.813895 0.5
5.0067481 20.399354 -0.36462411 0.37743105 4.039246 0.5
25.932824 12.958317 0.045945735 -0.24358491 4.602055 0.5
13.599166 14.73583 -0.20330182 -0.50775614 1.676583 0.5
7.5337358 5.9992859 -0.2292083 0.067929279 1.207935 0.5
13.822658 25.691285 -0.2559387 -0.17578405 6.164191 0.5
6.3602786 10.246929 0.46975722 -0.32833757 1.491784 0.5
9.577937 13.224708 -0.036234512 0.0084288634 6.269379 0.5
15.845638 6.280546 0.19728765 0.25238105 0.35856 0.5
11.381983 16.272186 0.18266724 -0.78279921 0.326238 0.5
20.665819 20.912327 0.38480032 -0.015987109 1.608548 0.5
7.0954358 23.635193 -0.15924535 -0.41254298 2.616667 0.5
11.660838 10.939508 -0.17996184 0.41200099 0.410672 0.5
5.9866395 15.226379 0.48388722 0.41867727 3.210668 0.5
13.044455 7.0778754 -0.032561034 0.00020173789 0.309541 0.5
1.803181 14.223858 -0.14032292 0.7952873 1.761874 0.5
15.690327 20.89175 0.61263022 0.8699107 4.731547 0.5
15.747013 26.322731 -0.38142805 -0.12843261 0.313065 0.5
23.241732 8.5715356 0.21244354 0.09996985 0.087229 0.5
25.071735 16.440245 -0.080603984 -0.12889376 5.713071 0.5
2.6757833 17.393759 0.17081403 -0.44516831 0.34983 0.5
5.6759053 13.184063 0.68895456 -0.24860465 2.015368 0.5
23.37664 10.356855 -0.16356012 0.23991266 0.42176 0.5
8.8509774 10.109698 0.29872386 0.57351506 5.580866 0.5
19.375362 10.80068 0.34744342 0.40926457 4.066321 0.5
16.441183 25.266775 0.40890926 0.043787825 5.863794 0.5
19.494326 26.25762 -0.17078203 0.19849629 5.355125 0.5
16.025552 15.550856 -0.27610113 0.51664083 5.404824 0.5
3.6423425 8.9827455 -0.20010714 0.016378721 1.361005 0.5
10.105076 10.74476 0.44424375 0.49549454 5.19755 0.5
7.8177642 3.2991251 -0.65517091 0.034507879 5.853071 0.5
15.027678 18.223272 0.2569851 0.072016265 2.830697 0.5
16.093133 19.58847 -0.41657627 0.10756055 3.251414 0.5
8.8873921 4.6044482 0.73616006 -0.19837485 3.305262 0.5
20.94821 17.405083 -0.11925474 0.50077827 3.841898 0.5
17.671748 24.5777 -0.32346931 -0.22660119 4.917041 0.5
11.211029 1.9073477 -0.22322576 0.13544042 1.726803 0.5
13.85251 19.275356 -0.23315538 -0.24420051 2.534849 0.5
5.2253308 3.8588536 0.0078543798 -0.026520922 1.985571 0.5
7.0643631 7.0935314 0.075298829 -0.25112934 5.636684 0.5
14.845765 25.016692 -0.42149326 0.093224753 0.642493 0.5
17.510616 6.432421 -0.33761202 -0.094116458 5.796573 0.5
16.14587 10.099812 -0.187479 -0.1579058 4.738871 0.5
9.6030752 26.152397 0.15726065 0.54542496 1.568073 0.5
3.1143367 14.89128 -0.23919493 0.93852247 2.749741 0.5
23.423114 14.441149 0.48579906 -0.62498239 1.171823 0.5
9.022547 25.213435 -0.71327466 -0.026381067 2.226958 0.5
11.74141 26.711089 0.51468821 0.2247648 1.548545 0.5
5.6080936 24.165019 -0.25135666 0.053361034 3.653333 0.5
20.49133 2.4380145 0.062306357 -0.20454146 4.394256 0.5
13.274591 0.84298581 0.030083848 0.38532601 0.605652 0.5
10.447295 5.1123549 -0.04178566 0.089836143 3.106146 0.5
12.212611 9.6296609 -0.53721607 -0.08945109 3.095002 0.5
19.376292 2.2408982 -0.20194909 -0.44269062 1.841384 0.5
24.148041 6.3660469 0.021052951 -0.21646919 6.034028 0.5
16.378151 23.740537 0.088281503 -0.19901179 1.857551 0.5
26.892369 10.756487 -0.34041287 -0.5277936 1.702664 0.5
3.2313595 12.271665 0.076041399 -0.30302075 1.16125 0.5
15.862807 8.9032326 -0.048104288 -0.43909122 4.720586 0.5
8.7514592 8.8854882 -0.4381508 -0.20510836 0.205718 0.5
23.860687 11.553498 -0.21415421 0.064874639 5.820667 0.5
7.4717159 2.2679854 0.29003609 -0.39479716 3.894129 0.5
14.665456 10.397118 0.028036846 0.21542129 3.074393 0.5
20.861877 10.853234 -0.36393643 0.37506904 0.467747 0.5
7.6600354 4.6870586 0.16671281 0.28036094 5.60533 0.5
9.9456405 9.3729808 0.10774779 0.15645501 6.227367 0.5
6.5802744 5.0858337 -0.40524561 -0.14091867 5.177094 0.5
6.1151709 11.390886 0.34311778 0.44852561 0.203779 0.5
19.69217 23.317551 -0.044969356 -0.24238158 6.095105 0.5
24.796724 14.469722 -0.014925135 0.31999429 5.150288 0.5
15.341342 1.13958 -0.30316511 0.26207235 3.059892 0.5
2.3439702 9.4605577 0.37191947 -0.044471339 3.692189 0.5
20.642996 22.464777 -0.31103628 0.076457708 3.246869 0.5
2.8107846 16.247855 -0.68376209 -0.20491515 2.032293 0.5
19.102467 18.384837 0.55961739 -0.1450456 6.136396 0.5
5.7497459 6.3737149 -0.31617584 -0.60086076 4.563161 0.5
2.8920108 7.5942146 -0.46081727 0.15119902 5.916686 0.5
2.7944384 21.38908 -0.04497557 0.77785324 1.344992 0.5
6.1036951 20.125026 -0.1051058 -0.85079741 3.633442 0.5
9.6209344 7.1933526 0.24227871 0.091072604 2.78777 0.5
16.371742 13.261418 -0.18866173 -0.28045826 1.483056 0.5
23.317374 5.603196 -0.2863771 0.21111947 0.879468 0.5
14.877047 20.234711 -0.081544135 0.12794677 4.923104 0.5
18.477095 3.2286711 -0.3206587 0.084058504 5.350229 0.5
22.282022 23.239395 0.097764147 -0.18587694 1.508644 0.5
13.829989 16.253147 0.79287146 -0.2570568 4.32761 0.5
9.2687103 16.198365 -0.18331375 0.18358285 1.3724 0.5
13.183434 3.4540942 -0.069492979 -0.16590534 2.64206 0.5
20.892481 8.5602454 0.14238144 -0.35297746 2.466218 0.5
20.802711 12.027919 -0.21994799 0.3615554 0.69625 0.5
8.6465657 22.470622 -0.4714359 -0.33248909 0.502972 0.5
18.111046 21.169129 0.27576585 -0.26002404 4.066135 0.5
23.690542 13.393537 -0.040813735 -0.46848641 3.026607 0.5
21.588249 13.047213 -0.2681043 0.43567084 6.171553 0.5
4.7570105 15.164325 0.37108427 0.013588862 3.767955 0.5
14.304765 23.579655 0.26948544 -0.36303603 5.349705 0.5
16.83831 2.895395 -0.35890131 -0.22100309 3.28374 0.5
1.9427766 19.185011 -0.59411944 0.18330998 1.964272 0.5
12.560517 2.3011253 -0.068201333 -0.46990912 1.170799 0.5
19.130576 21.937904 -0.27098187 -0.21857978 0.802835 0.5
6.1974949 3.2032069 0.30726376 0.1972669 5.063896 0.5
23.895916 20.44512 -0.39473913 -0.12263936 2.243796 0.5
17.890973 15.202987 -0.29731017 -0.18517053 5.270568 0.5
11.386947 24.762761 0.10774217 -0.22454265 5.757172 0.5
17.098928 22.679476 0.003260406 0.20474192 5.271397 0.5
24.667575 17.65606 -0.1859903 -0.20702739 3.151318 0.5
18.568857 12.726911 -0.67607559 -0.60912948 0.221595 0.5
1.9755343 8.1756404 -0.35353273 -0.02801719 1.510648 0.5
18.594785 8.8112497 -0.17402883 -0.41005259 5.29405 0.5
4.6541401 8.1280561 -0.15560458 0.12590993 2.737677 0.5
5.4579798 19.165251 0.19275739 -0.50235896 4.134415 0.5
7.3099012 16.575162 0.22563695 -0.32350052 1.432456 0.5
24.668396 12.485196 0.32941865 0.052026553 2.840655 0.5
14.675385 5.9330672 -0.093119415 0.38888535 2.899005 0.5
11.733445 14.376899 0.69144049 -0.63990411 4.137855 0.5
23.372637 18.575954 -0.4852349 -0.097568679 1.992807 0.5
10.937609 22.210191 -0.2806419 -0.62246542 0.375558 0.5
7.8589536 13.746377 -0.37431438 -0.016675898 0.629977 0.5
17.063905 11.985167 0.92579557 0.077219514 5.301885 0.5
10.299149 17.348644 -1.4478042 0.42548098 1.197725 0.5
12.572993 24.23751 0.10384322 -0.18562826 2.939026 0.5
16.756482 5.4156261 0.1309215 -0.095941721 3.912909 0.5
11.139048 20.681639 -0.64271352 0.13362715 3.115045 0.5
13.774989 11.049499 0.11982666 -0.42863097 1.662001 0.5
18.929381 15.586471 -0.16550423 -0.12957747 0.131507 0.5
