# x y vx vy theta radius
25.191097 9.7324955 -0.068803288 -1.0402095 4.1102971 0.5
16.224094 21.247905 0.32955131 -0.18527606 1.764168 0.5
13.900759 18.65586 -0.044448709 -0.060357477 3.951996 0.5
0.9086919 11.148836 -0.22897769 -0.16400639 4.259518 0.5
6.2746865 23.066858 0.19120261 -0.0357772 1.882067 0.5
9.4123058 21.324332 -0.029782838 -0.76229161 0.92276 0.5
15.361005 17.819699 -0.28389733 -0.039389372 4.981497 0.5
14.758278 2.7599059 0.81715703 0.028467086 0.663689 0.5
22.193583 16.948158 -0.11728509 0.1874344 4.599871 0.5
17.945501 10.259317 0.34102901 0.27307933 3.315122 0.5
20.42164 6.6517389 0.16804198 0.033883484 5.224588 0.5
14.261495 25.165906 -0.062998244 -0.020544949 4.739779 0.5
2.8339836 13.118813 0.056009791 -0.21745837 0.624425 0.5
11.336213 27.121086 0.35005715 0.1780614 0.734434 0.5
8.6990489 18.114601 -0.011442537 0.20262834 4.989084 0.5
8.2114826 20.705019 -0.52285106 -0.35653524 2.508867 0.5
10.319158 26.160423 -0.020826349 -0.48264322 5.939565 0.5
17.846233 1.9387132 -0.0016385103 -0.27950032 0.028815 0.5
14.958673 26.889619 -0.30336604 0.15191006 3.449449 0.5
16.960788 5.027403 0.35510304 -0.23298792 0.592282 0.5
8.635974 19.667432 0.10716216 -0.075725266 6.045768 0.5
10.709497 5.1034635 0.023717778 -0.35593335 0.890473 0.5
11.911 24.736139 0.26564118 0.35879716 2.353219 0.5
7.4080301 25.083274 0.71631213 0.3320061 1.672869 0.5
18.058239 12.638989 0.088329366 0.27683365 4.21507 0.5
14.89782 7.8423734 -0.1305943 0.54872087 0.4829 0.5
19.6764 5.7550318 0.27711597 0.61660249 6.274711 0.5
18.920265 24.752829 0.014793487 0.36734416 1.301021 0.5
19.770442 3.1818842 -0.18970856 -0.014044259 3.538852 0.5
6.3712762 21.073552 0.22848138 0.17500514 1.72413 0.5
17.715588 8.4788428 0.14690969 -0.38111358 0.779811 0.5
15.768629 4.2425425 -0.085620061 -0.5035033 1.209651 0.5
4.0952157 19.542608 -0.28452587 0.15226859 5.377079 0.5
18.242764 20.747236 0.050887828 -0.10013378 3.122843 0.5
22.262651 24.59612 -0.57235821 -0.56571353 4.105439 0.5
25.37892 18.174485 0.94522855 -0.32383333 2.246795 0.5
14.373128 1.3388619 -0.32023098 0.46158717 3.468535 0.5
16.028287 15.111614 0.63745891 0.13920174 5.532293 0.5
7.9973798 11.395884 -0.018839764 -0.32568648 0.531572 0.5
10.398119 20.202171 0.040266583 0.24118338 5.261584 0.5
9.182305 4.3369713 0.22456303 -0.56584734 0.040113 0.5
10.4928 12.420606 0.011475133 -0.6855278 4.576591 0.5
9.3449827 10.004996 0.061336835 0.13790031 0.209824 0.5
14.105939 15.167722 0.3499743 -0.2195332 1.770879 0.5
6.7312286 12.516277 0.11740912 0.08851944 4.791815 0.5
11.889043 12.021047 0.034106495 0.11311676 2.522673 0.5
9.6714097 18.934945 0.50225089 0.071801546 3.232151 0.5
20.706744 22.186962 0.19004769 -0.99399321 0.943125 0.5
6.6066062 18.476377 -0.47286902 0.18848726 1.031271 0.5
6.9780733 16.901107 0.2779152 -0.11482767 1.523797 0.5
16.165053 25.617888 -0.36281747 -0.091205825 1.787492 0.5
19.322444 17.303553 0.3242476 0.090197671 3.056837 0.5
13.085886 24.82114 0.34105246 0.06846635 3.332967 0.5
4.5754362 11.176358 -0.35433242 -0.23007803 3.889918 0.5
16.869739 9.2031117 -0.02388971 -0.14058607 1.775857 0.5
16.194492 24.328188 -0.042959277 -0.28442683 4.33857 0.5
11.783917 13.431726 -0.088443669 -0.41713701 2.652322 0.5
10.436808 22.934734 0.41357457 0.2454544 1.360759 0.5
18.109054 16.209417 0.040127172 -0.46401007 1.350476 0.5
4.1148557 5.782271 0.37825369 0.16120349 3.139709 0.5
7.6287597 15.351663 -0.29102298 0.034133056 3.877928 0.5
8.1339838 7.1278749 -0.23998804 0.038691641 4.111005 0.5
20.69783 4.9677674 0.72574112 0.46873919 4.354529 0.5
10.641325 9.5706845 -0.11320777 0.53677292 1.958136 0.5
13.353751 3.0198986 -0.7339324 -0.18470415 1.935129 0.5
14.964187 16.251601 -0.052824436 -0.34502725 0.983243 0.5
3.6749066 20.730364 0.096309588 0.16649953 4.524452 0.5
9.3183811 23.134543 -0.19820086 -0.017728736 4.628506 0.5
20.194103 13.19948 -0.43672725 -0.34150844 4.619789 0.5
16.452589 18.75145 0.095321276 -0.18262305 6.246698 0.5
25.523459 16.625757 -0.27885224 0.80605702 2.597917 0.5
11.86217 5.3151681 -0.047866848 0.24975842 5.540445 0.5
9.8841051 17.654363 -0.31827476 0.037058035 1.135786 0.5
6.2013971 8.436922 -0.1760631 -0.040825774 0.649744 0.5
3.5459771 14.036792 0.30978481 -0.10305801 4.647872 0.5
15.416181 0.92927285 0.24365358 0.65030071 3.116928 0.5
12.805189 12.877239 0.030250754 0.25525239 1.058365 0.5
10.187016 7.2055238 0.24900739 0.32250113 1.223223 0.5
9.9123792 6.0743226 -0.092106014 0.48096449 6.185729 0.5
7.4920226 19.153418 0.25996628 0.33751169 5.03693 0.5
1.5925369 9.5412904 -0.040650018 -0.083157174 0.158334 0.5
8.8926785 16.190571 -0.13791688 -0.09178722 0.09489 0.5
4.96295 8.5975288 -0.05502928 0.099730373 3.182579 0.5
11.768372 10.658644 0.059549541 0.13952526 5.999337 0.5
18.962143 8.1686445 -0.81698172 0.56763152 0.712677 0.5
2.6891992 12.018053 0.096580028 -0.69616184 1.70588 0.5
17.647193 26.893878 0.57583088 0.19825016 5.092516 0.5
14.012814 12.433061 0.38495491 0.14884002 0.506989 0.5
19.593261 20.545056 0.5280354 -0.46118527 4.452103 0.5
17.276191 6.9831498 -0.24083691 -0.042455471 3.429354 0.5
12.09536 21.468404 0.14579563 0.16702511 5.942963 0.5
23.615339 15.475484 -0.14692342 0.13383222 2.062723 0.5
11.728644 0.85706235 0.21380853 -0.072729161 2.598321 0.5
11.26528 17.443961 -0.16659015 0.45395032 6.159219 0.5
22.992355 6.2511838 0.19717714 0.79885711 1.488917 0.5
5.2026291 21.563616 -0.34168354 0.32995134 1.927238 0.5
3.7797941 21.879493 -0.42370575 -0.14137945 3.98558 0.5
18.281573 18.046779 -0.2654121 0.15994128 3.515453 0.5
15.459646 11.481397 -0.11787788 0.055417755 3.362574 0.5
7.2413148 2.7606736 -0.24524471 0.045190864 2.617045 0.5
24.273017 22.256352 0.11773104 -0.20869329 4.416501 0.5
12.495423 20.194587 0.037046714 0.031583045 2.357123 0.5
7.1142077 9.2517608 0.10779384 -0.38585034 0.027213 0.5
16.40743 6.1767627 0.067307759 -0.014444833 3.270335 0.5
20.18911 2.1322975 -0.30237313 -0.27844292 5.133302 0.5
1.1820814 17.770196 0.5037987 0.18545668 4.163048 0.5
13.864437 13.626353 -0.11959135 -0.066065815 3.93618 0.5
4.9443602 20.446198 0.29324997 -0.34765058 5.951127 0.5
2.3688953 20.426041 0.067728888 -0.14172853 4.082451 0.5
8.3021779 25.71452 0.044550613 -0.13748563 1.780305 0.5
24.772917 11.791535 -0.0036587541 -0.83213571 2.847882 0.5
22.052424 12.254387 -0.33345078 -0.18753251 1.767937 0.5
9.4067415 1.4134743 -0.50692671 0.15555103 0.00135 0.5
23.795366 9.29879 0.5133548 -0.14351303 5.312468 0.5
17.02392 20.290978 -0.12070875 -0.39107933 0.320289 0.5
14.411001 21.167999 0.38800983 -0.65222226 0.581132 0.5
4.4878279 9.8922551 0.0095833506 0.30110685 3.087421 0.5
12.140927 1.9528637 -0.1904918 0.15851078 3.560403 0.5
18.491279 5.4774389 0.15892372 -0.070668764 0.555117 0.5
8.5656282 24.082473 -0.24308907 0.022634672 6.220608 0.5
14.861167 10.525583 0.30126937 0.49620536 5.652715 0.5
13.993119 11.184376 0.15291822 0.34080193 0.827952 0.5
22.937188 18.307818 0.56862957 -0.11313438 1.054048 0.5
19.581685 11.545311 -0.0058093769 0.46267145 0.319962 0.5
21.786343 3.864107 -0.44565355 -0.0546501 2.464344 0.5
5.8305376 9.7164163 0.29812228 -0.40642079 3.780782 0.5
21.516715 18.651425 0.37362171 0.16993572 0.745414 0.5
20.594473 23.93274 -0.57143232 -0.32170194 3.348875 0.5
10.601523 16.34866 0.37378146 -0.13913048 5.365761 0.5
5.1375786 7.3531919 0.072718192 0.12339444 0.445642 0.5
19.17692 10.248002 0.17310405 0.084392039 2.979068 0.5
12.692035 18.295488 -0.40934264 0.26610888 2.813895 0.5
21.774321 23.516698 0.046389359 0.62988322 4.039246 0.5
18.474488 14.339626 -0.045051453 -0.46079417 4.602055 0.5
17.203806 17.705789 0.30515049 0.7537376 1.676583 0.5
21.105452 10.008832 -0.059365153 0.18782342 1.207935 0.5
12.079158 6.9825779 -0.097946589 -0.0032191616 6.164191 0.5
9.7044354 24.983504 0.08517095 -0.13469471 1.491784 0.5
13.033926 10.659525 0.16703105 0.1691438 6.269379 0.5
0.98574622 16.42654 0.019182717 0.027720475 0.35856 0.5
14.494294 4.211728 -0.62068449 -0.059149554 0.326238 0.5
8.6047089 22.048345 0.12385975 0.18977628 1.608548 0.5
6.9291415 10.908405 -0.036299575 0.11777501 2.616667 0.5
11.737948 15.674748 -0.044913758 0.28370606 0.410672 0.5
13.316646 6.6714856 0.1141181 -0.4845013 3.210668 0.5
7.4109613 22.722825 0.37967164 -0.24226036 0.309541 0.5
5.323971 18.623706 0.039791047 0.2596968 1.761874 0.5
18.082504 19.596446 0.35070797 -0.026645819 4.731547 0.5
3.1409695 18.122456 -0.49777915 -0.40705642 0.313065 0.5
15.900318 12.880377 -0.04983098 0.01466189 0.087229 0.5
11.226129 6.2261371 0.10917987 -0.22707373 5.713071 0.5
13.874534 9.5193229 0.29212085 0.1139417 0.34983 0.5
5.1913523 24.113713 0.081067462 0.30199882 2.015368 0.5
26.348406 14.889441 0.077590318 -0.85768925 0.42176 0.5
3.7396007 12.474903 -0.084310427 -0.011443244 5.580866 0.5
19.941459 16.254833 -0.032218535 -0.37987731 4.066321 0.5
1.7883193 12.835217 -0.31863318 0.032986526 5.863794 0.5
13.814468 27.393702 0.35692012 -0.3952575 5.355125 0.5
11.087186 4.0276361 0.17523285 0.48999977 5.404824 0.5
19.644218 21.67353 -0.084926114 0.08364196 1.361005 0.5
17.526651 13.665064 0.10142618 -0.044058713 5.19755 0.5
9.3455581 13.578608 0.069003825 -0.16005116 5.853071 0.5
2.5145738 10.889946 -0.51296675 -0.090893263 2.830697 0.5
21.507452 14.345306 -0.7945145 -0.9864441 3.251414 0.5
11.100871 23.879502 0.19292042 0.14155363 3.305262 0.5
15.767055 9.8117618 0.039462552 0.29307834 3.841898 0.5
25.157493 15.52211 -0.33857118 0.027794123 4.917041 0.5
19.950859 8.7915636 -0.20837816 0.35625168 1.726803 0.5
8.0886193 4.091172 0.27008191 -0.19507428 2.534849 0.5
3.6627306 16.599704 0.11265629 -0.53151153 1.985571 0.5
26.441478 17.650068 -0.35258545 -0.025615693 5.636684 0.5
8.5115153 8.2081887 -0.31264068 -0.016570788 0.642493 0.5
20.950956 20.940138 0.42731922 -0.051257849 5.796573 0.5
6.0033367 15.251681 0.28152452 0.099085318 4.738871 0.5
22.298066 15.457491 -0.64052215 0.98234306 1.568073 0.5
6.9185224 4.5168551 0.10922629 -0.2643905 2.749741 0.5
17.713252 4.0831151 0.48439413 0.1872899 1.171823 0.5
7.500726 13.970839 -0.046461996 0.025661811 2.226958 0.5
12.612472 4.4417969 0.12581471 -0.28517544 1.548545 0.5
16.327373 16.317064 -0.07859209 -0.33297721 3.653333 0.5
19.966971 18.321374 -0.49122963 -0.17231462 4.394256 0.5
15.078737 5.9659247 0.26834597 0.35128648 0.605652 0.5
18.711385 2.5611282 -0.36899154 -0.062002936 3.106146 0.5
4.6184145 4.4055015 0.027624324 0.11250882 3.095002 0.5
19.884545 25.600238 0.30854847 0.22579429 1.841384 0.5
23.135354 8.3949943 -0.45240207 -0.87138898 6.034028 0.5
14.026465 19.960539 0.14980303 -0.41574412 1.857551 0.5
18.373824 6.5541347 0.64344811 -0.28186771 1.702664 0.5
9.4582847 11.865524 -0.15678827 -0.12175555 1.16125 0.5
21.0457 7.9234114 0.40721173 0.28792624 4.720586 0.5
23.846165 12.677438 -0.4001043 0.34321471 0.205718 0.5
14.310304 23.901311 -0.33343837 0.1036717 5.820667 0.5
8.2497875 12.864114 -0.08796333 -0.73178373 3.894129 0.5
23.206537 19.492202 -0.17940784 -0.13369329 3.074393 0.5
23.14448 22.513649 -0.1033892 0.091330153 0.467747 0.5
12.495604 16.44264 0.22991464 -0.13116397 5.60533 0.5
24.360172 6.4084297 0.46988782 -0.059306794 6.227367 0.5
5.4388655 16.951334 0.076470719 -0.0438327 5.177094 0.5
23.324705 14.280675 -0.24441743 0.63169616 0.203779 0.5
13.295424 1.0022424 -0.14445985 -0.06766388 6.095105 0.5
20.978841 19.653327 0.076913464 -0.22677969 5.150288 0.5
21.145197 16.163746 -0.36212223 -0.18040151 3.059892 0.5
6.0511714 19.441523 -0.37819397 0.00090656047 3.692189 0.5
26.209251 19.355258 0.76825367 -1.0340537 3.246869 0.5
2.4031167 7.3494316 -0.16442739 -0.15157654 2.032293 0.5
10.678869 11.296535 0.12607137 -0.14552354 6.136396 0.5
26.026273 8.8380935 -0.66750923 -0.18409376 4.563161 0.5
7.4305804 5.7751584 0.0027339918 0.0068983246 5.916686 0.5
3.9532738 7.5587355 -0.51674345 0.24871928 1.344992 0.5
13.415418 5.2497509 0.33985683 -0.26889301 3.633442 0.5
18.206639 23.317553 -0.028217022 0.41465812 2.78777 0.5
5.2548081 22.755953 -0.16228614 -0.018294965 1.483056 0.5
2.3681486 16.160622 0.21204048 0.13669301 0.879468 0.5
27.274942 15.713048 0.21638911 0.14700311 4.923104 0.5
5.1582621 12.863182 0.21314441 -0.11544149 5.350229 0.5
8.2248895 2.1335105 0.22547279 -0.213829 1.508644 0.5
13.677928 21.993363 -0.40021569 -0.26464132 4.32761 0.5
2.1033218 8.4818287 -0.20561261 0.2714734 1.3724 0.5
25.497524 20.657857 -0.45044176 -0.53692998 2.64206 0.5
2.3349945 19.096627 0.26549689 0.15861792 2.466218 0.5
11.716956 25.913774 0.2043435 0.036825174 0.69625 0.5
16.011069 2.2225996 -0.38988385 0.06658925 0.502972 0.5
19.778055 23.200416 -0.42029623 -0.40100021 4.066135 0.5
24.482437 19.26203 0.051467348 0.30213431 3.026607 0.5
12.60061 23.166713 0.12433476 0.46506752 6.171553 0.5
9.913038 3.115517 -0.2449704 0.42185609 3.767955 0.5
11.637152 19.10132 -0.14620841 0.50105409 5.349705 0.5
4.1430809 17.66147 -0.023887048 0.052490611 3.28374 0.5
12.819307 14.919059 -0.019856146 0.047226914 1.964272 0.5
5.8411646 5.1648311 -0.215729 0.19510448 1.170799 0.5
0.89614427 14.03694 0.31462992 0.0454808 0.802835 0.5
2.2648031 15.034222 -0.53526813 0.51531576 5.063896 0.5
11.53594 8.3641501 -0.047716744 0.58494787 2.243796 0.5
10.093843 8.4576348 -0.24026312 0.15600717 5.270568 0.5
17.446995 25.405672 0.53173686 0.17010476 5.757172 0.5
23.760892 10.943013 -0.082035119 -0.53921763 5.271397 0.5
3.3595721 8.6341227 -0.12871299 0.34594915 3.151318 0.5
21.339527 2.8349863 0.036013458 -0.02278823 0.221595 0.5
16.638536 3.56397 -0.2171876 0.29734061 1.510648 0.5
5.9698255 4.0383073 0.066605911 -0.051110004 5.29405 0.5
4.622361 15.029792 -0.019702855 -0.17368767 2.737677 0.5
6.2228935 24.979269 -0.16305734 -0.070119711 4.134415 0.5
16.797331 10.366582 0.049470956 -0.19471566 1.432456 0.5
6.8691811 7.3049274 -0.12885673 -0.07725946 2.840655 0.5
18.602568 22.24949 -0.3598029 -0.044687363 2.899005 0.5
10.844694 1.6122484 0.056210135 0.26752663 4.137855 0.5
16.517881 11.815386 -0.068381142 -0.3227592 1.992807 0.5
11.619337 3.0998438 -0.18843464 0.65919147 0.375558 0.5
13.748298 16.45122 -0.24973272 0.020852362 0.629977 0.5
16.239978 26.832546 0.10527833 -0.12160847 5.301885 0.5
6.0227419 11.587104 -0.36270498 -0.19968172 1.197725 0.5
8.6983251 6.1349015 -0.18337415 0.11932941 2.939026 0.5
21.936607 22.463146 0.053765321 0.093012813 3.912909 0.5
21.084617 11.137344 -0.0011308835 0.07592846 3.115045 0.5
10.11709 14.586501 -0.0072323457 0.2552158 1.662001 0.5
12.829625 25.930368 0.35220645 0.0272824 0.131507 0.5
