# x y vx vy theta radius
7.6280025 15.963169 1.0040093 -0.4485901 1.0543409 0.5
1.9312634 9.2731938 0.003557578 0.033711982 1.764168 0.5
15.314831 16.055878 -0.12454902 0.14260147 3.951996 0.5
5.9417796 4.0281643 0.022532548 -0.12554842 4.259518 0.5
19.577078 7.195355 -0.17533482 0.30176735 1.882067 0.5
4.7887735 20.283963 -0.62935028 -0.55709124 0.92276 0.5
17.087644 21.037504 0.13430114 0.48470898 4.981497 0.5
8.9153865 14.571973 0.2229407 -0.51170581 0.663689 0.5
16.847926 25.896248 -0.54587913 0.088558933 4.599871 0.5
23.602571 15.15654 0.80812294 -0.2678887 3.315122 0.5
20.243748 17.769781 0.62818192 0.59589604 5.224588 0.5
15.827245 26.511887 -0.04643172 -0.48878898 4.739779 0.5
3.8531739 19.426426 0.81713668 -0.21442318 0.624425 0.5
21.129298 3.3170713 0.52145211 0.056544624 0.734434 0.5
18.895882 15.587741 0.31987693 -0.020743072 4.989084 0.5
8.3022426 10.774341 -0.062867738 -0.095258579 2.508867 0.5
25.74744 8.3811835 -0.038215115 -0.049035287 5.939565 0.5
23.020229 21.792788 -0.53072726 0.28374768 0.028815 0.5
20.265332 22.202215 -0.061352729 -0.70442833 3.449449 0.5
16.847253 14.12639 0.20751141 0.49163617 0.592282 0.5
4.0513152 16.271503 0.051101437 0.26524887 6.045768 0.5
19.765189 19.736188 0.14533641 -0.18077015 0.890473 0.5
21.235468 11.394513 0.28547914 -0.16582112 2.353219 0.5
12.408856 22.201155 0.29193026 -0.26504985 1.672869 0.5
15.53368 25.342101 0.35724892 0.62019812 4.21507 0.5
26.259162 12.398927 -0.033179548 -0.32029851 0.4829 0.5
11.029131 6.549772 0.16361085 -0.044401042 6.274711 0.5
19.670536 23.087984 0.10904715 0.46658842 1.301021 0.5
18.236543 14.520612 -0.022157755 0.63407094 3.538852 0.5
6.7947954 10.357922 0.32186954 -0.60312818 1.72413 0.5
18.002918 20.386674 0.55468977 -0.62328915 0.779811 0.5
4.1385874 11.018102 -0.73738388 -0.54988631 1.209651 0.5
12.571446 16.097616 0.021838315 0.26869586 5.377079 0.5
23.374413 8.6325197 0.12153247 0.46933843 3.122843 0.5
10.418673 19.264362 -0.23807691 0.18021285 4.105439 0.5
2.5408529 7.9226755 -0.017508949 0.017896953 2.246795 0.5
16.371099 7.0719843 -0.33047276 -0.22078176 3.468535 0.5
12.357893 26.690775 0.39165315 -0.90264903 5.532293 0.5
27.311647 12.719551 0.2688563 0.29937231 0.531572 0.5
14.902512 0.90762333 0.086185192 0.16848085 5.261584 0.5
14.658304 24.683929 -0.28208397 0.19838506 0.040113 0.5
12.221079 12.373884 0.26218156 -0.19479667 4.576591 0.5
7.6808915 3.5896051 0.34854124 -0.1244391 0.209824 0.5
13.228117 3.8553338 -0.058754858 -0.28636428 1.770879 0.5
24.392013 9.431879 0.2868452 -0.26653002 4.791815 0.5
18.638798 9.1482979 -0.024276598 0.35124889 2.522673 0.5
14.589211 13.224076 0.038534271 0.25086006 3.232151 0.5
24.031399 22.92321 0.60508292 0.035354129 0.943125 0.5
6.6309952 2.8183819 0.33199765 -0.10648451 1.031271 0.5
10.473225 14.638254 -0.33524994 0.0372953 1.523797 0.5
8.9603648 2.7187282 0.14213633 -0.27417093 1.787492 0.5
24.501426 21.678238 -0.041926468 -0.31351254 3.056837 0.5
15.666442 9.6304907 -0.075654244 0.31991202 3.332967 0.5
21.94787 13.612192 -0.20916022 0.25908058 3.889918 0.5
17.9966 13.343442 0.3527046 -0.026202562 1.775857 0.5
2.9063619 16.210385 0.10486372 0.49749239 4.33857 0.5
22.385615 23.246302 -0.13752604 0.11360122 2.652322 0.5
11.396273 13.249246 0.035001685 -0.025678425 1.360759 0.5
14.745611 14.852122 0.5159058 -0.063995988 1.350476 0.5
11.539993 9.9037895 -0.42308026 -0.033549454 3.139709 0.5
16.206594 3.6239048 0.33113409 0.0067375049 3.877928 0.5
14.690529 17.523668 -0.097070662 0.43849391 4.111005 0.5
21.52489 7.2197963 -0.25355049 -0.064464649 4.354529 0.5
7.1583765 7.9452566 0.23276902 0.57108226 1.958136 0.5
13.190041 1.4774131 0.19162962 -0.18081102 1.935129 0.5
9.025565 25.570313 -0.3871479 -0.17968051 0.983243 0.5
21.034546 18.884212 -0.50861592 0.18610432 4.524452 0.5
15.479282 4.8230785 0.04927212 -0.32918785 4.628506 0.5
7.0246544 6.6898312 0.48904347 0.0396337 4.619789 0.5
10.556276 8.9956225 -0.15965428 0.34857297 6.246698 0.5
8.0624822 1.9504507 0.0041406574 0.23086752 2.597917 0.5
14.188523 4.9138024 0.37092128 -0.22156441 5.540445 0.5
23.90909 7.1474299 -0.26247267 -0.40498911 1.135786 0.5
21.802678 4.7464702 -0.077098664 -0.123331 0.649744 0.5
20.417129 2.4137574 0.16049934 0.24910143 4.647872 0.5
21.814534 16.766502 0.16995829 0.12882281 3.116928 0.5
10.964632 15.61313 -0.050743136 0.00073491134 1.058365 0.5
8.3285368 6.5224774 0.1961191 -0.11783986 1.223223 0.5
14.449624 22.096365 -0.25920603 -0.51227757 6.185729 0.5
8.0462396 19.652631 -0.029357535 0.55253089 5.03693 0.5
15.320961 19.378218 0.23187324 -0.61914769 0.158334 0.5
1.8066976 13.329459 0.01847488 0.37177087 0.09489 0.5
23.079005 16.346523 0.038600303 -0.0049646506 3.182579 0.5
0.81838275 12.785714 0.23515494 -0.40718826 5.999337 0.5
12.053099 25.539805 -0.25327424 0.22983059 0.712677 0.5
16.890958 19.842602 -0.39852293 -1.1075117 1.70588 0.5
3.6080416 7.1163507 -0.0060007231 -0.047557625 5.092516 0.5
18.476146 3.7083851 0.23356449 -0.11947029 0.506989 0.5
17.049174 8.1091485 -0.44853825 -0.092409126 4.452103 0.5
19.769935 12.946387 0.15887909 -0.13031562 3.429354 0.5
10.441233 10.344979 -0.40226298 0.10658477 5.942963 0.5
11.774968 5.2671912 -0.13396308 0.13580753 2.062723 0.5
24.168074 17.337601 0.27951862 0.56547701 2.598321 0.5
17.959606 12.149858 0.2138004 0.12997676 6.159219 0.5
26.263499 18.94034 -0.13900202 -0.26284399 1.488917 0.5
10.908675 25.1492 0.79759754 -0.73764284 1.927238 0.5
20.077163 10.901157 -0.043834061 0.50332251 3.98558 0.5
3.0999802 15.064825 0.15248887 0.64702864 3.515453 0.5
16.031714 23.926337 0.027769133 -0.3488889 3.362574 0.5
21.828513 18.036466 -0.12532306 -0.24314599 2.617045 0.5
23.821041 11.198498 -0.29960235 0.011242417 4.416501 0.5
19.377876 8.3400314 -0.00074176926 0.22508431 2.357123 0.5
16.202647 15.201492 -0.13647155 -0.28969806 0.027213 0.5
26.388259 17.185877 -0.077532998 0.36536313 3.270335 0.5
22.046973 8.4379221 0.024979346 0.28334052 5.133302 0.5
18.540626 1.3564477 0.039781325 0.27800637 4.163048 0.5
8.2016211 4.831973 0.050102945 0.1002865 3.93618 0.5
1.6214818 14.755535 0.21340955 0.12631479 5.951127 0.5
19.316839 2.1797145 -0.12836202 0.26317928 4.082451 0.5
6.2193528 8.8033357 0.12238548 0.44785174 1.780305 0.5
4.7805726 8.5756558 -0.30911104 -0.013008527 2.847882 0.5
21.735543 24.370498 0.42368385 -0.053172467 1.767937 0.5
11.527568 4.1702182 -0.036210554 0.22159428 0.00135 0.5
17.824881 21.767137 0.20552628 -0.18658023 5.312468 0.5
12.558172 20.697578 0.12916805 0.073969136 0.320289 0.5
9.6303424 16.81692 -0.22132094 0.58695323 0.581132 0.5
17.142665 18.219623 -0.44056573 0.12115701 3.087421 0.5
22.872641 9.9482024 0.33901739 0.57089198 3.560403 0.5
4.5130478 4.4841801 0.13213207 0.12530979 0.555117 0.5
12.403751 7.4329505 0.30766237 0.15387172 6.220608 0.5
25.587314 11.176746 0.15039784 -0.51142091 5.652715 0.5
18.435069 17.780089 -0.020916998 -0.27173038 0.827952 0.5
25.044918 6.6568298 0.024679861 0.1097 1.054048 0.5
21.625612 10.265441 -0.097076088 0.54949714 0.319962 0.5
13.395766 25.310553 0.086024322 0.37984971 2.464344 0.5
9.7736837 6.4270355 -0.16640033 0.19907272 3.780782 0.5
23.924947 18.690557 -0.032005023 -0.59096062 0.745414 0.5
25.117981 12.260358 0.0035519043 -0.030043091 3.348875 0.5
9.3404418 20.687879 -0.14601805 -0.4314909 5.365761 0.5
22.715499 4.0442843 0.046963816 0.27715473 0.445642 0.5
15.543503 6.0840169 -0.19232154 0.13393096 2.979068 0.5
9.2785027 18.50089 -0.5635158 0.16731084 2.813895 0.5
16.370551 10.667818 -0.53272147 -0.022466108 4.039246 0.5
9.2365562 10.220663 -0.1222193 0.38852131 4.602055 0.5
12.564446 2.9328621 0.38058985 -0.31477023 1.676583 0.5
17.239174 2.8866067 0.15697953 0.13879983 1.207935 0.5
12.289606 19.548662 -0.31927473 -0.33542668 6.164191 0.5
22.606888 18.8038 -0.010805822 0.045929041 1.491784 0.5
18.987131 11.782015 0.39688397 -0.19117675 6.269379 0.5
11.514613 11.232514 -0.57153833 -0.021449373 0.35856 0.5
25.551975 13.409055 -0.30527852 0.24611024 0.326238 0.5
3.4513103 5.6561468 -0.057561453 -0.046424305 1.608548 0.5
12.187481 0.75922472 0.051054253 -0.29102653 2.616667 0.5
9.9601311 26.244704 0.088845787 0.27392772 0.410672 0.5
10.520911 5.4532297 -0.061850716 0.058813854 3.210668 0.5
26.994698 13.764306 -0.30316028 0.22446101 0.309541 0.5
11.12314 22.007715 0.33682783 0.60875016 1.761874 0.5
8.8436633 15.737917 -0.46017555 0.27694413 4.731547 0.5
6.9972565 13.787766 0.54653652 -0.33400354 0.313065 0.5
4.7173515 5.6493724 0.15213726 0.057166438 0.087229 0.5
17.815509 10.731071 0.36517969 0.080455867 5.713071 0.5
20.801886 5.3282504 0.15394866 0.37586372 0.34983 0.5
10.795931 18.022221 -0.58461247 0.32189747 2.015368 0.5
3.2728652 12.852265 -0.95980143 -0.597033 0.42176 0.5
12.95542 14.129459 0.57769208 -0.44245813 5.580866 0.5
18.88797 21.403237 0.46817405 0.087388043 4.066321 0.5
8.0209709 17.764616 -0.29066122 -0.68910939 5.863794 0.5
24.401202 8.1587745 -0.40222351 0.44942565 5.355125 0.5
17.299351 24.027718 0.2384287 0.105867 5.404824 0.5
5.5079546 18.584487 0.45507299 0.14418701 1.361005 0.5
6.6598979 17.96457 -0.080702664 0.48198155 5.19755 0.5
20.858479 23.184118 -0.014964634 -0.11462142 5.853071 0.5
15.916024 18.196346 1.1512888 -0.82170794 2.830697 0.5
16.787465 12.212962 0.14643496 0.55690996 3.251414 0.5
12.765446 17.993339 0.33803029 0.166109 3.305262 0.5
18.876326 10.4226 -0.3428609 0.20417984 3.841898 0.5
19.808332 5.8531869 -0.22539261 0.11760048 4.917041 0.5
20.658082 14.152578 0.062342224 -0.20480762 1.726803 0.5
3.583392 8.2941275 -0.090308715 0.20403635 2.534849 0.5
14.375669 6.8481602 0.075191139 0.20314415 1.985571 0.5
18.372398 19.297875 0.1325289 0.62389382 5.636684 0.5
11.404679 1.8794011 0.19747374 -0.26908773 0.642493 0.5
17.28304 16.764333 0.041177269 0.20813525 5.796573 0.5
2.3089698 17.164262 -0.36358274 -0.62440435 4.738871 0.5
25.645319 16.350197 -0.59945824 -0.20137689 1.568073 0.5
16.826657 5.9573812 0.52589306 -0.092807024 2.749741 0.5
7.8535175 11.730091 0.41952907 0.30350949 1.171823 0.5
6.0510512 11.147386 -0.33774149 0.045583826 2.226958 0.5
22.964915 17.505949 -0.67629971 -0.12093877 1.548545 0.5
20.008405 25.637909 0.30091949 0.22844905 3.653333 0.5
9.9779218 23.538979 -0.12056511 0.015606302 4.394256 0.5
17.198045 1.0838347 0.28465435 -0.32012728 0.605652 0.5
11.029218 26.673735 0.15628901 -0.45172113 3.106146 0.5
18.487419 22.868689 -0.1901893 -0.020030147 3.095002 0.5
19.408825 4.7119408 0.33652012 0.10007605 1.841384 0.5
13.867363 26.926842 0.037643659 0.36956492 6.034028 0.5
2.6950571 11.757264 -0.24721264 0.17657028 1.857551 0.5
14.014971 2.4055386 0.13926805 0.18387577 1.702664 0.5
15.552998 2.0280411 -0.14521219 0.043306912 1.16125 0.5
22.907885 11.821723 -0.061171605 -0.059440629 4.720586 0.5
14.187428 11.840915 0.10035224 0.10928138 0.205718 0.5
19.558062 14.085205 -0.1644366 0.15560211 5.820667 0.5
18.014161 5.9712289 -0.016363138 0.40179268 3.894129 0.5
19.659545 9.5325537 -0.42972154 0.19900085 3.074393 0.5
4.3415483 21.820078 0.37798023 0.18915164 0.467747 0.5
27.065697 11.266668 0.62880745 -0.1316751 5.60533 0.5
15.260664 20.514657 -0.043659844 0.094199183 6.227367 0.5
5.4178936 24.001247 0.073939529 -0.56942825 5.177094 0.5
9.1747427 8.8134829 0.35934031 0.016583315 0.203779 0.5
14.535702 23.260376 0.57079758 -0.36629396 6.095105 0.5
12.683575 23.319748 0.072706669 0.050789044 5.150288 0.5
15.565263 13.663661 -0.52886021 0.37478188 3.059892 0.5
25.758906 9.8444942 -0.33216265 -0.28825397 3.692189 0.5
21.544139 20.007934 -0.6369035 -0.40422954 3.246869 0.5
22.096499 15.643424 -0.017935999 -0.13602399 2.032293 0.5
4.7463206 11.849689 -0.3054023 -0.01186652 6.136396 0.5
1.9559301 18.266595 -0.55620395 -0.041475034 4.563161 0.5
24.834558 14.499503 0.31987852 0.22870987 5.916686 0.5
7.9664238 23.040115 -0.064834608 -0.048125394 1.344992 0.5
5.3338257 6.6186001 -0.007874755 0.013722576 3.633442 0.5
9.6364336 3.6768693 -0.1720617 0.21886255 2.78777 0.5
26.164502 14.462282 -0.35653521 -0.50631922 1.483056 0.5
19.703908 3.4133644 0.23578795 -0.13900019 0.879468 0.5
17.240543 22.699627 0.28367522 -0.043865867 4.923104 0.5
14.744361 3.35349 -0.15258605 -0.13395151 5.350229 0.5
10.765851 20.879617 0.16223242 -0.88476331 1.508644 0.5
13.798176 9.6475271 -0.39990818 -0.22667656 4.32761 0.5
8.5238528 13.521726 -0.23967674 0.17257306 1.3724 0.5
24.159156 13.085931 0.1739046 -0.078701522 2.64206 0.5
25.36648 20.529481 -0.2337472 0.5184665 2.466218 0.5
26.940833 15.187918 0.26083381 -0.44552312 0.69625 0.5
18.612001 24.199547 -0.52396339 -0.56713138 0.502972 0.5
22.696438 7.1092278 -0.68471387 -0.15558107 4.066135 0.5
12.176087 8.7854456 0.04739353 0.027538226 3.026607 0.5
5.1682854 10.042429 -0.28298647 -0.52875578 6.171553 0.5
19.940029 24.265083 -0.047297709 -0.80145831 3.767955 0.5
3.2677352 10.001057 0.056269957 0.075536478 5.349705 0.5
8.871316 21.946388 0.088946112 -0.58642362 3.28374 0.5
23.525392 20.635056 0.32115934 0.60233016 1.964272 0.5
6.6286862 22.95592 -0.032086346 -0.37970278 1.170799 0.5
17.692213 4.5361514 0.32505213 -0.80378292 0.802835 0.5
6.6030853 14.853831 -0.17137564 -0.14354712 5.063896 0.5
13.991547 18.970638 -0.29333422 -0.50220552 2.243796 0.5
5.9834633 21.218174 -0.37730946 -0.26618991 5.270568 0.5
9.8498441 12.882473 -0.18178839 0.20024036 5.757172 0.5
6.5986385 5.3441278 0.069572075 -0.12768999 5.271397 0.5
15.659152 21.533182 -0.28966593 0.06052639 3.151318 0.5
15.420137 8.255711 0.19069718 0.25389821 0.221595 0.5
18.487818 7.2412276 -0.36801884 -0.0084142843 1.510648 0.5
4.7390534 14.879987 -0.24808682 -0.47174167 5.29405 0.5
7.4742657 25.43614 0.31244613 -0.60081854 2.737677 0.5
20.218299 15.686096 0.60942931 0.36151636 4.134415 0.5
17.243659 9.8009073 0.41278732 0.094366276 1.432456 0.5
13.749893 15.771434 -0.052122712 -0.28466014 2.840655 0.5
25.404577 17.784568 0.40630714 0.23416332 2.899005 0.5
20.528444 8.5511516 0.01518862 0.02386325 4.137855 0.5
6.8370984 12.643394 0.15301004 -0.49487195 1.992807 0.5
10.349423 2.4653031 -0.32232572 -0.11486998 0.375558 0.5
12.753179 10.031281 0.50801126 0.20750207 0.629977 0.5
13.346905 6.3859204 0.24271529 -0.19055871 5.301885 0.5
21.959216 5.8469782 0.080071847 -0.15300763 1.197725 0.5
5.3668857 17.363418 -0.63666079 0.051423574 2.939026 0.5
18.779223 16.65341 -0.71191283 -0.48724953 3.912909 0.5
15.231598 10.746944 -0.026493243 0.0099845332 3.115045 0.5
24.411521 19.979768 -0.1753924 0.56855484 1.662001 0.5
22.408689 20.938127 -0.28518945 0.3385156 0.131507 0.5
