# x y vx vy theta radius
24.855685 18.805094 0.39141436 -0.47308447 4.2570268 0.5
9.3105949 22.3272 0.2948689 -0.51827758 1.764168 0.5
4.1229113 14.941364 -0.065635559 0.41346287 3.951996 0.5
14.051257 6.1212525 0.052042841 -0.35442517 4.259518 0.5
10.316943 12.147555 0.4255426 -0.26509635 1.882067 0.5
5.9349517 13.393668 -0.017957113 -0.26077641 0.92276 0.5
18.486257 9.5734026 0.018709988 0.089252605 4.981497 0.5
8.3670389 14.153696 -0.14959121 0.47939687 0.663689 0.5
19.705681 25.669443 0.42976246 -0.10214911 4.599871 0.5
7.1667347 18.553491 0.30483041 0.10555898 3.315122 0.5
25.682691 9.4842565 -0.4199888 0.21023001 5.224588 0.5
10.392522 4.5014976 -0.054967594 0.095127581 4.739779 0.5
1.6402053 8.8480162 0.10350966 0.16125152 0.624425 0.5
14.00275 17.156314 0.56334095 0.22425776 0.734434 0.5
17.27517 20.111973 -0.84046887 0.78237747 4.989084 0.5
12.741681 4.2850234 0.26932895 0.099828165 2.508867 0.5
10.496246 15.909498 -0.31987854 0.4651106 5.939565 0.5
14.317533 3.839742 0.33416355 -0.17034945 0.028815 0.5
5.0644443 12.595429 0.33495087 -0.31877985 3.449449 0.5
10.2078 25.277761 0.36057432 0.024535987 0.592282 0.5
7.4816362 25.300367 -0.014519512 -0.66048671 6.045768 0.5
7.748274 12.309972 0.15254401 -0.34309057 0.890473 0.5
16.77447 19.074542 -0.26530405 -0.64396368 2.353219 0.5
16.855259 22.867977 0.33820286 0.15241462 1.672869 0.5
18.886099 3.5107898 -0.46597439 0.4920077 4.21507 0.5
13.128851 11.50796 -0.24561489 -0.23459212 0.4829 0.5
17.569646 26.783952 0.20086128 -1.005993 6.274711 0.5
17.818853 17.252778 -0.21799337 0.09108688 1.301021 0.5
10.853256 5.7827369 0.39891253 -0.13124716 3.538852 0.5
23.703426 11.932433 -0.21594366 -0.65361627 1.72413 0.5
17.56232 21.848113 0.054150885 -0.14979924 0.779811 0.5
25.668801 12.4972 -0.64442379 0.59957669 1.209651 0.5
20.548299 9.8658354 -0.28710836 -0.43315037 5.377079 0.5
17.809032 16.184179 0.015467161 -0.011221784 3.122843 0.5
15.312734 4.5182437 -0.17466005 0.0065774021 4.105439 0.5
22.769805 7.6474096 -0.055967118 0.047296067 2.246795 0.5
13.586218 8.3789861 0.31972133 -0.26576567 3.468535 0.5
20.199457 15.75317 0.25174884 -0.25694205 5.532293 0.5
4.3595128 18.783194 0.23701493 -0.29061305 0.531572 0.5
1.6937462 13.441345 0.5142715 0.27025868 5.261584 0.5
13.14753 23.446262 -0.02232997 -0.27914319 0.040113 0.5
21.214661 14.743214 0.11578556 0.25315689 4.576591 0.5
21.397279 15.814779 -0.11148638 0.1092708 0.209824 0.5
18.504805 14.283364 0.10193341 -0.22862594 1.770879 0.5
6.5220578 16.811345 0.15450494 -0.094989507 4.791815 0.5
6.5892265 20.158609 -0.19492784 -0.15308202 2.522673 0.5
3.3515132 22.012018 -0.055512821 -0.2749778 3.232151 0.5
22.020943 3.2417551 0.62746985 -0.087861464 0.943125 0.5
6.1765615 19.145555 -0.008707097 0.35824053 1.031271 0.5
3.0986164 10.905458 0.19309583 0.28775369 1.523797 0.5
5.6302917 10.044894 -0.52955732 0.18581965 1.787492 0.5
14.428345 0.8280102 0.19472811 0.047525085 3.056837 0.5
11.484537 24.571556 0.37239284 0.39404041 3.332967 0.5
20.263869 2.4390619 0.11810618 -0.03778819 3.889918 0.5
18.64162 5.1823959 -0.026319348 -0.011179246 1.775857 0.5
22.393185 14.453039 0.22247935 -0.12531775 4.33857 0.5
7.1276814 4.26805 0.34372793 -0.25303112 2.652322 0.5
23.630741 5.4889781 0.058341093 0.2236909 1.360759 0.5
25.952179 8.2924342 0.51729657 -0.37439996 1.350476 0.5
22.999225 20.503027 0.65924838 0.71479955 3.139709 0.5
12.212551 26.606796 0.16269061 0.60271061 3.877928 0.5
7.0998033 9.4396746 -0.52049568 0.058924595 4.111005 0.5
12.07531 8.5300037 -0.16726956 -0.22880394 4.354529 0.5
8.592182 2.9636303 -0.12111665 0.19362204 1.958136 0.5
18.451996 8.2596155 -0.42824508 -0.017617472 1.935129 0.5
20.385272 11.327978 0.18328598 0.018867638 0.983243 0.5
9.9225442 3.1361858 -0.15710419 0.16922067 4.524452 0.5
15.965745 5.5621203 0.079717927 -0.36950608 4.628506 0.5
14.818566 13.053152 0.20219474 -0.66708017 4.619789 0.5
6.3495704 24.937045 -0.33423433 -0.70798395 6.246698 0.5
3.8192144 8.4672721 0.34339551 -0.26414845 2.597917 0.5
6.8086294 5.3244939 0.073906086 0.20522035 5.540445 0.5
22.635836 10.474345 0.37141481 0.032398991 1.135786 0.5
0.84304126 16.504907 -0.29478633 -0.012440543 0.649744 0.5
20.259615 19.999103 0.039858037 0.14827991 4.647872 0.5
15.466139 14.664799 0.50521779 0.39430164 3.116928 0.5
14.119291 7.4096559 0.18122626 -0.18863501 1.058365 0.5
16.550709 11.382286 -0.22118199 -0.29866127 1.223223 0.5
27.269098 14.881533 -0.41512138 0.15771462 6.185729 0.5
2.6499809 9.6953353 -0.10851477 -0.20649182 5.03693 0.5
5.3676384 21.822744 -0.11492641 0.063458095 0.158334 0.5
23.545287 14.385627 -0.43499927 -0.10806354 0.09489 0.5
9.0074551 4.365987 0.15671704 0.50823243 3.182579 0.5
13.690055 25.987717 -0.0050012191 -0.51895611 5.999337 0.5
2.7820228 13.857215 0.37706177 -0.09352836 0.712677 0.5
11.928094 11.495263 -0.047598492 0.090216234 1.70588 0.5
9.6784203 6.3288626 -0.11200024 -0.21402143 5.092516 0.5
8.8671691 25.820587 0.17725564 -0.097986195 0.506989 0.5
10.31156 10.829053 0.47778495 0.02626346 4.452103 0.5
2.3670392 7.5592204 0.21749642 -0.059898306 3.429354 0.5
11.657221 4.8579088 0.20744003 -0.11574935 5.942963 0.5
1.3984527 18.254203 0.065411348 -0.22987764 2.062723 0.5
6.8681416 15.660081 0.30622739 0.46713518 2.598321 0.5
3.1713618 6.5823286 -0.21778483 -0.040442149 6.159219 0.5
9.4898178 14.850955 0.85622586 -0.18587217 1.488917 0.5
7.1202204 6.4495403 -0.45343645 0.15648153 1.927238 0.5
10.020808 18.985587 -0.032542955 0.098099552 3.98558 0.5
25.456532 6.9987684 0.53244107 0.099750118 3.515453 0.5
1.0952537 15.287899 0.019415939 -0.22781873 3.362574 0.5
15.415616 22.40304 0.74547238 0.30875754 2.617045 0.5
22.473011 8.9755321 0.31048202 -0.14461631 4.416501 0.5
11.419222 25.729677 0.43150965 0.057827268 2.357123 0.5
9.6205021 16.726529 0.53187491 -0.34475149 0.027213 0.5
3.5204608 17.80064 -0.099030303 -0.13451785 3.270335 0.5
10.580162 17.815305 0.64348511 -0.039278493 5.133302 0.5
7.9652771 10.656599 0.39847498 -0.16664275 4.163048 0.5
8.1631928 21.519283 0.64565986 -0.20328107 3.93618 0.5
2.5490578 12.53822 0.11350757 -0.018436295 5.951127 0.5
2.6312328 18.435893 -0.027220729 -0.0049854163 4.082451 0.5
8.4427157 15.907668 0.051941029 -0.094566175 1.780305 0.5
14.874852 8.8996632 -0.76451306 -0.24751107 2.847882 0.5
8.0305736 7.4458313 0.47132608 -0.025392803 1.767937 0.5
27.021215 12.379944 0.12120944 -0.37850105 0.00135 0.5
19.312571 21.738366 0.17282738 -0.25715223 5.312468 0.5
21.74494 17.421701 -0.42993726 -0.24325466 0.320289 0.5
24.177102 15.851911 0.022911563 -0.44523957 0.581132 0.5
7.1155053 2.5212862 -0.046346327 0.14596643 3.087421 0.5
4.6175246 23.118494 0.15547587 0.12359531 3.560403 0.5
11.07679 20.668806 0.023616857 -0.090427915 0.555117 0.5
15.690584 9.6964291 0.24576482 0.14370945 6.220608 0.5
12.86189 12.624641 0.44779263 -0.24148456 5.652715 0.5
24.877937 8.758957 0.5406824 -0.39864106 0.827952 0.5
18.567922 24.06396 0.83181334 0.092670285 1.054048 0.5
8.2000396 23.694981 -0.091181731 0.22625139 0.319962 0.5
13.335845 1.1282773 -0.27912605 -0.29301442 2.464344 0.5
19.033345 19.097162 0.45888936 0.2156158 3.780782 0.5
7.522592 17.521929 0.083093292 -0.30367462 0.745414 0.5
17.306651 12.297005 -0.32755896 -0.60866158 3.348875 0.5
26.01877 20.068596 0.00037457995 0.37838263 5.365761 0.5
6.361476 22.569438 -0.066015427 -0.26505166 0.445642 0.5
14.132488 2.135587 0.079628753 0.27164311 2.979068 0.5
18.381364 11.534371 -0.024761531 0.40707273 2.813895 0.5
16.043577 3.2828999 -0.33128939 -0.027538859 4.039246 0.5
15.074985 11.144938 0.17729649 0.0015779845 4.602055 0.5
17.483162 10.508999 -0.12453971 0.22565794 1.676583 0.5
14.801618 15.549896 0.16839744 0.14154413 1.207935 0.5
15.517086 0.7604286 -0.087908602 0.31211085 6.164191 0.5
14.30562 20.20176 0.52931129 -0.60999277 1.491784 0.5
3.6650347 20.923573 -0.3567788 -0.11654321 6.269379 0.5
5.944045 17.878341 -0.20373087 0.12185098 0.35856 0.5
24.3412 6.9689547 -0.22094402 0.087545324 0.326238 0.5
13.922746 18.285265 0.34400765 0.10374581 1.608548 0.5
21.311994 13.502172 -0.18841281 -0.33482845 2.616667 0.5
17.455058 14.521125 -0.12370648 -0.099067407 0.410672 0.5
15.89295 23.989496 0.35747968 0.24062371 3.210668 0.5
20.44398 6.7812614 -0.21555503 -0.0056232894 0.309541 0.5
12.956892 13.818791 -0.010755659 -0.042829194 1.761874 0.5
4.4808207 20.214625 -0.40207228 -0.4230018 4.731547 0.5
17.543294 1.343525 0.036976019 -0.15979942 0.313065 0.5
20.549951 17.102061 0.37227001 0.0069075845 0.087229 0.5
9.1309977 11.321432 0.019808237 -0.23143384 5.713071 0.5
19.740448 18.052064 -0.098130146 0.2934882 0.34983 0.5
10.648789 21.695708 -0.40974961 -0.29172837 2.015368 0.5
10.279508 13.626569 0.56982572 -0.39194823 0.42176 0.5
11.693333 9.5816013 0.26315911 -0.23683364 5.580866 0.5
6.241314 14.499422 0.099253669 -0.036221869 4.066321 0.5
7.0749698 24.03301 -0.49947761 0.029092517 5.863794 0.5
21.245249 20.816723 0.28100513 -0.2902203 5.355125 0.5
17.870146 4.0694014 -0.11396244 -0.16084638 5.404824 0.5
11.603553 6.7584211 0.35808938 -0.36730687 1.361005 0.5
8.4871685 5.3760049 -0.021620388 0.1190416 5.19755 0.5
11.501301 18.938528 -0.71425034 0.34690243 5.853071 0.5
26.914112 10.248706 0.45441942 -0.32110542 2.830697 0.5
6.1850222 7.3745323 0.14594971 0.014661074 3.251414 0.5
20.65331 8.4670965 0.34786722 0.073083281 3.305262 0.5
23.260971 17.921192 0.10375067 -0.079508485 3.841898 0.5
2.0440298 17.203227 -0.034668656 -0.28527233 4.917041 0.5
5.1502939 6.3095823 -0.054269516 0.012500965 1.726803 0.5
8.7894342 12.725918 0.079628542 0.23583817 2.534849 0.5
16.893191 7.9066195 -0.36690096 -0.27515846 1.985571 0.5
11.471769 15.245073 0.15657626 -0.025020994 5.636684 0.5
6.9322526 21.460538 -0.35556145 -0.00096244006 0.642493 0.5
16.075245 26.384179 0.56782413 -0.32727395 5.796573 0.5
26.529498 16.938353 -0.021246777 -0.60340846 4.738871 0.5
3.9816178 5.7286551 -0.035945974 0.33363025 1.568073 0.5
1.0375755 10.513134 -0.23653567 -0.20246252 2.749741 0.5
16.198443 13.579867 0.28587077 -0.41075337 1.171823 0.5
20.434697 18.846774 0.34273956 0.47282386 2.226958 0.5
1.8618885 19.545775 0.23460452 0.34628369 1.548545 0.5
16.677784 9.092275 -0.28907837 0.098616215 3.653333 0.5
20.341365 5.5055539 0.16289249 -0.072700825 4.394256 0.5
16.697653 16.888147 0.07983769 -0.57528156 0.605652 0.5
13.281147 14.8838 0.067515212 0.1715068 3.106146 0.5
13.325495 9.8572186 0.26697035 -0.45135998 3.095002 0.5
16.042036 20.432013 -0.24522248 -0.40249952 1.841384 0.5
11.03889 2.2724042 0.21998603 -0.030749991 6.034028 0.5
19.88544 23.07345 -0.30351869 0.0066562331 1.857551 0.5
21.950377 19.003991 -0.56692615 0.50435718 1.702664 0.5
4.8976993 17.457176 0.2944817 -0.062679755 1.16125 0.5
15.608602 12.280832 -0.17799306 0.49431631 4.720586 0.5
7.4112314 22.890233 0.14414816 0.068487303 0.205718 0.5
21.504807 7.1586557 0.18049096 0.17609464 5.820667 0.5
16.655243 15.347772 0.50778295 0.038109347 3.894129 0.5
23.96273 10.370746 -0.0099708155 -0.44927632 3.074393 0.5
21.988928 24.461281 0.27926774 0.010487011 0.467747 0.5
13.043198 19.737385 0.033388836 -0.16837457 5.60533 0.5
17.645128 2.9820368 -0.32392483 -0.10477879 6.227367 0.5
9.6118904 9.5775297 -0.24696875 0.030639637 5.177094 0.5
17.877133 13.289139 -0.068053654 -0.043360046 0.203779 0.5
11.78162 16.533699 0.42863809 0.28863003 6.095105 0.5
3.1049731 19.515821 -0.31922965 -0.0043329558 5.150288 0.5
2.9229418 16.212234 -0.21852242 0.26090193 3.059892 0.5
5.4900728 11.52721 0.14050842 -0.017311995 3.692189 0.5
21.590189 6.0723345 -0.16421081 -0.58434373 3.246869 0.5
12.329463 17.643762 0.30997272 0.26152472 2.032293 0.5
22.646464 13.174044 -0.70582147 -0.45597674 6.136396 0.5
10.889842 8.0195751 0.2478509 -0.099310403 4.563161 0.5
20.26256 3.5408688 0.20975461 0.048940838 5.916686 0.5
3.8146107 10.017441 -0.43392136 0.064012551 1.344992 0.5
5.346326 15.225324 -0.18151646 -0.048363715 3.633442 0.5
23.064842 4.3134903 -0.047791092 0.022110824 2.78777 0.5
18.666941 1.8654835 -0.20769274 0.27165867 1.483056 0.5
5.9505008 8.819773 -0.37832775 -0.19546778 0.879468 0.5
6.4401002 12.296302 -0.38033379 -0.12960924 4.923104 0.5
5.146332 7.9160088 -0.36621451 -0.40232802 5.350229 0.5
18.903295 16.626499 -0.32491109 -0.0077531681 1.508644 0.5
22.688643 6.1520008 -0.25484517 -0.063807175 4.32761 0.5
7.7024661 19.883166 -0.19509094 -0.26371297 1.3724 0.5
9.5530351 8.3657465 0.5635542 0.19032086 2.64206 0.5
10.809616 0.99589802 -0.13775096 -0.082333718 2.466218 0.5
20.726634 25.137487 0.31377554 -0.21233096 0.69625 0.5
19.793607 13.489498 -0.0085702931 0.82841204 0.502972 0.5
4.1092136 11.85079 0.095635454 -0.26060052 4.066135 0.5
13.221649 16.364566 0.5982941 0.049961758 3.026607 0.5
21.493409 11.977347 -0.3722938 -0.090190756 6.171553 0.5
2.5498829 14.991933 -0.18417882 -0.040212152 3.767955 0.5
9.221553 20.975763 -0.43800151 -0.082902901 5.349705 0.5
21.79677 4.3441735 0.71134902 -0.047278725 3.28374 0.5
12.244831 1.514909 0.13167439 -0.16262765 1.964272 0.5
3.9485849 13.069662 -0.078185364 -0.060366024 1.170799 0.5
26.745462 13.670736 0.15602094 -0.00021012566 0.802835 0.5
4.4905449 4.6248503 0.19784532 -0.13282115 5.063896 0.5
6.6057698 11.07982 -0.065356056 -0.1102195 2.243796 0.5
13.8988 24.783943 0.087389477 0.25324799 5.270568 0.5
0.67816486 12.628794 0.14151616 -0.14420581 5.757172 0.5
19.18131 7.0308641 -0.093248482 0.18092952 5.271397 0.5
15.67318 19.228468 0.14017298 0.13193013 3.151318 0.5
10.941535 23.169158 0.49905081 -0.095614286 0.221595 0.5
22.459726 22.76704 -0.46069288 -0.30189903 1.510648 0.5
19.22575 10.604612 0.048163097 -0.064121172 5.29405 0.5
0.75720047 14.001031 0.52863983 -0.032288949 2.737677 0.5
25.039142 10.831188 0.12777401 0.27411895 4.134415 0.5
21.206863 23.285898 0.30047744 0.58179705 1.432456 0.5
26.523409 18.356827 0.040597295 -0.21212501 2.840655 0.5
12.646776 7.2729408 0.43182681 -0.24884247 2.899005 0.5
16.279699 25.164199 -0.54726925 -0.76616075 4.137855 0.5
17.080351 24.28696 0.33814838 0.20538597 1.992807 0.5
12.905069 2.6051184 -0.16961882 -0.38836583 0.375558 0.5
13.390693 21.74682 0.079815733 0.54145928 0.629977 0.5
16.504358 6.9172497 -0.056756029 -0.033412199 5.301885 0.5
26.07908 11.191151 -0.36243335 -0.0096005296 1.197725 0.5
4.587445 16.246219 0.4530313 0.049363166 2.939026 0.5
15.618764 2.0745095 0.23658462 0.078229133 3.912909 0.5
8.4333194 8.6230439 -0.08709224 -0.21782184 3.115045 0.5
8.6136107 17.30992 -0.37787235 0.15503438 1.662001 0.5
1.5332803 11.705185 -0.15491621 -0.10254905 0.131507 0.5
