# x y vx vy theta radius
19.837379 11.090304 0.01591436 0.098135025 2.7388058 0.5
21.465102 21.03009 0.3771501 0.33044974 1.764168 0.5
13.406268 6.2886531 -0.2914067 -0.21273861 3.951996 0.5
17.325397 24.967807 -0.087233927 -0.15822906 4.259518 0.5
24.356416 9.9844493 -0.34122941 0.4926257 1.882067 0.5
14.096463 15.58056 -0.84267142 -0.045945292 0.92276 0.5
16.579516 19.938715 0.06522099 -0.21411693 4.981497 0.5
18.818222 10.646475 -0.43372579 -0.52674326 0.663689 0.5
9.6338868 18.158446 -0.24649564 -0.4508742 4.599871 0.5
17.342865 26.385296 0.19976106 -0.43691446 3.315122 0.5
1.487214 9.5372487 0.32033035 -0.21686394 5.224588 0.5
7.0597338 8.4446537 -0.084759922 0.42775961 4.739779 0.5
3.0954932 19.00553 -0.041524303 -0.33781655 0.624425 0.5
7.2718717 6.6078027 -0.13830031 0.35058151 0.734434 0.5
19.402087 20.466654 0.18876826 0.32798519 4.989084 0.5
7.0263832 15.814062 0.31518175 -0.04468266 2.508867 0.5
10.01294 20.536686 0.089499474 0.15974492 5.939565 0.5
20.972384 18.040157 0.31356038 -0.14068939 0.028815 0.5
20.500483 19.9254 0.36112675 0.59551945 3.449449 0.5
23.84189 12.855064 -0.33542725 0.1635576 0.592282 0.5
18.65913 13.662742 0.3368917 1.3033412 6.045768 0.5
8.6328582 1.8144561 0.17609787 -0.43532903 0.890473 0.5
1.7752002 19.253553 0.33690586 -0.11026393 2.353219 0.5
4.1777335 22.353789 -0.249502 -0.2120892 1.672869 0.5
6.7407738 23.591694 -0.41500065 0.086871198 4.21507 0.5
11.337045 1.8803526 0.3119718 -0.079344526 0.4829 0.5
11.200922 4.9666205 0.28499088 0.28281475 6.274711 0.5
6.9414099 20.231364 0.087251056 -0.22401872 1.301021 0.5
7.6252455 3.5435423 0.034046551 0.075881251 3.538852 0.5
12.428589 19.821327 0.55498068 -0.08264633 1.72413 0.5
21.298066 10.907414 0.13348664 0.5960949 0.779811 0.5
13.066061 8.1582275 0.13428207 -0.096946181 1.209651 0.5
6.258525 14.108611 0.19980189 0.17777348 5.377079 0.5
22.298433 17.396448 -0.96901902 0.15291621 3.122843 0.5
13.773863 11.292046 -0.57300357 -0.22927557 4.105439 0.5
6.4238879 9.4168506 -0.16365859 -0.12496951 2.246795 0.5
2.9131686 6.7889719 0.025986127 0.59588053 3.468535 0.5
9.0388923 2.8175599 0.4476649 -0.058380094 5.532293 0.5
10.649275 17.035213 0.14715848 -0.0093007922 0.531572 0.5
12.475774 27.114164 -0.19977012 -0.088261168 5.261584 0.5
21.247621 25.233793 -0.25345204 0.29837002 0.040113 0.5
2.5807185 10.439308 0.051272122 -0.071388763 4.576591 0.5
8.9067411 10.317817 0.18316596 -0.075410858 0.209824 0.5
1.9158294 15.17025 -0.29601032 -0.075503724 1.770879 0.5
5.4864403 10.184348 -0.25629672 -0.041397347 4.791815 0.5
10.428803 15.59339 0.067999959 -0.79229635 2.522673 0.5
4.2826207 17.869716 0.6635888 -0.707843 3.232151 0.5
23.444188 8.0481409 -0.15367631 0.036830384 0.943125 0.5
9.2472281 21.413389 0.47041532 -0.38876085 1.031271 0.5
22.595719 12.743316 0.057562339 0.66767671 1.523797 0.5
15.731597 6.6259395 -0.061243033 -0.10100756 1.787492 0.5
19.858709 6.9007407 0.82129556 0.030615413 3.056837 0.5
17.132658 7.1826022 0.016738044 -0.61492637 3.332967 0.5
1.3070801 10.771704 -0.29870147 0.064044166 3.889918 0.5
26.183791 15.037027 -0.31661695 0.31082665 1.775857 0.5
7.5806258 18.901579 0.20329213 -0.055687172 4.33857 0.5
4.8119874 12.032214 -0.31669801 -0.27851899 2.652322 0.5
9.1131035 23.643548 0.36259587 -0.43892944 1.360759 0.5
10.142371 1.5562742 0.28775221 0.2607372 1.350476 0.5
22.212852 24.364692 0.39424182 -0.1883812 3.139709 0.5
5.6868009 22.380227 0.26702202 0.05151319 3.877928 0.5
15.383024 18.361853 -0.22672371 -0.053971237 4.111005 0.5
5.0978026 23.591085 0.17410211 0.23681243 4.354529 0.5
14.897608 25.862286 -0.069708897 -0.31699125 1.958136 0.5
12.14823 2.5607363 -0.67102304 0.34024 1.935129 0.5
24.364424 15.539769 -0.084261599 0.14778207 0.983243 0.5
21.805664 19.163193 -0.0083134128 -0.20866593 4.524452 0.5
27.032178 17.377226 -0.14475966 -0.011477517 4.628506 0.5
8.0527323 23.90813 0.27928249 -0.26642556 4.619789 0.5
15.504734 11.201638 -0.20750356 -0.38231426 6.246698 0.5
12.650516 9.2333729 -0.56122287 -0.74561681 2.597917 0.5
8.9730244 6.6201694 0.12365483 -0.04285267 5.540445 0.5
15.292135 12.30727 0.45109671 0.23420615 1.135786 0.5
2.9694496 15.802614 0.34369439 -0.52588062 0.649744 0.5
14.547487 5.3885204 -0.42342009 -0.050473937 4.647872 0.5
6.1192864 7.6376944 -0.39821569 -0.22401647 3.116928 0.5
18.201649 19.931309 0.14839352 0.063483446 1.058365 0.5
5.1426511 21.381118 -0.15302975 0.019215036 1.223223 0.5
9.1911724 7.710273 0.094757527 0.13901576 6.185729 0.5
1.6021403 16.296712 -0.43993331 0.049215199 5.03693 0.5
15.575828 21.22218 -0.27068027 -0.40871211 0.158334 0.5
9.7161966 12.509168 0.23956429 0.034485782 0.09489 0.5
18.801622 23.118767 0.37903941 0.26915878 3.182579 0.5
21.081837 3.8521607 -0.097821114 -0.52666929 5.999337 0.5
8.4173386 17.865265 -0.37230475 -0.40468651 0.712677 0.5
21.675257 16.378159 -0.16591186 -0.36377516 1.70588 0.5
7.3689179 13.100225 0.46711901 -0.01562644 5.092516 0.5
2.5850501 12.151704 -0.23577463 0.11949836 0.506989 0.5
6.9198192 10.843648 0.98565247 -0.31142776 4.452103 0.5
13.495453 23.397327 0.18487096 0.0079309519 3.429354 0.5
12.347957 11.668957 -0.02050401 -0.42462761 5.942963 0.5
13.725225 27.010326 -0.29268966 -0.03048195 2.062723 0.5
10.242488 22.02998 -0.13829806 -0.010330374 2.598321 0.5
7.5127726 2.3169181 0.47779434 -0.088417355 6.159219 0.5
10.747926 26.614261 -0.029969828 0.16795008 1.488917 0.5
18.011392 17.769724 -1.0904671 0.38812947 1.927238 0.5
9.8493973 9.0772789 -0.17756069 0.39659887 3.98558 0.5
12.090098 25.623973 0.21809596 0.078501353 3.515453 0.5
17.619497 11.169211 0.20592495 0.41216275 3.362574 0.5
17.591557 22.405599 0.23869963 -0.17374955 2.617045 0.5
7.9296215 5.0859147 -0.19149751 -0.10524892 4.416501 0.5
14.029145 8.7825619 0.062379817 0.57497798 2.357123 0.5
11.832207 16.315566 -0.041334745 -0.24521693 0.027213 0.5
9.1696344 25.750365 -0.39783043 0.12136776 3.270335 0.5
25.460089 17.120387 -0.32959345 0.25435317 5.133302 0.5
16.016449 0.6917849 0.010200805 -0.19093521 4.163048 0.5
16.526573 18.438582 -0.25551009 0.3817294 3.93618 0.5
10.296805 3.4915866 0.16156367 0.17701057 5.951127 0.5
19.170016 15.199812 0.045533909 0.072086992 4.082451 0.5
17.980224 9.6113042 0.29214818 -0.59930962 1.780305 0.5
20.641439 22.030802 -0.10202149 0.13990715 2.847882 0.5
23.584749 11.22602 -0.65132747 -0.50339916 1.767937 0.5
3.7721266 5.9919235 0.47079309 -0.013686554 0.00135 0.5
26.289281 18.588953 0.75230815 0.7815233 5.312468 0.5
27.231464 13.150666 -0.080264924 0.11890221 0.320289 0.5
3.193877 21.248148 0.091971407 0.035597762 0.581132 0.5
26.93483 11.061206 0.39150021 0.23777227 3.087421 0.5
4.315755 8.5693014 0.50784602 -0.040534797 3.560403 0.5
4.113311 20.487836 0.45634381 0.049261038 0.555117 0.5
8.7827569 22.489684 0.26503899 0.26718822 6.220608 0.5
3.9495113 12.83004 0.085410736 0.068394974 5.652715 0.5
25.359992 13.583107 -0.43150057 0.032481075 0.827952 0.5
12.188368 17.565893 -0.1650909 0.162368 1.054048 0.5
11.432983 10.189152 -0.019879351 0.018815233 0.319962 0.5
14.217771 3.6139054 0.096446575 0.4181318 2.464344 0.5
13.656754 14.443118 0.37789831 0.12688797 3.780782 0.5
9.0439285 19.230948 -0.10631093 -0.40452784 0.745414 0.5
7.7853002 21.461465 0.47241975 0.10733398 3.348875 0.5
19.278933 12.768007 -0.010722794 -0.12406117 5.365761 0.5
4.0142804 9.7927775 0.11483805 0.65295571 0.445642 0.5
16.954683 2.1876199 -0.39504073 0.1389441 2.979068 0.5
21.191796 23.944409 0.14775155 0.22656923 2.813895 0.5
3.3921181 17.002358 -0.4860361 -0.072621374 4.039246 0.5
22.518062 23.302285 -0.053637759 -0.27929882 4.602055 0.5
16.609069 21.718381 0.19025103 0.18012717 1.676583 0.5
16.290865 9.0255965 -0.21696374 -0.39112184 1.207935 0.5
5.5928331 16.402176 -0.091465193 -0.077294794 6.164191 0.5
9.8483259 14.399602 -0.025510369 0.25440965 1.491784 0.5
22.563899 21.033171 0.012566714 0.10370413 6.269379 0.5
24.361758 20.027005 0.00090779367 -0.32618486 0.35856 0.5
11.195167 13.730848 0.22708346 0.30409707 0.326238 0.5
10.267225 23.192989 0.2263659 -0.39750636 1.608548 0.5
5.7278509 17.570659 0.18307377 0.20838287 2.616667 0.5
15.102316 23.581842 0.4145991 -0.080051194 0.410672 0.5
24.133951 17.339041 0.11118294 -0.15899908 3.210668 0.5
16.945416 16.954294 -0.29522683 -0.50848429 0.309541 0.5
6.9256142 25.371447 -0.055265877 -0.028008145 1.761874 0.5
12.844428 22.032457 0.22454308 0.15870666 4.731547 0.5
13.292829 18.47211 0.044413866 -0.0082909981 0.313065 0.5
11.297373 19.560374 -0.052049454 0.26506606 0.087229 0.5
6.0979729 15.205728 0.0040037577 -0.053407338 5.713071 0.5
8.041182 11.06278 0.24684827 0.19144937 0.34983 0.5
13.633473 13.234783 0.11864129 -0.0061687721 2.015368 0.5
14.202317 21.580044 0.13757398 -0.48064221 0.42176 0.5
8.0739919 20.363918 -0.54857637 -0.15490845 5.580866 0.5
4.3153856 4.8964337 -0.59865753 -0.36073655 4.066321 0.5
14.611876 1.4365188 -0.33523634 -0.31706411 5.863794 0.5
16.41872 3.1619483 -0.92155232 0.13129887 5.355125 0.5
27.210023 15.939529 -0.15584636 0.54858613 5.404824 0.5
23.167909 18.265201 0.29999211 -0.52464981 1.361005 0.5
22.053748 14.56253 -0.51692927 -0.012756691 5.19755 0.5
12.927407 4.3857405 -0.32287065 0.21235438 5.853071 0.5
17.42343 13.548111 0.65344629 -0.13454784 2.830697 0.5
12.677753 1.0302075 0.27683261 -0.68727556 3.251414 0.5
24.793788 12.110985 0.11877272 -0.2488296 3.305262 0.5
27.41109 14.758574 -0.032874037 0.26955882 3.841898 0.5
22.324908 8.6153054 0.61163443 -0.43289491 4.917041 0.5
15.458479 3.9255567 0.1249787 -0.50592298 1.726803 0.5
23.437717 6.4997801 -0.026936387 0.22728386 2.534849 0.5
5.5874118 6.7105839 -0.19371319 0.64598759 1.985571 0.5
14.330662 19.330033 -0.15385654 -0.062139735 5.636684 0.5
18.211075 16.58604 0.0060486385 -0.11687254 0.642493 0.5
17.465069 12.356556 -0.19198301 -0.4085246 5.796573 0.5
9.2173436 16.213116 0.069665063 0.21208125 4.738871 0.5
13.181805 20.626591 -0.042542428 -0.1900398 1.568073 0.5
26.123504 12.245215 -0.032934881 0.17750312 2.749741 0.5
15.016787 8.3079871 -0.49977689 -0.53380601 1.171823 0.5
5.5206448 8.5471265 -0.60361627 0.061717288 2.226958 0.5
14.167338 7.1871274 0.16818518 0.6258566 1.548545 0.5
11.866884 24.515518 -0.4700393 -0.21249039 3.653333 0.5
8.1425237 16.612975 -0.12866635 -0.42091223 4.394256 0.5
2.7343455 9.1796865 -0.10957267 -0.067312478 0.605652 0.5
15.730273 5.2638996 -0.17698874 -0.34293722 3.106146 0.5
15.118794 27.389606 -0.0015886165 0.052203044 3.095002 0.5
16.541499 23.933727 0.22925087 0.28829261 1.841384 0.5
21.259173 8.6523941 -0.27563282 0.2104512 6.034028 0.5
25.471126 9.3984391 -0.024606089 0.31602519 1.857551 0.5
0.93870172 14.679394 -0.2180233 0.33749861 1.702664 0.5
10.141569 6.9496898 0.3438554 -0.078414613 1.16125 0.5
24.945129 21.367384 -0.34439414 0.46020003 4.720586 0.5
9.1939564 13.551748 -0.3783289 -0.081968216 0.205718 0.5
15.667014 1.7591369 -0.02157247 0.053279458 5.820667 0.5
5.7403366 13.135567 0.2719093 0.34242271 3.894129 0.5
2.3470203 8.0465613 0.22313073 0.19703962 3.074393 0.5
12.036429 12.935592 -0.086889564 0.41897532 0.467747 0.5
4.4279567 16.504818 -0.24601018 -0.11519573 5.60533 0.5
14.720614 13.98187 -0.30703073 -0.51754108 6.227367 0.5
15.662133 15.657741 0.40912774 -0.44361473 5.177094 0.5
17.30888 6.0445266 -0.31793867 -0.70759493 0.203779 0.5
5.6579425 4.6034063 -0.080582255 -0.43245697 6.095105 0.5
11.937627 23.266426 -0.025895365 -0.15213707 5.150288 0.5
2.5910824 13.732929 0.4658391 0.23529439 3.059892 0.5
14.099667 24.659775 0.41954481 0.089339454 3.692189 0.5
7.6366857 14.271054 0.17481578 -0.021161904 3.246869 0.5
11.366129 12.050469 0.076784438 0.60634053 2.032293 0.5
11.363791 8.5190034 -0.17087446 0.093315242 6.136396 0.5
8.0735459 25.654542 -0.016529546 -0.0083693535 4.563161 0.5
3.7320818 14.284171 0.057787167 0.29953165 5.916686 0.5
10.901506 18.2667 -0.056589465 -0.30080681 1.344992 0.5
15.334755 20.036104 0.034075069 -0.2793782 3.633442 0.5
2.3403671 17.515152 -0.030543177 -0.034673954 2.78777 0.5
20.285287 14.746472 -0.071929797 0.68401263 1.483056 0.5
2.2619268 20.422423 0.25307792 -0.21012553 0.879468 0.5
19.460635 5.2240816 0.08755287 0.40423298 4.923104 0.5
19.461356 8.491473 0.57963202 -0.22571637 5.350229 0.5
19.453611 19.257658 -0.28338298 -0.019219364 1.508644 0.5
16.783653 15.786551 -0.21759737 -0.43324182 4.32761 0.5
6.1212348 3.639776 -0.037125719 0.083847086 1.3724 0.5
22.978152 15.359724 -0.47200419 0.09113066 2.64206 0.5
23.472079 22.303893 0.1319979 0.071222778 2.466218 0.5
13.332081 10.180793 -1.1773178 0.71989542 0.69625 0.5
9.616634 5.037176 0.12834159 -0.34516961 0.502972 0.5
20.138886 24.917227 0.23229244 -0.052568997 4.066135 0.5
18.780141 26.529796 -0.21798604 -0.15987672 3.026607 0.5
21.799326 22.280432 0.42321284 0.0051533716 6.171553 0.5
7.7588087 9.7244132 0.3021063 -0.044684438 3.767955 0.5
4.2338747 10.908026 -0.44920529 -0.10826634 5.349705 0.5
11.738342 7.2175609 0.10311784 -0.33329227 3.28374 0.5
18.633903 25.113037 0.60966722 -0.043229401 1.964272 0.5
15.930719 13.849719 0.57747389 0.46123278 1.170799 0.5
24.567198 7.0047562 0.026914117 0.44290174 0.802835 0.5
17.472893 20.877803 0.39801506 -0.24219002 5.063896 0.5
4.9833272 14.159135 -0.37580921 0.8267672 2.243796 0.5
25.846491 20.299871 -0.14488806 -0.22737263 5.270568 0.5
24.425657 5.7426245 -0.21683745 0.28282327 5.757172 0.5
4.2410422 19.075122 0.12997942 0.035048101 5.271397 0.5
14.543766 17.544217 -0.66122617 0.052294302 3.151318 0.5
14.962876 9.3736415 0.13168174 0.58520262 0.221595 0.5
19.463945 2.1996949 0.15957756 0.35040789 1.510648 0.5
17.391782 0.97596855 0.88235792 -0.053928527 5.29405 0.5
8.4471899 12.7745 -0.18761108 -0.001628423 2.737677 0.5
12.071173 5.8911955 0.16086446 -0.59803063 4.134415 0.5
13.005781 15.874927 0.21308688 -0.53178521 1.432456 0.5
18.463565 21.529256 0.18411947 -0.028392667 2.840655 0.5
15.548764 17.005496 0.22573285 -0.016840982 2.899005 0.5
11.923571 18.636745 0.066270935 -0.3074903 4.137855 0.5
10.390962 24.846691 0.070523136 0.2025182 1.992807 0.5
20.745167 2.6940685 -0.61509555 0.25435754 0.375558 0.5
11.220293 21.054062 0.2458462 0.04898403 0.629977 0.5
6.4182275 18.683982 -0.33237714 0.18199037 5.301885 0.5
0.91823663 13.563421 -0.45625464 -0.13231095 1.197725 0.5
19.399834 16.554624 -0.25134064 -0.41772585 2.939026 0.5
16.712048 4.7287843 0.36679471 -0.2207746 3.912909 0.5
7.1817351 17.295033 0.016538494 -0.4972684 3.115045 0.5
13.685668 0.54542308 -0.086649961 0.055532532 1.662001 0.5
5.3925616 19.549106 0.42639709 -0.11624526 0.131507 0.5
