# x y vx vy theta radius
14.061904 19.280277 -0.13006673 -0.71240909 4.6211487 0.5
23.890513 16.745922 0.28035674 0.44903338 1.764168 0.5
4.9051494 13.458744 0.083638746 -0.021714613 3.951996 0.5
21.624333 10.612082 0.037406063 -0.22467496 4.259518 0.5
17.408311 7.7545589 -0.17577766 -0.28935987 1.882067 0.5
10.755333 8.0369144 -0.50357368 -0.14844521 0.92276 0.5
4.8840956 4.8781005 -0.21340262 -0.2621808 4.981497 0.5
3.8280542 6.5951281 -0.19484081 0.14556519 0.663689 0.5
9.6351141 8.8086873 -0.11926596 0.10642987 4.599871 0.5
11.925836 3.6651056 0.29680031 0.12730674 3.315122 0.5
9.3990167 7.0752675 -0.26468886 -0.07800747 5.224588 0.5
20.669531 5.3848582 0.077337461 -0.48720426 4.739779 0.5
11.691481 18.758729 -1.9480997 -1.5419855 0.624425 0.5
2.076292 8.2196558 -0.38213341 -0.17498264 0.734434 0.5
16.896212 5.0324036 -0.18120938 -0.74257607 4.989084 0.5
14.355698 4.9191138 -0.21671237 0.15591784 2.508867 0.5
11.905389 10.513917 -0.37132242 0.073062328 5.939565 0.5
23.988697 12.744876 0.16903851 -0.062001361 0.028815 0.5
12.524196 0.79625821 -0.27255841 -0.12071159 3.449449 0.5
3.9585408 5.4738534 0.10033663 0.22979809 0.592282 0.5
22.961129 7.5050333 0.0062568036 0.063028932 6.045768 0.5
18.596955 7.5028515 0.31774678 0.10195235 0.890473 0.5
10.977017 24.436222 -0.26020326 0.33801864 2.353219 0.5
11.919072 26.953767 0.012291741 0.86094746 1.672869 0.5
20.407908 10.252485 -0.44834336 -0.063533939 4.21507 0.5
14.399278 18.062504 0.96615024 -0.0032202831 0.4829 0.5
24.127653 6.9293642 0.092605627 0.12581269 6.274711 0.5
15.121666 15.127596 -0.90862263 -0.20623173 1.301021 0.5
18.200993 2.355635 0.053784746 -0.21783368 3.538852 0.5
3.7575583 10.641514 -0.022557764 0.067515942 1.72413 0.5
8.2824634 8.9085975 -0.34666087 0.27235525 0.779811 0.5
11.127648 6.6848456 -0.38510346 -0.54167963 1.209651 0.5
16.799238 25.930246 0.026924405 0.54215471 5.377079 0.5
15.904642 27.025134 0.1090161 0.34444558 3.122843 0.5
4.5066142 22.692628 -0.60487528 0.51478409 4.105439 0.5
14.935434 11.491746 -0.30716701 0.23207558 2.246795 0.5
18.934691 26.147776 0.088267588 -0.10123769 3.468535 0.5
5.7102884 23.979616 -0.49188621 -0.12641063 5.532293 0.5
22.425287 8.7795556 -0.063438707 -0.41722527 0.531572 0.5
2.4778962 17.818975 0.15014502 0.041932906 5.261584 0.5
7.2279396 22.908445 -0.29151693 0.61706437 0.040113 0.5
11.655703 9.3389291 -0.11500677 0.20952932 4.576591 0.5
0.64278782 14.278642 0.14447838 -0.059322826 0.209824 0.5
9.5219644 14.143222 -0.41325652 -0.16596714 1.770879 0.5
4.3797336 9.5297972 0.14196177 0.095581042 4.791815 0.5
15.055278 16.552698 0.2730847 -0.20807438 2.522673 0.5
20.992798 15.284966 -0.078006244 -0.18722175 3.232151 0.5
22.342956 13.75532 -0.20986332 -0.41914361 0.943125 0.5
24.676413 13.62423 -0.32528126 -0.11376346 1.031271 0.5
1.9488972 19.382435 -0.10288349 0.31426833 1.523797 0.5
10.075354 17.547324 0.16323125 0.1450115 1.787492 0.5
14.416942 25.822528 -0.52996248 -0.60245869 3.056837 0.5
24.605489 5.8313453 0.07299893 0.0073952901 3.332967 0.5
11.125246 16.897713 -0.42242373 0.0039501112 3.889918 0.5
10.27122 19.074286 -1.1509763 -0.36302067 1.775857 0.5
13.753117 12.016344 -0.049883336 -0.024317799 4.33857 0.5
12.775154 4.9515195 0.068609107 -0.46218188 2.652322 0.5
25.654403 14.715178 -0.022611735 -0.18818211 1.360759 0.5
8.4291966 1.8240769 -0.2579979 -0.073218364 1.350476 0.5
21.466772 9.2756115 0.38162697 0.23035713 3.139709 0.5
19.194181 12.911073 -0.70188353 -0.10053653 3.877928 0.5
12.955059 2.6430841 -0.18159304 -0.62346395 4.111005 0.5
13.846179 16.400366 0.5332999 -0.035046455 4.354529 0.5
16.817096 1.8587043 -0.025764866 -0.0045624149 1.958136 0.5
4.8783189 20.204153 0.38796975 0.12236851 1.935129 0.5
12.870192 9.1856658 -0.20886268 0.38142801 0.983243 0.5
24.573318 8.1863415 -0.28881323 0.067752417 4.524452 0.5
10.973039 20.230932 -0.19056023 0.44909463 4.628506 0.5
15.987576 17.366695 -0.42072241 -0.44352815 4.619789 0.5
2.1682592 15.148027 -0.41943983 -0.033141562 6.246698 0.5
6.5818705 6.3163187 -0.45001989 -0.1561594 2.597917 0.5
12.710249 19.469004 -0.51316475 0.54715722 5.540445 0.5
6.9150362 25.075043 0.056086069 0.53044283 1.135786 0.5
8.9173406 3.3702848 -0.25243293 -0.23261738 0.649744 0.5
3.3053049 17.042047 0.011999572 -0.43582318 4.647872 0.5
9.7272695 4.8638887 -0.19409999 0.30009278 3.116928 0.5
6.0493416 19.199748 -0.38930627 0.50658603 1.058365 0.5
23.189111 10.630053 -0.39806669 0.26632907 1.223223 0.5
18.597935 22.65265 0.51574464 -0.45768369 6.185729 0.5
10.200868 21.959662 0.27671314 -0.39499529 5.03693 0.5
5.8452831 21.190307 -0.27929634 0.25080868 0.158334 0.5
23.69569 22.75501 -0.56352604 0.081944122 0.09489 0.5
4.4111941 18.604749 -0.034491632 0.038487633 3.182579 0.5
18.308668 19.853762 0.42045259 -0.25187732 5.999337 0.5
7.2531969 10.914301 0.32299875 -0.65025467 0.712677 0.5
9.609501 11.73499 -0.16600494 -0.47744506 1.70588 0.5
25.666867 13.02472 -0.2757403 -0.61635428 5.092516 0.5
1.2602027 10.434569 0.096028227 0.43699194 0.506989 0.5
24.46394 11.14039 -0.0014772273 -0.25792882 4.452103 0.5
13.342787 5.9290192 -0.010986821 0.085847667 3.429354 0.5
21.77461 12.454914 -0.37738321 0.33382749 5.942963 0.5
6.9338399 2.7465595 0.2025797 0.035176056 2.062723 0.5
20.831067 18.056484 -0.62585011 0.76709854 2.598321 0.5
6.4359924 4.4655568 -0.15955983 0.21462156 6.159219 0.5
7.7115677 20.748405 -0.10372603 0.19642641 1.488917 0.5
13.802953 14.825754 -0.2061691 -0.020515051 1.927238 0.5
10.951617 11.015743 -0.086834519 -0.23262039 3.98558 0.5
7.1751235 19.671789 0.05716728 0.28270205 3.515453 0.5
16.685136 6.8637245 0.052883349 0.27676938 3.362574 0.5
5.497581 7.3006642 -0.14654506 0.43273649 2.617045 0.5
1.6600145 9.3945988 0.19894589 0.090440026 4.416501 0.5
6.27897 17.746014 -0.21272887 0.68677281 2.357123 0.5
17.331419 16.793592 0.11077849 0.38172375 0.027213 0.5
9.3264502 18.521939 0.21008519 0.02824825 3.270335 0.5
17.022355 11.741571 -0.055076675 0.30165479 5.133302 0.5
5.6457106 22.56 0.81896863 0.12490431 4.163048 0.5
3.0677942 18.772343 -0.022641724 -0.36194403 3.93618 0.5
27.364948 14.444505 -0.37958477 -0.30127861 5.951127 0.5
14.088236 6.8114613 -0.3441949 0.48587318 4.082451 0.5
26.74475 13.288635 0.16213701 0.15033804 1.780305 0.5
14.704956 7.7665262 -0.35577594 -0.38180556 2.847882 0.5
25.3744 19.583969 -0.1371601 0.22893555 1.767937 0.5
23.525081 9.2142314 0.2742843 0.25427747 0.00135 0.5
22.264314 3.9503709 -0.30464976 -0.21195966 5.312468 0.5
10.346665 9.7293598 0.19250693 0.26674285 0.320289 0.5
6.0081084 8.4623408 0.11510127 -0.35401551 0.581132 0.5
13.023182 25.850089 -0.6524273 0.35739897 3.087421 0.5
12.498018 23.188155 0.48400001 0.50480016 3.560403 0.5
22.052469 19.622213 -0.31171896 -0.59697256 0.555117 0.5
25.839904 10.640069 0.53833599 0.20476734 6.220608 0.5
26.487051 18.440518 -0.15131778 0.046996895 5.652715 0.5
24.253335 19.289454 -0.36274443 0.73075418 0.827952 0.5
11.663897 13.038653 -0.32516896 0.28712846 1.054048 0.5
18.518332 17.247524 0.10388239 -0.10255039 0.319962 0.5
19.361776 4.5812793 -0.14181444 0.24291945 2.464344 0.5
3.7844119 13.240705 0.50886648 -0.48614238 3.780782 0.5
8.4175675 5.8459726 0.39419276 0.042798796 0.745414 0.5
22.992862 23.946345 -0.050863701 0.81423173 3.348875 0.5
9.3198249 26.109541 0.52049699 0.36218199 5.365761 0.5
7.5357918 8.1209497 0.35638027 0.025851517 0.445642 0.5
16.144425 0.86628613 -0.080434651 0.1874725 2.979068 0.5
15.025157 2.091197 -0.10031771 -0.33939387 2.813895 0.5
6.4597463 12.010172 -0.074103821 0.046696597 4.039246 0.5
15.510531 12.55595 -0.71343409 0.027827342 4.602055 0.5
8.6322526 4.4962675 -0.021110142 -0.015057725 1.676583 0.5
15.746434 23.907692 -0.34767325 -0.21005975 1.207935 0.5
11.431257 23.350171 -0.072939984 -0.027490932 6.164191 0.5
19.515083 18.189007 -0.71265001 0.21067819 1.491784 0.5
4.5375239 7.9613879 -0.1388506 -0.036895372 6.269379 0.5
17.313377 22.219737 -0.80603011 -0.62517067 0.35856 0.5
15.796718 8.6133181 0.086198321 0.22976365 0.326238 0.5
12.704116 24.858971 0.17582979 -0.80844659 1.608548 0.5
22.161787 17.594139 -0.42424211 0.45785961 2.616667 0.5
14.564397 10.291411 0.030013373 -0.29506453 0.410672 0.5
15.460038 21.273525 0.30291142 0.61173994 3.210668 0.5
23.251955 6.0327776 0.10761023 0.11393009 0.309541 0.5
13.504676 23.897125 0.55454285 -0.17064222 1.761874 0.5
11.922595 8.0292369 0.085779323 -0.69077075 4.731547 0.5
15.600148 5.2261454 -0.33882027 0.1020787 0.313065 0.5
22.560468 11.662822 -0.028378443 -0.20935037 0.087229 0.5
11.182628 2.733429 -0.065626785 -0.50310684 5.713071 0.5
19.980581 14.337777 -0.51721752 0.093632047 0.34983 0.5
3.0411599 7.5655423 0.054371855 -0.15489365 2.015368 0.5
15.183218 6.6947274 0.13107912 -0.39464695 0.42176 0.5
16.439331 3.3295696 -0.22147415 -0.51751188 5.580866 0.5
2.2022508 12.72839 0.095895343 0.28868819 4.066321 0.5
21.129959 4.1079518 0.012189392 0.2801994 5.863794 0.5
20.928066 7.2122612 -0.32666899 -0.012453854 5.355125 0.5
18.28821 4.7554274 0.2780116 -0.041055663 5.404824 0.5
17.470046 14.187746 0.41619569 -0.25808515 1.361005 0.5
26.351728 11.616966 0.51167614 -0.53159605 5.19755 0.5
22.727615 16.613486 0.057567528 0.52288402 5.853071 0.5
25.267479 17.961428 0.87068298 0.28923896 2.830697 0.5
12.733637 20.937892 0.3447606 -0.46298037 3.251414 0.5
11.024044 26.209176 0.13987126 0.4340319 3.305262 0.5
7.9605364 24.591698 0.10271311 0.590976 3.841898 0.5
20.239019 16.09262 0.33977428 -0.44226098 4.917041 0.5
4.9478557 12.284578 0.43744452 0.13358759 1.726803 0.5
4.5980355 21.403172 0.21989029 0.29333638 2.534849 0.5
15.250469 13.693024 -0.12180324 0.27624154 1.985571 0.5
2.711926 11.32886 0.0064591744 0.38246493 5.636684 0.5
9.1427804 20.256863 -0.34141736 -0.121112 0.642493 0.5
3.3613648 8.8267361 0.32385256 0.12019295 5.796573 0.5
14.540475 8.9173885 0.035749143 -0.042099489 4.738871 0.5
14.888163 0.95749255 -0.068276969 -0.16394619 1.568073 0.5
19.199007 6.3407529 -0.58891251 -0.045637884 2.749741 0.5
13.734248 13.173544 -0.71906603 -0.36074273 1.171823 0.5
6.9057897 21.785512 -0.47144937 0.28930428 2.226958 0.5
7.3484152 9.7301151 0.030270052 0.18652009 1.548545 0.5
24.654301 9.8853335 -0.23473789 0.017831754 3.653333 0.5
10.020709 2.874496 -0.51342972 0.044773479 4.394256 0.5
16.055524 9.9063881 -0.84783162 -0.3983507 0.605652 0.5
7.8705063 7.0625647 -0.07156569 0.31377542 3.106146 0.5
12.082894 11.739807 -0.12946659 0.14351645 3.095002 0.5
15.129736 22.410755 -0.33337811 -0.942984 1.841384 0.5
1.0048922 17.032249 -0.0018429242 0.019359243 6.034028 0.5
7.6835276 14.459567 0.1546225 0.25650885 1.857551 0.5
13.319645 1.6401877 0.034503911 0.0074853883 1.702664 0.5
9.9913571 1.2659907 -0.44556222 -0.4596603 1.16125 0.5
20.514991 25.582907 -0.46204363 0.35351807 4.720586 0.5
1.9337666 14.062581 0.22971202 0.29655704 0.205718 0.5
18.030015 12.73902 0.038909559 0.14133472 5.820667 0.5
12.972047 15.572966 0.38990772 0.088727994 3.894129 0.5
10.734864 15.255798 -1.3466244 -0.62045306 3.074393 0.5
5.7452194 3.3886963 0.15043962 0.21392204 0.467747 0.5
8.0895291 25.995822 0.32543038 -0.2189385 5.60533 0.5
19.016399 9.047427 -0.060264048 -0.078132134 6.227367 0.5
11.459463 1.2014271 -0.33358889 -0.086872565 5.177094 0.5
12.484664 17.299169 -0.26395997 0.005449075 0.203779 0.5
12.687592 6.9161962 0.45510952 -0.015850572 6.095105 0.5
24.131438 21.325574 -0.015873609 -0.68843245 5.150288 0.5
19.69495 11.032069 0.45190095 -0.36159007 3.059892 0.5
12.776968 14.253714 -0.19010759 0.16405405 3.692189 0.5
5.5767248 9.7097586 -0.00032718721 0.2075654 3.246869 0.5
8.7548416 22.237954 -0.54041386 0.89842306 2.032293 0.5
14.48897 26.996466 0.4721573 0.86477369 6.136396 0.5
14.329993 21.127651 -0.079680943 -0.76247732 4.563161 0.5
20.551823 11.795181 0.65967684 -0.14847527 5.916686 0.5
26.110791 15.780468 -0.23203639 -0.099670058 1.344992 0.5
8.0155831 12.690731 0.075855655 0.01693201 3.633442 0.5
7.2128591 18.487838 -0.33412952 -0.31908521 2.78777 0.5
21.464722 2.9423261 0.39316571 0.045004578 1.483056 0.5
8.593622 23.32989 0.06999415 0.05231364 0.879468 0.5
10.63728 3.8409391 0.16379304 -0.33696677 4.923104 0.5
20.791934 13.259685 -0.2298943 0.067073069 5.350229 0.5
5.2637869 11.244562 0.076117614 0.24524989 1.508644 0.5
6.2044826 13.119813 -0.010151183 0.33023295 4.32761 0.5
9.1751818 15.481344 0.2573167 0.36884959 1.3724 0.5
13.1709 8.0875644 0.16798855 -0.07180613 2.64206 0.5
4.8091552 15.665611 -0.11188648 -0.29073076 2.466218 0.5
1.4186989 11.504185 -0.081646107 -0.15504788 0.69625 0.5
19.775818 7.4787998 -0.11295282 -0.29910075 0.502972 0.5
21.986425 6.5335769 -0.36203411 -0.18749474 4.066135 0.5
3.5365466 21.964534 -0.46470278 0.25687638 3.026607 0.5
7.7922142 15.903811 -0.64866025 0.077711392 6.171553 0.5
3.4732991 20.016195 -0.27003396 -0.017647448 3.767955 0.5
22.690673 21.430623 0.39676033 0.37810689 5.349705 0.5
16.028411 16.159489 0.025541922 -0.48920126 3.28374 0.5
19.913392 2.4229299 -0.11332003 -0.38941729 1.964272 0.5
16.701622 13.405414 0.046854348 -0.24970517 1.170799 0.5
11.337633 5.0006231 -0.35261424 -0.40437697 0.802835 0.5
17.968278 5.8934869 0.074067818 0.30281465 5.063896 0.5
23.212133 4.7856028 -0.12303714 0.17164179 2.243796 0.5
4.541843 17.406507 -0.36451341 0.53600353 5.270568 0.5
18.012547 11.245195 0.14226439 0.017305968 5.757172 0.5
15.045674 3.5694053 0.35978901 -0.28800678 5.271397 0.5
8.8410871 10.85137 0.074213461 -0.22775656 3.151318 0.5
6.5462809 14.512573 -0.10868236 -0.41392565 0.221595 0.5
5.9637287 15.884334 0.048071361 0.24878969 1.510648 0.5
3.7714701 12.017078 -0.57250456 0.064219082 5.29405 0.5
13.034597 3.7551973 -0.12452457 -0.45510173 2.737677 0.5
14.078784 2.9485002 0.2246228 0.16577791 4.134415 0.5
12.710959 22.048974 0.53392605 0.12827497 1.432456 0.5
4.0952611 14.301887 0.36027561 -0.30505431 2.840655 0.5
18.299722 1.2788456 0.39520024 -0.27477829 2.899005 0.5
16.234499 21.972683 -0.31107503 0.29461104 4.137855 0.5
26.150512 9.4009982 -0.067675324 -0.047778902 1.992807 0.5
7.489579 5.1423237 0.059353593 -0.27749589 0.375558 0.5
17.613068 3.7364121 -0.0048967585 -0.033932185 0.629977 0.5
17.260581 10.305151 -0.32330666 -0.60783854 5.301885 0.5
1.5994376 16.096854 -0.3577823 -0.31008397 1.197725 0.5
3.3046118 15.553161 0.34733311 0.35862235 2.939026 0.5
25.676409 7.3546333 0.003668135 -0.047968843 3.912909 0.5
5.3005526 5.975454 -0.024534375 -0.32381978 3.115045 0.5
21.325851 23.970207 -0.61130477 -0.18151904 1.662001 0.5
9.0405063 13.141873 -0.11973951 0.031022592 0.131507 0.5
