# x y vx vy theta radius
20.313052 16.59583 0.34369776 0.26979611 1.4099119 0.5
15.222095 7.9308833 0.41777725 0.36979083 1.764168 0.5
4.5673032 11.768629 -0.16465598 0.15977164 3.951996 0.5
22.683674 16.057432 -0.51761462 0.29918707 4.259518 0.5
19.879975 25.741767 0.86647153 0.46822132 1.882067 0.5
5.873635 10.034849 0.25008628 0.18314212 0.92276 0.5
20.336766 17.670248 -0.64615965 1.088809 4.981497 0.5
1.5027842 10.882389 -0.0065941701 -0.35087581 0.663689 0.5
25.707733 14.644461 -0.79201712 -0.54646263 4.599871 0.5
13.454515 12.601579 -0.16514675 0.26717766 3.315122 0.5
17.334267 2.918136 0.3940441 -0.50023069 5.224588 0.5
5.3059248 6.7496437 -0.26050552 0.1030228 4.739779 0.5
16.308641 11.856956 -0.075883495 -0.49460934 0.624425 0.5
3.842425 14.875235 0.25716636 -0.14750628 0.734434 0.5
1.0003541 13.162439 -0.0027343995 0.23045129 4.989084 0.5
10.78531 4.8098903 0.11807066 0.33878171 2.508867 0.5
3.8929012 22.377257 -0.11548663 -0.53089709 5.939565 0.5
11.733569 0.91506198 0.11121095 0.66248202 0.028815 0.5
10.242002 12.990726 0.36545614 0.10627881 3.449449 0.5
14.182193 21.983905 0.26745154 0.075152663 0.592282 0.5
7.1405587 21.17616 0.32000992 0.47288466 6.045768 0.5
13.87382 8.1007678 -0.29772365 -0.66679484 0.890473 0.5
25.135417 6.6862804 0.52644336 0.055484109 2.353219 0.5
1.9606075 13.861486 0.10016685 -0.040938993 1.672869 0.5
17.97598 4.3086994 0.068457146 -0.43482574 4.21507 0.5
7.3649739 19.948641 0.13948345 0.37301307 0.4829 0.5
4.3727626 12.858154 0.21487257 -0.23953973 6.274711 0.5
6.4460808 14.598894 0.0047303759 -0.16617513 1.301021 0.5
13.980904 23.683289 -0.036105722 -0.1324613 3.538852 0.5
22.718331 4.1111788 0.17267351 -0.069043408 1.72413 0.5
4.0738469 21.180244 -0.36830227 -0.31148165 0.779811 0.5
15.921125 26.225177 0.9712073 -0.45587111 1.209651 0.5
7.5938652 4.7428129 0.11263109 -0.46626049 5.377079 0.5
9.7789373 10.383265 0.35602832 -0.095748099 3.122843 0.5
6.1249081 5.4140703 0.3349939 0.090264238 4.105439 0.5
15.238928 14.430683 -0.19825777 0.38542948 2.246795 0.5
22.571368 22.404343 1.0970682 -0.30907221 3.468535 0.5
14.642089 6.7945139 -0.34766881 0.065781822 5.532293 0.5
12.488513 5.3676944 0.19480622 -0.21078796 0.531572 0.5
12.742642 17.576299 0.41750333 0.16555261 5.261584 0.5
7.8386719 24.843089 0.4945163 -0.42828501 0.040113 0.5
12.975879 21.858887 1.1820286 -0.4921835 4.576591 0.5
5.7195894 11.952496 0.034591614 -0.17142272 0.209824 0.5
11.643883 7.5246517 -0.10697746 0.21321545 1.770879 0.5
10.89451 3.4016224 -0.13263938 0.37280701 4.791815 0.5
2.9740314 19.385986 -0.29067402 0.11984532 2.522673 0.5
11.461081 16.100141 -0.37582094 0.012044758 3.232151 0.5
20.842453 7.0953135 0.18198307 0.040779096 0.943125 0.5
17.77108 21.30204 -0.1446703 -0.11111701 1.031271 0.5
15.744012 6.7125928 -0.27076713 -0.23239789 1.523797 0.5
17.24302 25.929419 0.034537353 0.23317033 1.787492 0.5
9.186427 14.667488 -0.0092545422 -0.54107739 3.056837 0.5
6.7302061 24.908312 0.2101938 0.257068 3.332967 0.5
15.275478 16.729987 -0.17082344 -0.11268489 3.889918 0.5
17.830489 20.009478 0.53228791 -0.45977094 1.775857 0.5
14.767939 11.422651 -0.16713911 0.37638242 4.33857 0.5
4.3275848 19.046068 -0.0024702956 -0.41366736 2.652322 0.5
21.629233 15.117341 0.62706325 -0.59591851 1.360759 0.5
18.395364 3.2751399 0.44417237 -0.091029075 1.350476 0.5
15.187307 20.901805 0.06465014 0.044219247 3.139709 0.5
7.4204242 2.2713382 -0.12975964 0.48969622 3.877928 0.5
6.4318059 2.886439 -0.55658803 0.21221553 4.111005 0.5
2.1020966 15.027536 -0.058577709 0.29149736 4.354529 0.5
12.059092 12.784725 -0.33646172 -0.15484493 1.958136 0.5
19.599839 9.3675983 -0.61873058 -0.73469789 1.935129 0.5
4.575564 15.759338 0.0068177059 0.12182312 0.983243 0.5
12.823192 10.288054 0.10759553 -0.04109962 4.524452 0.5
20.346684 20.270275 0.3112032 -0.56341393 4.628506 0.5
10.155087 22.838501 -0.13240854 -0.22902726 4.619789 0.5
12.200501 26.615555 -0.055225664 0.42442436 6.246698 0.5
18.758194 5.441039 -0.40107631 -0.090751447 2.597917 0.5
25.024798 9.5674246 -0.17273129 -0.56328756 5.540445 0.5
11.231644 21.546412 0.44807569 -0.22955744 1.135786 0.5
21.827029 18.797044 -0.6379367 -0.70123734 0.649744 0.5
8.5174969 12.1738 -0.31689681 -0.30345754 4.647872 0.5
19.47281 4.5261879 -0.25981307 0.28780964 3.116928 0.5
11.570202 18.704829 0.32799361 -0.25934551 1.058365 0.5
26.976681 13.160955 -0.62778973 0.070528067 1.223223 0.5
16.765214 18.761398 0.62798328 0.38277756 6.185729 0.5
9.2058503 13.448124 -0.34199288 -0.10100603 5.03693 0.5
2.1383543 11.898166 0.21910174 0.36842699 0.158334 0.5
8.9190404 19.035007 0.18928015 0.83611558 0.09489 0.5
12.237899 3.2225601 0.22001233 -0.25208017 3.182579 0.5
26.874401 17.840996 0.23048745 -0.47180409 5.999337 0.5
6.5166939 16.067107 -0.3410484 -0.47353273 0.712677 0.5
17.197048 15.864277 -0.25622284 0.12002406 1.70588 0.5
7.7559054 15.969029 0.37252383 -0.25575814 5.092516 0.5
9.3173372 22.104681 -0.16517593 0.076536082 0.506989 0.5
19.61663 10.749332 0.55483442 0.34545228 4.452103 0.5
19.930019 6.46824 0.18530092 -0.11057146 3.429354 0.5
1.9856302 17.485587 0.31316522 0.3187985 5.942963 0.5
14.603029 0.89358336 -0.53184059 -0.2013191 2.062723 0.5
3.5185337 10.479427 0.12625978 -0.041767213 2.598321 0.5
14.915021 25.018367 -0.027873723 0.29960503 6.159219 0.5
16.67038 21.837014 0.024215566 0.087808624 1.488917 0.5
6.5615662 4.0487493 0.62793085 -0.2861985 1.927238 0.5
5.4430659 22.672195 -0.15870904 -0.44735247 3.98558 0.5
24.397284 11.29403 -0.12152157 0.15891758 3.515453 0.5
21.966395 8.9965715 0.098386056 -0.29032204 3.362574 0.5
11.979263 14.663662 0.20800519 -0.15045515 2.617045 0.5
10.75259 15.222459 0.237039 0.41680331 4.416501 0.5
10.17985 7.3057599 0.57496229 0.014086458 2.357123 0.5
19.778627 14.228496 0.067096336 0.40584218 0.027213 0.5
19.427433 21.215215 -0.11666566 -0.47269849 3.270335 0.5
23.865383 7.2511566 -0.024775534 0.058382407 5.133302 0.5
9.0611404 23.239475 0.1690364 -0.73556808 4.163048 0.5
1.8438627 9.5075623 -0.087028114 0.0013636559 3.93618 0.5
20.970452 10.403468 -0.23587446 0.35948437 5.951127 0.5
9.138157 6.8235926 0.26291471 -0.31172706 4.082451 0.5
5.1671606 19.699834 0.012804122 -0.15397138 1.780305 0.5
18.1795 12.853225 0.51851722 -0.50489417 2.847882 0.5
13.351956 24.608613 0.27204423 -0.25469837 1.767937 0.5
3.4823938 16.335395 0.32120825 0.25379037 0.00135 0.5
11.223956 11.912851 0.092082642 -0.27715536 5.312468 0.5
7.5479885 8.4693405 -0.24148865 -0.14575472 0.320289 0.5
17.61487 6.0722179 -0.41693389 -0.1644249 0.581132 0.5
9.198682 7.9871665 -0.11394441 0.13005587 3.087421 0.5
7.2597392 10.752091 0.066567019 -0.49956135 3.560403 0.5
16.038454 5.6549759 -0.29498667 0.20460615 0.555117 0.5
7.9785448 7.1485423 -0.042302953 -0.14880869 6.220608 0.5
23.508359 4.8590489 -0.54270947 -0.19443705 5.652715 0.5
19.098703 24.440957 0.15814385 -0.5725448 0.827952 0.5
21.437462 2.8617578 0.097966991 -0.074218574 1.054048 0.5
14.566282 8.9767352 0.66678829 -0.35999048 0.319962 0.5
22.221235 12.076875 -0.41570298 0.46941238 2.464344 0.5
20.263062 12.290471 -0.011509361 0.24445788 3.780782 0.5
8.0555031 23.782844 0.17666583 -0.18708332 0.745414 0.5
20.730147 9.0470326 -0.2221162 -0.21360191 3.348875 0.5
11.825016 4.4946159 0.02567985 -0.38289211 5.365761 0.5
10.181299 26.455724 0.52777055 -0.22020746 0.445642 0.5
11.683258 2.0356332 0.41421163 0.18549127 2.979068 0.5
4.2223831 7.1033556 0.093775851 0.16624829 2.813895 0.5
14.103651 20.636028 0.19802125 0.65290146 4.039246 0.5
17.434823 7.6204237 0.33679321 -0.26163919 4.602055 0.5
10.111287 11.824867 -0.21585923 -0.15567317 1.676583 0.5
17.350158 24.681157 0.059387201 0.010460274 1.207935 0.5
25.782547 13.401729 -0.22457681 0.062803936 6.164191 0.5
16.260178 17.417023 0.28657038 0.12244185 1.491784 0.5
12.500459 20.030403 0.23669396 -0.5131559 6.269379 0.5
15.315963 10.383695 -0.04673195 -1.0628118 0.35856 0.5
8.399861 10.459928 -0.65222557 0.48101961 0.326238 0.5
6.1966718 20.519855 0.27112748 -0.025043398 1.608548 0.5
13.456723 16.278412 0.52768999 -0.8648319 2.616667 0.5
23.381777 19.121175 0.24478848 -0.65532223 0.410672 0.5
12.353188 22.902031 0.050108654 -0.099694272 3.210668 0.5
26.880101 16.226933 0.14751735 0.18230193 0.309541 0.5
9.4606491 20.090353 0.54870268 0.017805869 1.761874 0.5
11.878928 6.2479367 -0.28371545 -0.36024367 4.731547 0.5
26.639515 10.385295 -0.71439968 0.76627799 0.313065 0.5
8.9686401 24.561787 0.083264171 0.33526677 0.087229 0.5
12.188755 25.096146 -0.062927798 0.45038455 5.713071 0.5
23.126608 17.696403 -0.15331036 -0.66541541 0.34983 0.5
9.7069182 5.5446098 0.27736689 -0.25439473 2.015368 0.5
4.7189921 10.478744 0.26335352 -0.78329809 0.42176 0.5
16.535646 14.179165 0.061170248 0.24059679 5.580866 0.5
20.939983 25.327961 0.39097957 0.32384837 4.066321 0.5
9.8733255 2.4457676 0.34916423 -0.086050692 5.863794 0.5
6.6560802 22.194172 0.28995397 -0.35030981 5.355125 0.5
14.071715 9.9975122 -0.53366603 -0.096367807 5.404824 0.5
4.4985617 13.942275 -0.32106589 0.11855388 1.361005 0.5
10.548282 20.628992 -0.18436425 -0.31971552 5.19755 0.5
16.296634 2.1770282 -0.18380745 -0.017744719 5.853071 0.5
0.76358172 11.761423 -0.12742869 0.073339527 2.830697 0.5
14.5596 19.497166 -0.11208504 0.15263285 3.251414 0.5
20.802472 3.8992399 0.13035095 -0.37978515 3.305262 0.5
9.0754949 15.816274 0.48426089 0.13452952 3.841898 0.5
14.388318 15.482199 -0.40504685 0.58306466 4.917041 0.5
20.943742 5.7094051 0.37810943 0.65000712 1.726803 0.5
4.9731828 5.6227387 0.052630337 0.12629372 2.534849 0.5
23.263471 23.668595 0.16202594 -0.21631164 1.985571 0.5
21.896282 6.5601453 -0.45698042 0.060759471 5.636684 0.5
24.215172 18.427872 0.49740214 -0.28567103 0.642493 0.5
4.6125366 17.562157 0.16677613 0.080122931 5.796573 0.5
19.968111 22.204278 0.71581636 -0.73300969 4.738871 0.5
2.5911933 8.5654785 0.17014048 0.1905535 1.568073 0.5
10.339167 19.356563 0.33065195 0.062321453 2.749741 0.5
18.436063 6.8570098 0.42006308 -0.68909626 1.171823 0.5
19.66254 3.4076148 -0.52737475 -0.019151351 2.226958 0.5
10.440559 14.073969 -0.25869268 -0.22532992 1.548545 0.5
10.816074 17.861828 -0.1261448 0.12863675 3.653333 0.5
5.156942 20.964639 0.0034224674 -0.49141388 4.394256 0.5
25.933658 18.534699 -0.45822725 -0.24776755 0.605652 0.5
17.649964 1.3172547 0.4177251 0.13948108 3.106146 0.5
21.653541 13.588795 0.22060525 0.193216 3.095002 0.5
10.439534 8.5072586 0.33873649 -0.3908838 1.841384 0.5
6.1464434 19.067384 -0.038046991 -0.33446774 6.034028 0.5
8.0994061 13.547423 -0.28769078 0.00019987419 1.857551 0.5
17.878056 17.596481 0.092915874 -0.22007809 1.702664 0.5
1.455104 18.834768 0.55686611 -0.0046142371 1.16125 0.5
22.545953 5.2669122 0.043284499 0.51540745 4.720586 0.5
16.763795 4.5591191 0.23376043 -0.499926 0.205718 0.5
13.692152 3.6441134 0.41280501 -0.074929111 5.820667 0.5
0.82759807 15.772129 0.0068297541 -0.14056037 3.894129 0.5
15.775807 13.068161 0.2381638 -0.42832382 3.074393 0.5
12.384125 11.48697 0.17204368 0.0075582902 0.467747 0.5
27.182139 14.8224 0.48531904 -0.043897069 5.60533 0.5
3.4173555 11.996244 0.28121773 0.023193925 6.227367 0.5
13.20574 2.6722737 -0.15108664 0.13902321 5.177094 0.5
21.418831 16.535208 -0.22424004 0.077167624 0.203779 0.5
10.244533 1.3783589 0.064986153 0.26824019 6.095105 0.5
16.044474 3.3540919 -0.23493992 0.30857784 5.150288 0.5
12.069813 8.5271062 0.28797982 0.24863405 3.059892 0.5
7.8925948 22.437488 -0.0544487 -0.17247164 3.692189 0.5
21.713643 21.453166 0.30755283 -0.28996133 3.246869 0.5
21.495499 23.794725 0.19402199 -0.25798829 2.032293 0.5
7.3299879 12.523852 -0.025737227 -0.1028905 6.136396 0.5
15.453488 15.558831 0.26886302 0.74279355 4.563161 0.5
11.111302 25.325283 0.22463676 -0.07677007 5.916686 0.5
16.197639 24.596094 0.7771059 -0.0075167016 1.344992 0.5
12.829818 7.0293266 -0.094120011 -0.32726898 3.633442 0.5
5.4378188 13.343235 0.72460062 -0.030563984 2.78777 0.5
18.972993 11.971562 0.13518398 0.11494327 1.483056 0.5
24.771273 13.788411 1.0151468 0.15623989 0.879468 0.5
13.448588 11.132993 0.24471185 -0.02115753 4.923104 0.5
23.404567 8.8907983 -0.33247955 -0.12906329 5.350229 0.5
6.6456089 7.3606399 0.38939823 -0.19096791 1.508644 0.5
8.6699469 3.07082 -0.010247734 -0.30114404 4.32761 0.5
7.1779311 6.2131076 0.04661968 0.17658679 1.3724 0.5
11.746786 9.6865415 0.29486199 0.44935761 2.64206 0.5
19.007365 18.246569 0.57048376 -0.088556025 2.466218 0.5
16.152057 20.105153 -0.23675758 0.12819136 0.69625 0.5
13.987377 1.8393198 0.28797072 -0.2971474 0.502972 0.5
18.765863 2.1481987 -0.039216646 -0.011574699 4.066135 0.5
15.23417 4.0771158 0.2293159 -0.1258875 3.026607 0.5
18.232483 23.117107 0.1357706 -0.45952073 6.171553 0.5
1.9078135 16.348986 -0.55878249 -0.027922709 3.767955 0.5
12.834805 0.95637889 0.099062248 0.30140186 5.349705 0.5
10.131211 24.747534 0.20911937 0.11949254 3.28374 0.5
6.4268383 8.6080115 0.39855842 0.1713104 1.964272 0.5
13.091807 9.0336387 0.03078308 -0.0796254 1.170799 0.5
20.406653 2.3549398 -0.059166203 -0.35881168 0.802835 0.5
18.16561 8.8942784 -0.30266889 0.049239864 5.063896 0.5
3.9348169 8.432637 0.22750687 0.14630355 2.243796 0.5
24.039367 5.9535911 0.25261154 -0.48859667 5.270568 0.5
8.4801317 1.7605363 0.36700005 -0.046495245 5.757172 0.5
23.714843 20.867782 0.81476587 0.022071556 5.271397 0.5
14.891781 2.9022757 0.52160021 -0.26304187 3.151318 0.5
18.586096 14.313231 -0.15066397 0.022075285 0.221595 0.5
0.87533226 14.423597 -0.0051520644 0.15477034 1.510648 0.5
19.468542 7.8490966 0.067703596 0.13491662 5.29405 0.5
2.3718127 7.4703614 -0.27734984 0.44956906 2.737677 0.5
25.03389 12.475859 1.0704438 -0.58863388 4.134415 0.5
9.186699 9.0821947 0.094627219 0.18898912 1.432456 0.5
7.1320163 9.5254256 0.40417913 0.23335248 2.840655 0.5
18.456331 10.099148 0.22699965 -0.061020187 2.899005 0.5
10.320663 16.3322 -0.30382356 0.397359 4.137855 0.5
7.2406932 18.651599 0.16186587 -0.031769595 1.992807 0.5
17.197889 9.5347339 0.21500672 0.028948109 0.375558 0.5
15.633365 0.66301627 -0.052882846 0.42352048 0.629977 0.5
13.837704 5.9526127 -0.078945633 0.20576106 5.301885 0.5
4.7554612 9.2767347 0.13522162 -0.082651764 1.197725 0.5
15.12804 17.885893 0.069492044 0.2324794 2.939026 0.5
22.508926 7.4448025 0.30864488 -0.6927609 3.912909 0.5
18.416861 25.298834 0.077785708 0.29392797 3.115045 0.5
17.013653 23.245629 0.51685534 0.023577124 1.662001 0.5
5.2888651 4.0858731 0.090020463 -0.082133355 0.131507 0.5
