# x y vx vy theta radius
17.744625 20.110871 0.66985486 0.51636604 0.17134337 0.5
12.106469 3.8919293 0.080300638 -0.069231443 1.764168 0.5
6.2049597 22.127769 0.060283878 -0.29161252 3.951996 0.5
7.1156899 6.3847785 0.27846856 -0.11921544 4.259518 0.5
10.500976 16.281751 0.29102344 -0.24286336 1.882067 0.5
11.044415 4.3552803 0.28164209 0.48331931 0.92276 0.5
4.2127143 14.778353 -0.40962785 -0.22617012 4.981497 0.5
24.785715 8.8002173 0.57113577 0.21431854 0.663689 0.5
13.350009 7.6049994 -0.13813682 0.17389303 4.599871 0.5
21.908898 8.7009945 -0.5217737 0.50383746 3.315122 0.5
20.637955 18.190731 0.15028182 0.11123034 5.224588 0.5
5.5346339 5.7299269 0.11439357 0.136545 4.739779 0.5
14.76079 12.207153 -1.1807974 0.060147556 0.624425 0.5
8.8851493 18.924801 0.093604883 0.045751179 0.734434 0.5
2.2648099 7.9699129 0.35854638 -0.27562248 4.989084 0.5
13.402299 16.360811 -0.12750318 0.13518978 2.508867 0.5
18.352013 14.458254 0.051604029 0.37558777 5.939565 0.5
7.8906302 13.821759 0.38733676 0.11757569 0.028815 0.5
1.9859788 9.0344625 0.019672845 -0.11274169 3.449449 0.5
13.451616 20.228717 -0.44861255 -0.60786294 0.592282 0.5
19.747126 16.308405 0.94423268 -1.2785052 6.045768 0.5
21.393368 11.497044 0.55435322 0.37976655 0.890473 0.5
15.854541 2.4086811 -0.25580728 -0.11914081 2.353219 0.5
14.345549 18.161053 0.003138268 0.40273341 1.672869 0.5
23.712433 15.664317 0.10427923 -0.18644248 4.21507 0.5
13.829959 4.9036743 -0.084633493 -0.12017286 0.4829 0.5
7.4626698 18.442972 -0.24976332 -0.082638721 6.274711 0.5
12.626493 25.381526 -0.18642931 0.11575148 1.301021 0.5
16.965202 15.638603 0.56654317 0.15914478 3.538852 0.5
3.6276992 22.334972 -0.2613176 0.66883652 1.72413 0.5
26.659935 16.452363 -0.13715053 -1.0702007 0.779811 0.5
13.917573 0.61867805 -0.034940354 0.19938069 1.209651 0.5
3.4617438 8.3792923 0.27924378 0.58710873 5.377079 0.5
7.0843139 4.8551569 -0.10795334 -0.0081064896 3.122843 0.5
11.169357 12.533239 -0.24893113 -0.41223952 4.105439 0.5
15.807309 10.967597 -0.41992751 -0.43667374 2.246795 0.5
9.5734438 4.0290298 0.40116963 0.11337865 3.468535 0.5
16.098983 25.671405 0.44832862 0.25799255 5.532293 0.5
4.2370265 7.2460954 0.19214962 -0.12635439 0.531572 0.5
6.0939382 24.262342 0.24108016 -0.0017435555 5.261584 0.5
24.032467 10.163612 -0.013527825 -0.24208781 0.040113 0.5
10.795318 13.618363 -0.18018377 -0.29924077 4.576591 0.5
22.996443 22.449736 0.43547673 0.53651237 0.209824 0.5
13.562519 10.988421 -0.57506611 0.36071213 1.770879 0.5
14.114824 6.7219332 0.052613149 -0.7640499 4.791815 0.5
14.885536 13.528724 0.33445212 -0.49739535 2.522673 0.5
26.097021 11.622972 0.089226194 0.012385924 3.232151 0.5
4.4972994 5.0096018 0.09472481 0.10288419 0.943125 0.5
24.079185 7.6854335 0.29127069 -0.064698593 1.031271 0.5
19.540944 18.017177 1.2654173 0.24151418 1.523797 0.5
8.0580192 11.493333 0.13746306 0.2897027 1.787492 0.5
23.860204 4.9295553 -0.99645398 -0.072578933 3.056837 0.5
10.858489 3.0751988 -0.065762148 -0.18898358 3.332967 0.5
16.171651 22.96143 0.53631026 -0.010846764 3.889918 0.5
3.0307132 12.817507 -0.41285187 0.38401995 1.775857 0.5
18.28427 3.4635664 -0.13622591 0.35605713 4.33857 0.5
9.5841825 22.550774 -0.31548196 0.37651729 2.652322 0.5
10.233404 11.725505 0.16356606 -0.15550704 1.360759 0.5
9.675085 13.744906 0.27865604 -0.16108017 1.350476 0.5
19.272683 20.01896 0.17426058 0.31032255 3.139709 0.5
17.884591 8.4127403 0.1165818 -0.18893179 3.877928 0.5
0.69363306 14.621738 -0.66187022 -0.32142291 4.111005 0.5
3.8497169 18.837866 0.13257241 0.18498853 4.354529 0.5
8.3167434 17.563859 -0.15425799 -0.24204916 1.958136 0.5
16.286435 12.228277 -0.037095216 -0.066993523 1.935129 0.5
23.168698 17.031329 -0.19901821 0.49405066 0.983243 0.5
13.310405 26.404736 -0.09953286 -0.53632845 4.524452 0.5
7.5224659 20.460772 -0.33519222 0.35565596 4.628506 0.5
5.3717959 12.585341 0.36865551 -0.35636127 4.619789 0.5
9.6252925 24.883742 0.37670839 -0.078562453 6.246698 0.5
14.747079 1.3996887 0.38998267 0.077650168 2.597917 0.5
25.347661 10.165596 0.10816508 0.3807893 5.540445 0.5
1.6866938 17.090356 0.053152635 -0.21254329 1.135786 0.5
19.263676 7.5079417 -0.43779162 -0.17620495 0.649744 0.5
20.611196 10.122665 -0.12237745 0.01374443 4.647872 0.5
17.011735 1.1191244 -0.27272374 0.23672082 3.116928 0.5
4.9745535 8.1782824 -0.066801054 -0.051066884 1.058365 0.5
5.0653647 16.823218 -0.18274105 0.64051329 1.223223 0.5
8.5551805 24.849116 0.49955287 -0.24437931 6.185729 0.5
6.3625817 8.4701594 -0.157381 -0.39014373 5.03693 0.5
15.212996 20.737639 0.204339 -0.45139334 0.158334 0.5
3.0122576 21.377639 -0.014355448 -0.0063803486 0.09489 0.5
12.588383 15.63633 -0.9067318 -0.96389886 3.182579 0.5
9.2259547 21.380454 -0.29983461 -0.65557835 5.999337 0.5
8.5193958 22.245904 0.17026427 0.086085473 0.712677 0.5
1.9345442 19.919381 -0.038285514 0.35157939 1.70588 0.5
9.0247421 12.281143 0.044775751 -0.66583594 5.092516 0.5
17.342748 5.9236949 0.31707992 -0.07102259 0.506989 0.5
2.4109377 10.024115 -0.22752408 0.17708088 4.452103 0.5
15.37038 5.5929796 0.14490447 0.034061333 3.429354 0.5
10.571433 23.204937 -0.19048396 -0.51120567 5.942963 0.5
9.5198433 2.4414226 0.18991065 -0.362721 2.062723 0.5
11.926429 22.964174 -0.38617087 0.002522142 2.598321 0.5
8.2755126 9.9856666 0.04154555 0.33181916 6.159219 0.5
20.255783 12.448382 0.30960388 -0.030922288 1.488917 0.5
3.3249567 11.548591 -0.80205826 -0.24847826 1.927238 0.5
26.305217 9.0485755 0.32937329 0.44100189 3.98558 0.5
20.161132 19.146917 0.50284167 -0.47541723 3.515453 0.5
16.000034 26.807955 0.074740765 -0.030721596 3.362574 0.5
16.401914 8.6524344 0.18458754 -0.17303181 2.617045 0.5
2.8184784 16.500389 -0.16828937 -0.081045458 4.416501 0.5
3.8630909 17.669619 -0.55334108 -0.60843951 2.357123 0.5
7.3626757 22.087981 0.50194455 0.058709991 0.027213 0.5
12.544617 18.997955 0.43121455 -0.13273712 3.270335 0.5
4.8986129 18.441798 0.075446979 -0.43927515 5.133302 0.5
21.304987 16.620755 0.33476205 -0.55787069 4.163048 0.5
8.353293 4.6825397 0.2728059 0.2138113 3.93618 0.5
4.3684811 13.622405 -0.26646215 0.46291745 5.951127 0.5
19.582552 11.342412 -0.15152313 -0.18137166 4.082451 0.5
10.169845 6.2430947 0.36309133 -0.066729155 1.780305 0.5
3.464962 6.1411164 -0.21388395 0.27097322 2.847882 0.5
1.8281164 12.350177 -0.4044295 -0.29974655 1.767937 0.5
26.688261 10.189728 -0.52314569 0.74341069 0.00135 0.5
26.962535 15.288254 -0.17921333 0.062058514 5.312468 0.5
20.480788 5.9673412 -0.073831462 0.37730542 0.320289 0.5
10.128803 1.3966043 0.24183892 -0.022962111 0.581132 0.5
10.625006 8.9343016 -0.50026163 0.25983029 3.087421 0.5
14.032266 15.322299 0.55591924 -0.68241725 3.560403 0.5
7.7757183 25.820968 0.066923651 -0.23782225 0.555117 0.5
14.605634 26.476095 -0.05397939 0.50265719 6.220608 0.5
10.155487 15.071854 0.75786486 -0.14382987 5.652715 0.5
16.656503 6.982453 0.28347191 -0.16924298 0.827952 0.5
7.4114208 15.03774 0.26952298 -0.36632075 1.054048 0.5
21.765933 9.9007777 0.62985683 -0.081809205 0.319962 0.5
18.335801 11.997273 -0.016764268 -0.10486124 2.464344 0.5
13.884956 3.8274831 -0.090366317 -0.027618965 3.780782 0.5
19.689638 9.3682536 -1.1145265 -0.3805559 0.745414 0.5
1.2688901 9.8983561 -0.01401027 0.049775694 3.348875 0.5
5.5396665 23.197928 0.064832817 0.15081982 5.365761 0.5
16.524322 16.576978 0.23353667 -0.082353337 0.445642 0.5
22.541357 18.403268 -0.096182545 -0.62689725 2.979068 0.5
5.8422795 4.5259502 0.038556266 0.27352224 2.813895 0.5
9.4029928 16.246183 -0.72757677 -0.1833377 4.039246 0.5
20.299546 7.2135581 0.56669446 0.075027199 4.602055 0.5
16.259477 13.293509 -0.41341281 0.054243142 1.676583 0.5
3.1321588 20.228402 0.33895792 -0.06903236 1.207935 0.5
20.641038 15.500068 1.0622129 -0.17482393 6.164191 0.5
14.259456 2.7156206 0.3363576 -0.090837623 1.491784 0.5
15.775431 0.78895631 -0.48792809 -0.12448027 6.269379 0.5
22.800238 10.453321 0.3327812 -0.28160198 0.35856 0.5
8.6516573 8.3447428 0.016545334 0.31717876 0.326238 0.5
16.212978 14.592972 0.54203313 0.30655618 1.608548 0.5
17.596838 10.825979 -0.44704701 -0.58092736 2.616667 0.5
4.8047097 21.860023 -0.081196595 -0.19864317 0.410672 0.5
23.561171 11.995044 -0.26692164 0.52153625 3.210668 0.5
4.4727016 23.13862 -0.44186448 0.26169882 0.309541 0.5
5.4646927 13.814548 -0.37166988 -0.85222293 1.761874 0.5
13.298992 17.680503 0.50501273 -0.26596756 4.731547 0.5
2.6845269 19.116178 -0.026821817 -0.32937879 0.313065 0.5
15.071561 23.857961 0.76307026 0.18254704 0.087229 0.5
11.290799 21.982081 0.28294423 0.51435503 5.713071 0.5
11.454171 5.4375187 0.2448381 -0.22880862 0.34983 0.5
7.4678017 16.189744 0.37975575 0.006835553 2.015368 0.5
16.453161 21.81484 0.66677216 0.11468447 0.42176 0.5
8.5112703 15.350325 0.3557219 -0.41876444 5.580866 0.5
20.302526 24.546788 -0.5460872 -0.17788096 4.066321 0.5
7.4681217 2.4774981 -0.57205368 -0.088687651 5.863794 0.5
5.8146493 19.261025 -0.1584328 -0.44720199 5.355125 0.5
12.889236 2.8963398 0.17443953 -0.15617719 5.404824 0.5
0.74237447 12.440611 -0.11756501 -0.41199476 1.361005 0.5
25.022722 20.177982 -0.20211703 0.20311801 5.19755 0.5
26.591327 18.61639 -0.75196689 -0.43639465 5.853071 0.5
11.955938 2.3676121 0.078421686 0.4910333 2.830697 0.5
14.705213 19.493932 -0.27128029 0.8474912 3.251414 0.5
12.944936 14.638314 -0.034175845 0.22683687 3.305262 0.5
20.298125 23.268187 -0.34809037 0.54799066 3.841898 0.5
12.418825 21.863951 -0.8266757 0.26581929 4.917041 0.5
19.212297 4.6324128 -0.040213066 0.10496887 1.726803 0.5
13.656915 13.258251 0.24527275 -0.57818648 2.534849 0.5
11.555765 10.721 0.64437963 -0.13960236 1.985571 0.5
17.759342 26.571204 -0.19697808 0.39186618 5.636684 0.5
18.178693 4.9932253 0.19541575 0.23291745 0.642493 0.5
2.7081411 17.925371 -0.19413684 0.21120564 5.796573 0.5
22.68584 13.084655 0.011912172 0.3131652 4.738871 0.5
15.554345 4.4820497 0.45855698 -0.040124013 1.568073 0.5
5.1273703 9.4151944 -0.49280541 0.31120691 2.749741 0.5
12.338662 6.0814014 0.16212623 0.15539838 1.171823 0.5
17.4979 12.951901 -0.13788285 -0.054075781 2.226958 0.5
2.01741 15.324599 -0.0067791577 0.65769942 1.548545 0.5
20.709618 8.2746026 0.032489445 -0.12654523 3.653333 0.5
22.044298 6.5530598 0.89265458 -0.10376048 4.394256 0.5
25.872975 12.866718 -0.96707946 -0.17913805 0.605652 0.5
3.1692089 14.037333 0.28542831 -0.093094337 3.106146 0.5
18.852783 18.91411 0.3962691 0.4433194 3.095002 0.5
14.697181 10.493353 0.18251996 -0.06236526 1.841384 0.5
19.730731 22.005678 -0.4678181 -0.84112523 6.034028 0.5
1.0668186 16.111549 -0.11067511 -0.07666256 1.857551 0.5
11.024787 25.693375 -0.027171094 -0.055664385 1.702664 0.5
27.221943 11.79718 -0.21081749 0.048229997 1.16125 0.5
8.0865053 3.56264 -0.028388123 0.040850373 4.720586 0.5
13.39941 5.8977778 -0.4528395 -0.52533607 0.205718 0.5
5.896317 3.3455452 0.4202435 -0.53080282 5.820667 0.5
14.336154 24.920946 0.1062921 -0.22719152 3.894129 0.5
9.4341791 23.753742 0.19648833 -0.27317952 3.074393 0.5
10.335901 10.523792 -0.50269621 0.0045040795 0.467747 0.5
8.9862622 20.092594 0.17564895 0.31854538 5.60533 0.5
12.174664 13.616474 -0.16835197 -0.60682003 6.227367 0.5
21.887866 3.5989522 -0.34984325 0.36896187 5.177094 0.5
17.78992 7.1576908 -0.12076729 0.010156539 0.203779 0.5
6.3098993 16.641837 0.12350802 -0.25055007 6.095105 0.5
12.38931 11.884578 -0.42287271 -0.35259836 5.150288 0.5
9.451486 9.4549325 0.023409989 0.26968202 3.059892 0.5
4.302159 16.045047 0.40154808 -0.37477673 3.692189 0.5
17.468757 2.5642614 -0.20101174 0.3552518 3.246869 0.5
10.30704 21.443691 0.45007946 -0.061400823 2.032293 0.5
24.951163 11.687946 -0.40530443 0.4120068 6.136396 0.5
13.077518 9.1517364 0.11214283 0.27187416 4.563161 0.5
6.7468917 13.380418 0.05875247 -0.47416683 5.916686 0.5
18.247817 24.633053 -0.41871604 -0.95370363 1.344992 0.5
1.4933129 13.426058 -0.037346209 -0.21043061 3.633442 0.5
10.832651 20.14065 -1.0705084 -0.54061682 2.78777 0.5
12.526886 4.9838676 0.012089333 0.034782138 1.483056 0.5
9.0290337 10.799301 0.13985063 -0.08747689 0.879468 0.5
12.599497 27.230722 -0.087328933 0.1004115 4.923104 0.5
22.185829 15.801112 -0.17185653 -0.25577712 5.350229 0.5
7.7552193 7.5316693 0.2488083 0.66210618 1.508644 0.5
17.333307 14.091496 -0.34507111 -0.18057056 4.32761 0.5
11.343909 14.835951 -0.24247013 -0.24013578 1.3724 0.5
23.709711 19.548903 -0.54403783 0.62682305 2.64206 0.5
25.081439 18.690095 0.23711042 0.0023439648 2.466218 0.5
10.34288 17.92262 0.33892134 -0.10577962 0.69625 0.5
7.7310252 23.265506 -0.074023861 0.060750974 0.502972 0.5
20.656592 4.3471103 0.2198636 -0.20101714 4.066135 0.5
11.672817 7.0920737 -0.51642042 -0.0025778685 3.026607 0.5
24.565511 14.094604 -0.0089575834 -0.20561242 6.171553 0.5
11.386033 17.056561 -0.037455355 -0.039533409 3.767955 0.5
1.7411615 11.069486 0.45300144 -0.014216062 5.349705 0.5
6.9226549 11.119349 0.15688395 0.074553007 3.28374 0.5
19.593277 2.9303113 0.41983241 0.18067674 1.964272 0.5
12.931008 1.4278346 -0.081139179 0.59655028 1.170799 0.5
14.601622 21.667135 0.087367356 -0.061106713 0.802835 0.5
18.352921 1.3235566 0.12067792 0.15649854 5.063896 0.5
22.315312 24.034901 -0.72181612 0.57232406 2.243796 0.5
3.3415568 15.463476 -0.51582747 0.20767826 5.270568 0.5
4.2740259 12.281655 -0.31725728 0.19812741 5.757172 0.5
6.3018926 20.717259 -0.3055604 -0.31298463 5.271397 0.5
3.9372292 10.562847 0.42826175 -0.16281074 3.151318 0.5
7.3051785 24.376678 -0.3481592 -0.36955719 0.221595 0.5
21.670326 4.8085708 0.028801789 0.10548796 1.510648 0.5
13.468802 23.908556 0.029604967 -0.23526044 5.29405 0.5
25.264643 16.743291 0.65075681 0.96938902 2.737677 0.5
1.5763747 18.439019 0.022876298 0.1736308 4.134415 0.5
11.374071 24.61397 -0.31572395 0.23201279 1.432456 0.5
19.104236 6.1517548 -0.44455162 -0.17430594 2.840655 0.5
4.3306163 19.883762 -0.4949043 -0.37542691 2.899005 0.5
16.593679 9.81233 -0.041376026 0.0012489044 4.137855 0.5
21.53847 20.120978 0.37559233 -0.050116071 1.992807 0.5
10.399961 26.587433 0.18053974 0.11834962 0.375558 0.5
5.2340959 11.301135 -0.5454632 -0.39265428 0.629977 0.5
6.0222045 7.0751133 0.77201155 0.11375997 5.301885 0.5
11.66178 9.5525941 -0.034200444 0.66245717 1.197725 0.5
14.620746 8.5159696 0.031855479 0.13078484 2.939026 0.5
25.65502 15.321508 -0.14643129 -0.014523244 3.912909 0.5
23.184427 6.7859842 0.16483796 -0.12570744 3.115045 0.5
6.8073382 9.7415344 -0.21573589 -0.28882493 1.662001 0.5
11.621505 18.181776 -0.5610874 0.42609844 0.131507 0.5
