# x y vx vy theta radius
9.5476424 10.270002 0.96175945 -0.76017655 3.9776541 0.5
7.5404924 17.390635 -0.0001895473 -0.00010590564 1.764168 0.5
25.172719 20.064842 6.6970004e-05 -0.0003471252 3.951996 0.5
9.4599956 6.6531932 -0.019291853 0.061706606 4.259518 0.5
5.2953647 3.9761063 -0.0039444295 0.025832896 1.882067 0.5
10.514501 5.6643421 -0.033096866 -0.00066445172 0.92276 0.5
11.451551 1.8140622 0.019399339 -0.0078778382 4.981497 0.5
25.302521 17.171796 -3.4916535e-05 -0.00049056429 0.663689 0.5
19.517931 3.2612737 0.02120016 -0.0087086462 4.599871 0.5
11.141614 15.757849 0.13528558 0.8023434 3.315122 0.5
16.374604 12.331278 0.0048547813 0.0005133372 5.224588 0.5
18.735859 20.60789 -0.013926008 0.05505582 4.739779 0.5
24.405586 15.078317 -0.00011975857 -0.00016835198 0.624425 0.5
17.716521 14.847809 -0.00072015175 -0.009978199 0.734434 0.5
15.66723 0.6605065 0.051253665 -0.064486028 4.989084 0.5
13.842171 16.778698 0.075969126 0.026427907 2.508867 0.5
16.43714 22.945274 0.0061886523 -0.0022911771 5.939565 0.5
15.195854 1.7082138 0.085801112 -0.056925226 0.028815 0.5
24.107505 8.3412081 9.7760532e-05 0.00013926573 3.449449 0.5
9.8346305 25.115581 0.025501798 0.0078541598 0.592282 0.5
19.700238 10.47133 0.00015059324 -7.2518246e-05 6.045768 0.5
12.259894 26.404482 -0.0039495809 -0.0054577587 0.890473 0.5
12.650633 4.1640874 0.028705051 -0.23681596 2.353219 0.5
13.102057 25.522942 0.017479223 0.015258043 1.672869 0.5
21.312906 3.1996506 0.0053511876 0.002627528 4.21507 0.5
23.934203 17.167357 0.048042021 -0.025961274 0.4829 0.5
21.119792 22.056924 4.8356593e-05 -9.4129815e-05 6.274711 0.5
18.391491 7.8696883 0.025546569 0.0041455802 1.301021 0.5
20.843031 8.4759236 5.6923129e-05 2.8204649e-05 3.538852 0.5
25.725534 10.014567 0.00035723366 -5.2484524e-05 1.72413 0.5
16.377577 2.0684698 0.0084897478 -0.0055556542 0.779811 0.5
19.520223 8.2256032 0.0020280995 -0.00095953355 1.209651 0.5
25.6709 12.174634 0.0003571193 -0.00068476524 5.377079 0.5
20.272342 2.2746737 0.011294145 -0.0090877671 3.122843 0.5
10.093184 13.675617 0.073811858 -0.12016534 4.105439 0.5
24.028443 20.181495 0.045437249 0.011378118 2.246795 0.5
23.583048 6.3723487 0.0046476585 0.0033088313 3.468535 0.5
14.652156 21.223538 -0.0178358 -0.011784257 5.532293 0.5
18.446017 5.9581208 0.0091103477 0.0037684823 0.531572 0.5
16.009146 6.4642443 0.040211837 -0.019596993 5.261584 0.5
21.803039 18.851231 -0.00082320509 -0.00045703138 0.040113 0.5
17.334915 3.9445408 -0.0021825036 0.010853735 4.576591 0.5
17.358203 25.601996 0.0042834333 0.0093269708 0.209824 0.5
12.227218 6.9096312 0.028185391 -0.030568161 1.770879 0.5
9.2779182 15.429052 -0.021611261 0.014218367 4.791815 0.5
16.496202 19.709203 0.013519894 0.0001439256 2.522673 0.5
17.868381 1.6757384 0.0062803214 -0.01389842 3.232151 0.5
10.459794 4.4946262 0.055169433 -0.072845738 0.943125 0.5
21.879078 21.072819 2.4180777e-06 0.00027278601 1.031271 0.5
23.343744 9.2545794 0.00038021294 -0.00018978542 1.523797 0.5
24.634771 5.8131043 0.00011460279 6.374864e-05 1.787492 0.5
12.750993 1.707543 -0.0039377375 -0.024907066 3.056837 0.5
10.770101 10.081512 0.56584222 0.14578183 3.332967 0.5
17.398451 5.533221 0.00050253645 -0.0021264183 3.889918 0.5
15.59566 22.158821 0.028954055 0.016978142 1.775857 0.5
19.440412 4.4445097 0.010579167 -0.0001170419 4.33857 0.5
20.975525 6.7856771 -0.0019544062 0.0075940941 2.652322 0.5
11.145804 14.523946 0.69969666 -0.12399395 1.360759 0.5
16.277848 13.633444 0.030345216 -0.027581707 1.350476 0.5
26.61029 18.356592 9.1187044e-05 -0.00058720899 3.139709 0.5
16.607647 7.465619 0.018057282 0.020192091 3.877928 0.5
17.396171 2.7831709 -0.0003951944 -0.0016277378 4.111005 0.5
10.270773 2.1256495 -0.057805004 -0.15120327 4.354529 0.5
18.993693 17.019113 0.02866163 -0.03037821 1.958136 0.5
2.8158807 14.50797 0.029984078 0.29911305 1.935129 0.5
15.298737 2.8958047 0.080662331 -0.020335781 0.983243 0.5
20.232141 24.899728 0.014531309 -0.0024094728 4.524452 0.5
10.009062 26.81321 0.012837303 0.0091132445 4.628506 0.5
5.5527048 5.5117876 -0.070572042 -0.0070660744 4.619789 0.5
17.650592 9.9794516 0.00083521678 0.0016401295 6.246698 0.5
21.066407 20.295114 0.0067526551 0.01696912 2.597917 0.5
17.544548 21.63896 0.01974114 -0.0094978321 5.540445 0.5
21.025097 17.833583 -7.0600387e-05 -0.00034720319 1.135786 0.5
11.231037 17.524682 -0.01007882 0.01750011 0.649744 0.5
9.943809 7.7967938 0.047551177 -0.0010237675 4.647872 0.5
23.131131 21.088367 0.00010448998 -0.00040591948 3.116928 0.5
10.555329 1.0433251 0.32121964 0.29703669 1.058365 0.5
4.7716822 6.3181165 0.048590325 -0.17993052 1.223223 0.5
3.956859 16.462727 0.097670568 0.050616828 6.185729 0.5
4.6949236 7.580783 -0.074085228 -0.012700737 5.03693 0.5
18.722122 21.838785 0.0053458334 0.040187499 0.158334 0.5
22.835907 19.931047 -0.0068853984 0.025228838 0.09489 0.5
13.463929 23.442946 -0.0014541371 -0.00078052782 3.182579 0.5
23.054696 4.2282541 0.0012520463 0.0037058912 5.999337 0.5
13.86915 1.8222166 0.011830346 0.010431188 0.712677 0.5
11.13723 8.8703117 -0.026782192 -0.10156101 1.70588 0.5
7.3026272 4.136771 -0.0083617817 -0.0081126866 5.092516 0.5
22.344372 7.2398946 -7.9540198e-06 -0.0001404778 0.506989 0.5
5.7819516 17.72938 0.0053605465 -0.018892926 4.452103 0.5
24.78034 21.785283 7.3245553e-05 3.4044344e-05 3.429354 0.5
10.362662 3.3331274 0.081434442 0.029839942 5.942963 0.5
19.403403 12.710322 0.0066473188 -0.0093080135 2.062723 0.5
22.617711 5.7201944 -0.00319879 0.0042855209 2.598321 0.5
12.37005 24.084681 0.00013087977 0.00087737653 6.159219 0.5
6.6660826 5.6423554 -0.037898654 -0.015336236 1.488917 0.5
4.0443336 18.027376 0.021811473 -0.008027536 1.927238 0.5
10.03413 11.967375 0.25015636 1.8661428 3.98558 0.5
17.355354 8.7865998 0.01157232 -0.0051041451 3.515453 0.5
21.501604 23.223265 0.0082882617 0.0024758709 3.362574 0.5
5.1220078 23.515966 0.0051578619 -0.0005200085 2.617045 0.5
12.331672 14.221095 0.16912312 0.25561642 4.416501 0.5
10.317206 19.922518 -0.0069606421 -0.028787295 2.357123 0.5
8.4519018 5.7952761 0.12617629 -0.0063458662 0.027213 0.5
13.083136 10.656361 0.073102031 0.015984399 3.270335 0.5
6.8291573 8.1107397 0.061521201 0.025155922 5.133302 0.5
11.460342 25.102013 0.011919203 0.014423701 4.163048 0.5
8.2244119 1.8875562 0.12345636 -0.036711869 3.93618 0.5
7.8394377 22.712983 0.0011790414 0.006961738 5.951127 0.5
22.768436 24.012365 0.00037389336 -0.00054028978 4.082451 0.5
11.333552 11.27251 1.2265343 -0.0372248 1.780305 0.5
18.677565 11.367452 0.033611486 -0.011826943 2.847882 0.5
6.2938223 10.394912 0.53153662 0.18945479 1.767937 0.5
12.390026 20.350073 0.00099750057 -0.023869257 0.00135 0.5
18.259645 4.6881634 0.010325969 0.00015686601 5.312468 0.5
5.5706328 19.89177 0.0036781455 -0.0029275301 0.320289 0.5
14.198571 15.045955 0.011859903 -0.0071773009 0.581132 0.5
12.538305 7.9756863 0.028508743 0.17952362 3.087421 0.5
14.004754 12.770489 0.059967837 0.065443033 3.560403 0.5
10.952841 24.086723 0.014882567 -0.0086863919 0.555117 0.5
10.961116 7.0133883 0.025400227 0.096924468 6.220608 0.5
8.7041392 26.263041 0.017495203 0.0033620726 5.652715 0.5
11.924067 0.79997375 0.20345394 -0.14899884 0.827952 0.5
22.116911 12.625981 0.0002462947 -0.00031618504 1.054048 0.5
17.599381 19.120946 0.0086111873 0.010905573 0.319962 0.5
12.029306 16.569581 -0.012834585 0.02071746 2.464344 0.5
15.250818 7.5549993 0.033844519 0.014045389 3.780782 0.5
19.923981 18.369362 0.026845389 -0.012866586 0.745414 0.5
13.299362 27.305945 -0.0051560539 -0.0044367058 3.348875 0.5
12.54255 22.647187 0.020206946 -0.01319321 5.365761 0.5
15.075736 23.202813 -0.0049322308 0.0061235141 0.445642 0.5
23.674047 16.002825 8.6230151e-06 0.00016139934 2.979068 0.5
23.795956 10.311143 -0.00010956739 -0.00012524165 2.813895 0.5
8.4057242 4.6553048 -0.024009437 -0.001071519 4.039246 0.5
20.544899 12.229011 0.0030898805 -0.00081995167 4.602055 0.5
16.849286 24.558105 0.0080825786 0.021912836 1.676583 0.5
6.2590253 4.5919837 -0.03887193 0.016099424 1.207935 0.5
16.077641 5.2314301 0.020600079 0.0036519019 6.164191 0.5
9.1177562 8.7610508 0.048296232 -0.027819046 1.491784 0.5
3.4143858 6.0941461 -0.08120933 -0.073260035 6.269379 0.5
19.103409 25.011446 0.0011047791 -0.026941452 0.35856 0.5
14.956206 16.138049 0.0079313503 0.02927145 0.326238 0.5
16.294555 20.817548 -0.01254014 0.012363933 1.608548 0.5
14.60491 9.0834396 0.022150448 0.015754792 2.616667 0.5
7.8641669 19.898034 -0.0042215476 -0.017458142 0.410672 0.5
18.93483 2.2835958 0.00083892024 0.0013288801 3.210668 0.5
9.9496743 16.968325 -0.011378916 0.012421527 0.309541 0.5
14.444439 19.559916 0.0057624824 0.014049413 1.761874 0.5
8.5693908 7.5191616 -0.0038230096 0.049681051 4.731547 0.5
11.530125 4.0190205 -0.15235877 0.026430353 0.313065 0.5
9.3223566 2.7670669 -0.16218257 0.011495508 0.087229 0.5
15.406363 10.083177 0.016559965 -0.0052892861 5.713071 0.5
16.530448 9.7894224 -0.0032406316 0.0032357541 0.34983 0.5
22.73272 17.740538 -0.0086355313 -0.014542783 2.015368 0.5
4.5855676 22.169578 0.0057603874 0.00082192892 0.42176 0.5
13.901651 8.0795561 0.053401239 -0.01789372 5.580866 0.5
21.871373 4.3360053 0.0086848452 -0.0038821858 4.066321 0.5
11.02965 21.101445 0.014320012 -0.00084034472 5.863794 0.5
24.020492 22.808515 0.00044337463 -0.00024656382 5.355125 0.5
9.2816691 3.9053087 0.014648274 0.03431276 5.404824 0.5
13.098881 11.804031 -0.035294004 0.064145963 1.361005 0.5
17.629693 26.867131 0.0016369353 -0.0099648427 5.19755 0.5
20.593419 4.3299079 0.00073922892 0.0049634406 5.853071 0.5
9.2473931 1.4374257 -0.059587044 -0.0049730233 2.830697 0.5
14.985577 25.985731 -0.0014519033 0.00052511998 3.251414 0.5
13.051942 2.9543481 0.0017080133 0.012652086 3.305262 0.5
14.927316 3.9943211 0.20278426 0.043083577 3.841898 0.5
21.376282 5.4410053 0.010222505 0.0051958175 4.917041 0.5
14.092519 22.300713 -0.01587713 0.025659299 1.726803 0.5
17.47234 11.945383 0.0033416518 0.015845874 2.534849 0.5
19.105096 15.719109 0.0067947267 0.0034689731 1.985571 0.5
16.12077 25.714024 0.0010991349 -0.0072562147 5.636684 0.5
14.799047 24.815875 0.0059342407 -0.013648033 0.642493 0.5
1.893131 11.271804 -0.041963183 0.092054981 5.796573 0.5
8.8636623 23.395814 0.0088285812 0.0035616042 4.738871 0.5
17.504634 15.979456 -0.0049256504 -0.00024347966 1.568073 0.5
14.260353 0.6088711 0.011656456 -0.033660963 2.749741 0.5
23.526272 13.580646 9.6982702e-05 3.613069e-05 1.171823 0.5
20.251057 22.797263 0.00064838639 -0.0031818001 2.226958 0.5
5.9645572 22.476904 0.00027650013 -0.0043862822 1.548545 0.5
9.0331886 21.840771 -2.5458519e-05 -0.0092025112 3.653333 0.5
20.353715 14.60024 0.014611626 -0.014674745 4.394256 0.5
9.5127878 5.1656192 -0.070335714 0.13837698 0.605652 0.5
7.4964837 25.362618 -0.0052762854 0.0057209657 3.106146 0.5
15.620066 11.436434 -0.0054900211 0.014526761 3.095002 0.5
13.090795 0.63259649 0.00067734192 0.00033773059 1.841384 0.5
9.0662482 20.372646 0.020759415 -0.011696087 6.034028 0.5
18.40429 3.5450536 0.0085665512 -0.004930388 1.857551 0.5
24.594125 11.826638 5.0402214e-05 0.00028343329 1.702664 0.5
17.435561 6.6997392 -0.0027309516 0.00025358241 1.16125 0.5
16.1472 18.368411 -0.011061825 -0.0076973867 4.720586 0.5
7.8784875 21.1636 0.022482338 -0.0061660085 0.205718 0.5
17.556636 23.071158 0.0021556233 -0.0037705874 5.820667 0.5
22.642241 22.882276 0.00020224032 -4.6337396e-05 3.894129 0.5
21.453366 15.544579 -0.003543668 -0.0045588651 3.074393 0.5
13.606231 17.917106 -0.018162985 0.036532335 0.467747 0.5
11.909335 2.8450213 0.15977614 0.023622626 5.60533 0.5
6.3983404 21.276723 0.0099981997 -0.012452171 6.227367 0.5
5.9295176 7.0030839 0.064368337 0.028275369 5.177094 0.5
18.396846 23.893897 0.0019036549 -0.0054484611 0.203779 0.5
20.716753 19.199848 0.040807657 0.0046768339 6.095105 0.5
18.082955 12.884552 0.026995358 -0.014640737 5.150288 0.5
15.690413 8.6171784 0.025033526 0.018731415 3.059892 0.5
20.040689 9.2969424 0.0028436701 0.0052312088 3.692189 0.5
20.220137 16.432773 0.0041092924 0.0047089211 3.246869 0.5
14.412445 10.67854 0.027087738 0.005542448 2.032293 0.5
10.204202 18.713106 -0.0017005883 -0.015912429 6.136396 0.5
13.368858 6.3463283 0.17409932 0.022609535 4.563161 0.5
21.01879 10.030685 -4.0261132e-08 3.9779387e-05 5.916686 0.5
17.528818 17.153998 0.0032047215 0.0012843564 1.344992 0.5
15.92629 16.901855 -0.024088325 0.010780846 3.633442 0.5
18.752246 26.267364 0.021452235 0.0090613545 2.78777 0.5
25.878555 8.8227239 5.885967e-05 0.00013262356 1.483056 0.5
14.185071 2.9637709 0.038661684 -0.00050573952 0.879468 0.5
11.085566 26.310306 0.0035539422 -0.01108733 4.923104 0.5
18.795585 9.1726597 -0.0017737842 0.0029412985 5.350229 0.5
16.360511 27.040854 0.0008248248 -0.0030606382 1.508644 0.5
11.413889 22.597903 0.020227965 -0.002423892 4.32761 0.5
25.260321 13.370828 -4.2044389e-05 0.00014519229 1.3724 0.5
25.881294 16.171014 8.6038907e-05 -0.0002838845 2.64206 0.5
6.9987763 3.0005152 0.031927805 0.067467368 2.466218 0.5
11.919585 5.3708084 0.029897162 -0.054643734 0.69625 0.5
6.2960762 23.573935 0.01380154 -0.011070523 0.502972 0.5
22.704641 14.921729 0.065331442 -0.033954834 4.066135 0.5
18.747435 19.257293 0.0035024339 -0.014825617 3.026607 0.5
22.41236 16.442297 -0.00020348128 -0.00013761971 6.171553 0.5
13.242023 5.1841724 0.15472627 -0.011584678 3.767955 0.5
3.7637098 8.4317945 0.016622203 0.070075317 5.349705 0.5
13.773156 4.0909018 -0.041967629 -0.011685668 3.28374 0.5
22.258833 8.4145583 -0.000261411 -4.6582866e-05 1.964272 0.5
8.5011851 24.59383 0.0083784923 -0.0018602989 1.170799 0.5
14.67251 6.6004681 0.55673933 0.093659518 0.802835 0.5
4.0336259 5.030508 -0.0006973203 -0.00062398808 5.063896 0.5
7.4635308 7.0410034 0.036114933 0.029853684 2.243796 0.5
12.350151 21.522077 0.022117077 -0.0044274518 5.270568 0.5
16.630719 10.927412 -0.00058068222 0.01535149 5.757172 0.5
19.23895 7.1322174 0.003439145 0.00012168898 5.271397 0.5
4.4151185 20.357663 0.018597239 -0.01239539 3.151318 0.5
16.339937 3.3961076 0.085904819 -0.066787113 0.221595 0.5
1.3288528 12.71051 0.0055049799 0.058835211 1.510648 0.5
3.1691583 20.445696 0.0094114172 0.014935028 5.29405 0.5
19.533974 23.916027 0.0097736811 -0.0017868409 2.737677 0.5
19.968065 20.044237 0.051332464 -0.023533081 4.134415 0.5
8.8799377 18.341561 0.020277744 -0.021191874 1.432456 0.5
14.422547 5.0212683 -0.012026922 0.0023013952 2.840655 0.5
13.509979 9.5394045 0.046689986 -0.054162809 2.899005 0.5
26.177106 14.438958 0.00017298654 -0.00046527203 4.137855 0.5
13.568275 20.912858 -0.021176557 -0.0028494965 1.992807 0.5
27.256118 15.290132 0.00019511899 -0.00028831628 0.375558 0.5
20.068917 5.5694836 -0.0034054074 0.012158017 0.629977 0.5
19.835066 21.350002 -0.001731235 0.026259306 5.301885 0.5
23.872095 18.38569 0.0002174242 3.8883641e-05 1.197725 0.5
12.116678 9.9695193 0.085032078 -0.058103505 2.939026 0.5
15.005236 27.322475 0.020832795 0.0060085668 3.912909 0.5
19.027458 14.184916 0.036311037 0.033025331 3.115045 0.5
8.1194541 3.2787776 0.0095471848 0.072274832 1.662001 0.5
16.850681 0.97621815 -0.00359242 0.0043455164 0.131507 0.5
