# x y vx vy theta radius
13.498597 16.16908 -1.4025118 0.86455786 2.7213531 0.5
5.4639667 13.85512 0.0033309326 -0.041300446 1.764168 0.5
23.630688 21.93182 0.031153892 -0.066333394 3.951996 0.5
6.0631055 8.4875951 0.00970057 -0.020188443 4.259518 0.5
2.9016935 6.5563034 0.0051977666 0.0028876218 1.882067 0.5
7.3255388 6.5913258 0.018361349 0.0087658266 0.92276 0.5
7.6666505 3.5174555 0.016846663 -0.0040911351 4.981497 0.5
24.263537 20.222657 -0.027788669 -0.078058521 0.663689 0.5
18.198858 2.9492655 8.0072401e-05 0.00086929668 4.599871 0.5
6.1093749 17.509819 -0.0052250801 0.0078778155 3.315122 0.5
6.6068942 13.29762 0.0055123726 -0.0024435326 5.224588 0.5
13.792717 22.320076 0.023188149 0.010425732 4.739779 0.5
23.362078 18.275113 0.02983099 -0.11427777 0.624425 0.5
7.9018557 13.787017 0.0035542817 -0.023769645 0.734434 0.5
12.290115 1.6632209 0.021387824 0.015119383 4.989084 0.5
8.3225536 15.109062 0.026013067 -0.00068544299 2.508867 0.5
11.439511 23.370244 -0.026077825 -0.05556654 5.939565 0.5
10.876861 2.69229 0.0095806652 -0.032245824 0.028815 0.5
20.407711 5.6747969 0.00014256421 0.0036225352 3.449449 0.5
5.6395219 24.405587 -0.033576266 0.033362774 0.592282 0.5
16.919765 14.069572 0.046662806 0.0061944662 6.045768 0.5
8.7790498 24.725695 -0.0065392202 0.064293872 0.890473 0.5
9.4038421 6.0070898 0.019288741 -0.01660775 2.353219 0.5
9.7673695 25.307225 0.019078393 -0.018515351 1.672869 0.5
19.222537 4.0759842 0.0014580351 -0.000162964 4.21507 0.5
20.277204 22.430186 -0.052481005 -0.061792037 0.4829 0.5
18.045626 21.926178 -0.032346254 -0.13942062 6.274711 0.5
13.4078 10.559685 0.013722809 -0.017160848 1.301021 0.5
18.058306 7.2981271 0.0031492751 -0.00023310038 3.538852 0.5
26.335054 9.0088408 -0.28062687 -0.03019224 1.72413 0.5
12.26078 2.7844445 7.2503055e-05 0.0051668286 0.779811 0.5
13.427711 11.683054 0.031705336 -0.0070521775 1.209651 0.5
24.637808 14.239899 -0.0047203522 -0.11440108 5.377079 0.5
17.137435 2.1077501 0.0062155343 0.0069960202 3.122843 0.5
1.8421234 13.231585 0.0093399381 -0.0087508419 4.105439 0.5
21.026213 24.197395 0.073300399 -0.018201743 2.246795 0.5
22.088107 5.420157 0.003575004 0.001727826 3.468535 0.5
9.9943955 20.397611 0.039555269 0.071386348 5.532293 0.5
14.221611 6.3544186 0.019788978 0.010412663 0.531572 0.5
11.125751 7.1770868 0.000917208 -0.0048936736 5.261584 0.5
21.623698 20.753484 -0.11652829 -0.21416318 0.040113 0.5
14.550015 4.2979442 -0.0011528048 -0.00055242526 4.576591 0.5
13.506577 23.882113 -0.007394571 0.014984514 0.209824 0.5
9.0081196 7.9937911 0.0095908215 -0.014613887 1.770879 0.5
5.6127837 16.239622 0.011006311 0.0048474541 4.791815 0.5
7.9763658 19.337688 -0.0064503762 -0.019299934 2.522673 0.5
14.588492 0.70178476 0.00070272592 0.0006675998 3.232151 0.5
6.2735719 6.1857039 -0.0013770865 0.01059671 0.943125 0.5
19.738209 23.426325 0.031467476 -0.095385415 1.031271 0.5
13.433743 8.4387224 0.029737628 0.0036653978 1.523797 0.5
22.857145 4.3426929 0.0031783502 0.0022510831 1.787492 0.5
8.5544179 2.6651998 0.0068837369 0.0028488898 3.056837 0.5
3.2326202 10.533487 0.0069894958 -0.013759154 3.332967 0.5
12.01573 6.3355318 0.016969199 -0.018463695 3.889918 0.5
12.713753 23.007818 5.1527605e-05 0.028931941 1.775857 0.5
16.787389 3.2288248 0.0091563918 -0.015287014 4.33857 0.5
14.881659 7.6092284 0.038279437 -0.0093997489 2.652322 0.5
7.119266 15.665374 0.03320236 0.006647049 1.360759 0.5
11.830388 13.231367 -1.3021033 -0.88636389 1.350476 0.5
24.982355 21.586202 0.16500785 0.13939876 3.139709 0.5
11.914812 7.9863277 0.021765954 -0.0083988587 3.877928 0.5
13.663513 2.5684395 0.0059623289 -0.00065087993 4.111005 0.5
6.7035899 4.1737975 0.0070654641 -0.0015753164 4.354529 0.5
7.2245215 20.203783 -0.061737501 -0.046492293 1.958136 0.5
0.9514684 11.327064 -0.0014191384 -0.0047312787 1.935129 0.5
12.983994 3.9436002 0.013752735 0.00049797226 0.983243 0.5
16.924433 25.132564 0.13486777 0.012202652 4.524452 0.5
8.8780661 26.296348 0.031325142 0.024281482 4.628506 0.5
1.2558166 9.9002545 0.0051443629 -0.014177415 4.619789 0.5
10.988047 11.989092 0.016485375 -0.0017678126 6.246698 0.5
16.718645 22.737261 0.074198382 -0.11195491 2.597917 0.5
14.326519 24.746144 -0.0028369935 0.0033556491 5.540445 0.5
14.201411 18.714094 0.00033664749 -0.10027872 1.135786 0.5
6.8445595 18.858148 -0.039734299 0.0090336906 0.649744 0.5
4.1849908 11.295462 0.0029856883 0.0057940636 4.647872 0.5
22.579649 24.15811 0.019978364 0.081201575 3.116928 0.5
7.4461765 2.4063992 0.0094041395 -0.0036291249 1.058365 0.5
1.6827773 8.7144144 -0.0035472318 0.015397666 1.223223 0.5
2.1381721 14.533446 0.015664313 -0.0047164315 6.185729 0.5
2.3743721 9.6770387 0.0016038539 -0.010318156 5.03693 0.5
12.88717 21.489339 0.15293868 0.17746727 0.158334 0.5
16.39254 21.149786 -0.078801286 -0.15630984 0.09489 0.5
11.504281 21.647065 -0.070123328 0.2535426 3.182579 0.5
21.86256 3.2007071 0.008771154 0.0060721857 5.999337 0.5
9.711654 2.7591495 0.013298851 -0.017638896 0.712677 0.5
4.8384196 10.279251 0.0081877754 0.0032869998 1.70588 0.5
4.0657613 6.5153302 -0.0028880904 -0.01083639 5.092516 0.5
19.237345 8.0503693 -0.050868191 -0.059158177 0.506989 0.5
3.0247636 19.067521 -0.0022868039 -0.012995756 4.452103 0.5
21.985641 22.878185 -0.012573976 -0.090110107 3.429354 0.5
7.0800761 5.4027555 0.0084871581 0.009564184 5.942963 0.5
14.087494 17.565874 -0.12856236 -0.17720601 2.062723 0.5
17.835299 5.8876192 0.0067161977 0.011765767 2.598321 0.5
10.385254 23.72434 -0.013066841 -0.054173058 6.159219 0.5
3.6462372 9.4759296 -0.010148158 -0.0078317983 1.488917 0.5
1.772591 15.637031 0.0035631507 -0.0093211973 1.927238 0.5
0.60300396 13.673405 0.0030049564 -0.014305383 3.98558 0.5
12.489233 9.389316 0.0063091538 -0.0068657467 3.515453 0.5
18.124715 25.80248 0.041703559 0.020142689 3.362574 0.5
1.8638285 18.874174 0.0012730382 -0.001925684 2.617045 0.5
4.2507467 13.713494 0.0071031288 0.0027655798 4.416501 0.5
4.3084445 19.513993 0.0065512673 0.008201483 2.357123 0.5
5.1947187 6.7516713 -0.0031836678 -0.012420792 0.027213 0.5
7.7229311 10.205541 0.010419394 0.0036907548 3.270335 0.5
3.108287 11.672222 0.0078624833 0.0062354098 5.133302 0.5
7.5665907 24.624548 -0.13886001 -0.0081187662 4.163048 0.5
4.5302184 4.5281541 0.013933798 -0.011038886 3.93618 0.5
4.178195 18.348132 0.0055737209 -0.0058980625 5.951127 0.5
17.710517 26.879531 -0.0096363486 -0.016483283 4.082451 0.5
4.1661718 12.465551 0.020146063 -0.0039642994 1.780305 0.5
14.902742 11.504211 0.0020041661 -0.0013565693 2.847882 0.5
3.0042878 13.25291 -0.00047943482 0.0048221374 1.767937 0.5
3.5306181 20.524068 0.0046149275 0.0021113429 0.00135 0.5
13.089089 5.7736931 0.0072819934 -0.013215221 5.312468 0.5
2.2329118 16.75628 0.007345491 -0.013552534 0.320289 0.5
5.8359101 15.034491 -0.0036577812 0.0050565357 0.581132 0.5
6.5264572 10.683125 0.013566736 -0.012755598 3.087421 0.5
6.9495951 14.556713 -0.11408892 0.11651403 3.560403 0.5
4.8291829 23.601215 0.0051072138 -0.032650604 0.555117 0.5
7.6789163 7.7796198 -0.00076333608 0.0028792909 6.220608 0.5
7.7409408 25.762509 -0.088488309 0.0015513431 5.652715 0.5
9.0742721 1.5598661 0.0084061284 -0.0088429283 0.827952 0.5
15.230399 17.845141 0.002367495 0.1944696 1.054048 0.5
7.6092943 21.501197 -0.089317856 0.067148936 0.319962 0.5
5.4161825 11.348178 -0.025680237 -0.034488571 2.464344 0.5
8.4632334 9.0211648 0.014679278 0.00059813448 3.780782 0.5
11.309276 18.166431 -0.054521674 -0.019534586 0.745414 0.5
10.065319 26.821405 0.030637196 -0.079144327 3.348875 0.5
8.8946622 23.599737 -0.031210604 -0.051683068 5.365761 0.5
10.965855 24.699683 0.034087176 0.0198066 0.445642 0.5
10.139724 16.998501 0.0011157314 0.005740454 2.979068 0.5
21.681428 10.152682 0.013317902 0.0043630136 2.813895 0.5
4.6499278 7.7442881 0.001418998 0.0052546672 4.039246 0.5
16.520826 11.088853 0.033542955 -0.0076874561 4.602055 0.5
13.703297 25.873158 0.029771082 0.082051844 1.676583 0.5
3.5180869 7.6415841 0.0080308144 -0.0014994238 1.207935 0.5
10.772569 4.9665871 0.020710434 0.0002530536 6.164191 0.5
2.0393175 10.906068 -0.00044614991 -0.017586168 1.491784 0.5
0.81911135 12.513631 -0.0045618214 -0.0039875269 6.269379 0.5
16.181678 27.233297 0.05223223 0.075600276 0.35856 0.5
7.1514123 16.932548 0.0014886375 0.013905753 0.326238 0.5
11.7135 20.530307 -0.29511394 -0.11067499 1.608548 0.5
10.865888 10.836713 0.018525232 -0.0062959425 2.616667 0.5
5.3158543 18.628961 0.0088732494 -0.015944356 0.410672 0.5
16.619791 0.93799202 0.0062429932 0.00056209368 3.210668 0.5
4.5771072 14.996918 0.0092109004 0.00052499889 0.309541 0.5
6.6753828 23.823676 -0.013438153 0.0035396747 1.761874 0.5
5.9014814 9.6360881 0.0011448194 -0.0025968164 4.731547 0.5
8.1521961 5.7878028 0.0094110702 -0.0046255135 0.313065 0.5
5.444981 3.8486212 0.012234601 -0.0059967011 0.087229 0.5
9.747141 11.54485 0.017864411 -0.0063283517 5.713071 0.5
12.013318 10.665817 0.019832891 -0.0053468176 0.34983 0.5
18.185087 20.792917 -0.032842211 -0.14702776 2.015368 0.5
3.5076826 17.18349 -0.0014399104 0.005173435 0.42176 0.5
7.0393898 9.277669 0.020617047 0.0012512864 5.580866 0.5
20.224587 2.5426854 -0.00073650378 0.0076912225 4.066321 0.5
3.9660342 22.708153 0.004167654 -0.0039385615 5.863794 0.5
20.682211 25.512129 0.061291019 -0.010760062 5.355125 0.5
5.9043568 5.0763589 0.027082194 -0.0084117871 5.404824 0.5
7.7563469 12.435788 0.02218736 -0.011527093 1.361005 0.5
14.901758 27.032461 0.043843541 0.063934785 5.19755 0.5
19.027694 5.3134648 0.013880175 -0.0016834119 5.853071 0.5
6.4522181 3.0477147 0.0030713089 -0.010491781 2.830697 0.5
12.698822 25.353408 -0.05071983 -0.058032647 3.251414 0.5
9.0211191 3.7161363 -0.0024274631 -0.002742832 3.305262 0.5
11.712505 3.8388361 0.033480609 -0.013297408 3.841898 0.5
20.875872 4.1387067 0.0018489925 0.0017041247 4.917041 0.5
10.075337 22.498247 -0.11663014 0.066898297 1.726803 0.5
10.266702 13.008533 0.014304199 -0.064757974 2.534849 0.5
12.22521 12.072988 0.10322584 -0.2997018 1.985571 0.5
13.712628 27.281325 -0.089020723 -0.073934841 5.636684 0.5
11.571178 25.914124 0.057869382 0.019953786 0.642493 0.5
0.91167915 14.88279 -0.0021762581 -0.017684466 5.796573 0.5
6.5643569 25.159209 0.0071206274 0.0050530089 4.738871 0.5
10.211984 18.564131 -0.003275899 -0.11009636 1.568073 0.5
11.294457 1.0198528 0.011150445 -0.010928755 2.749741 0.5
14.462944 10.119854 0.022552398 0.0035776704 1.171823 0.5
16.52276 24.127481 -0.10897849 0.52433848 2.226958 0.5
4.9522954 20.937007 0.0055574889 -0.0035646805 1.548545 0.5
5.0565265 22.320068 0.0070488677 0.0012490029 3.653333 0.5
9.2274296 18.063441 -0.17618629 -0.15313069 4.394256 0.5
6.5978829 7.4670761 0.011590402 -0.0028375567 0.605652 0.5
6.0277951 22.89997 -0.047791217 -0.0090262488 3.106146 0.5
8.9957631 10.611739 0.012951827 0.0082382484 3.095002 0.5
10.266896 1.658866 -0.00017584299 0.0082353931 1.841384 0.5
6.2361598 21.689825 0.0088687397 0.0088971405 6.034028 0.5
14.746083 1.9684475 0.0032784045 0.0018208201 1.857551 0.5
22.940548 15.069589 0.082635438 -0.064646446 1.702664 0.5
13.190723 7.1692438 0.010144058 0.0063464857 1.16125 0.5
9.2892272 19.283863 0.0013777071 -0.012750702 4.720586 0.5
4.2746977 16.082445 -3.3417714e-05 -0.0013027542 0.205718 0.5
12.378241 24.140821 0.038397601 -0.034925491 5.820667 0.5
19.273145 25.023872 -0.0029612078 0.034287934 3.894129 0.5
16.435561 18.268764 0.19456774 -0.019089273 3.074393 0.5
8.8651172 20.403877 -0.17301712 0.0098713222 0.467747 0.5
8.2705214 4.6596822 0.0082801099 -0.00074551844 5.60533 0.5
1.3712272 17.844232 -0.0011298405 -0.003516456 6.227367 0.5
2.8435955 8.6373568 -0.0099388812 -0.0045890094 5.177094 0.5
14.828017 25.762237 0.01196561 -0.014814862 0.203779 0.5
15.388732 22.30931 -0.01118004 -0.093647546 6.095105 0.5
5.863726 20.039942 0.01018338 0.012298951 5.150288 0.5
11.216207 9.1977512 0.014158547 -0.0048541289 3.059892 0.5
16.610709 5.6957149 0.00088102822 0.00091961758 3.692189 0.5
14.544045 20.082142 0.0050740427 -0.039566799 3.246869 0.5
6.5234072 12.093996 0.042514582 -0.02836314 2.032293 0.5
4.9204024 17.211255 0.01446358 0.0014430851 6.136396 0.5
9.8401944 9.5452961 0.0035961733 0.0054470815 4.563161 0.5
16.781373 8.5034676 0.032943907 -0.011043074 5.916686 0.5
13.167081 19.417133 0.00096627571 -0.011826726 1.344992 0.5
8.6116056 16.480231 0.015648611 -0.0035365417 3.633442 0.5
15.889775 26.152553 -0.062176481 0.025729805 2.78777 0.5
22.293909 6.7574336 0.14844828 -0.11417266 1.483056 0.5
10.284549 3.7330248 0.0061449528 -0.0076323676 0.879468 0.5
7.2616623 22.856453 -1.6019367e-05 -0.0091480709 4.923104 0.5
14.551895 12.851381 0.0054576172 -0.027122298 5.350229 0.5
12.628071 26.512151 -0.048007514 -0.077731943 1.508644 0.5
8.3339135 22.522323 -0.011406568 -0.024779147 4.32761 0.5
25.521342 16.769042 -0.14835329 -0.10691458 1.3724 0.5
25.41664 17.880475 -0.074176116 -0.25745209 2.64206 0.5
3.7344213 5.4093787 0.00099135052 -0.015019959 2.466218 0.5
8.5994424 6.9188989 0.0018463763 -0.0058113849 0.69625 0.5
3.4828871 21.665048 0.0048259348 -0.0022822478 0.502972 0.5
11.463124 16.439783 -0.80644078 -0.10425046 4.066135 0.5
10.841529 19.652694 -0.077335744 -0.099476337 3.026607 0.5
22.053884 18.851805 -0.044874129 0.0015594316 6.171553 0.5
9.9172244 7.0499931 0.019599235 -0.00041915409 3.767955 0.5
1.8684255 12.097329 0.0057523138 -0.0052451722 5.349705 0.5
9.6644637 4.7262771 0.020036947 -0.0080573243 3.28374 0.5
20.017065 6.7491857 0.0051574557 0.0020799003 1.964272 0.5
2.1449188 20.19475 0.0027162269 0.0045961195 1.170799 0.5
10.379688 8.3171873 -0.0022177317 -0.013671428 0.802835 0.5
2.2768135 7.6409716 0.0065076589 -0.0025855368 5.063896 0.5
4.7365491 9.154321 0.0031686204 -0.011649665 2.243796 0.5
9.3429306 21.563671 -0.024285838 0.075171558 5.270568 0.5
8.9930513 13.197343 0.01965163 -0.063277309 5.757172 0.5
15.361118 5.9098706 0.00048310383 0.0090019128 5.271397 0.5
2.5612187 17.958076 0.0027779277 -0.0031898393 3.151318 0.5
12.118055 5.1615474 0.015855978 0.0077543297 0.221595 0.5
0.80482472 16.270478 -0.001782338 -0.012465659 1.510648 0.5
3.0424397 15.619321 -0.0001830973 0.002819003 5.29405 0.5
15.750841 24.898367 -0.096687549 0.0065751509 2.737677 0.5
15.450343 23.611426 0.014666108 0.010698482 4.134415 0.5
3.2663593 14.49885 -0.0018399472 -0.011312704 1.432456 0.5
10.572238 6.1228407 0.013871267 -0.025073837 2.840655 0.5
7.8976892 11.314549 0.007049345 -0.0079835395 2.899005 0.5
12.618844 18.320952 0.012398382 -0.12114388 4.137855 0.5
7.671274 17.958022 -0.0086209135 -0.002141724 1.992807 0.5
25.777874 20.253121 -0.033511811 -0.14726681 0.375558 0.5
15.885667 4.7028775 0.0024655306 0.0035979344 0.629977 0.5
17.786135 23.718872 -0.035105948 -0.014729717 5.301885 0.5
20.294052 20.70049 0.029127203 -0.035976794 1.197725 0.5
5.32184 12.610863 0.011399793 -0.0015903572 2.939026 0.5
11.510952 27.161762 -0.14645387 0.021186092 3.912909 0.5
9.8247715 15.275155 -0.0030950498 -0.085218103 3.115045 0.5
4.9190551 5.6434729 0.011835746 0.0037853153 1.662001 0.5
13.133929 0.81093688 0.011540305 0.007200574 0.131507 0.5
