# x y vx vy theta radius
11.621791 3.1561877 -0.44409753 0.34901987 5.0964903 0.5
5.970742 19.294792 0.0097844074 0.0075390961 1.764168 0.5
25.955801 19.735002 -0.041853005 -0.012022833 3.951996 0.5
3.0835684 10.747816 0.017967965 -0.012614176 4.259518 0.5
4.1238013 7.2314948 0.019750375 0.057366879 1.882067 0.5
7.041409 9.1528338 0.026450816 0.13631877 0.92276 0.5
8.9855134 4.5926461 -0.19994248 0.23816595 4.981497 0.5
25.964683 17.431435 0.033524342 0.01576837 0.663689 0.5
21.838325 5.1485238 0.017951844 0.049628633 4.599871 0.5
13.460897 17.134279 -0.010389551 0.045907122 3.315122 0.5
17.680913 13.368418 -0.060831333 0.022272102 5.224588 0.5
19.530043 19.381269 -0.056059199 0.049063952 4.739779 0.5
26.189206 14.898505 0.026194521 -0.00059379904 0.624425 0.5
18.770696 16.272953 -0.051575833 0.00054765681 0.734434 0.5
16.709641 3.2035376 0.0093109367 -0.03708113 4.989084 0.5
9.6993774 16.048167 0.0023233189 -0.012157668 2.508867 0.5
16.408784 23.256811 -0.006696653 -0.0048583599 5.939565 0.5
15.359925 4.2827456 -0.11407446 0.001554217 0.028815 0.5
26.592768 9.3564818 0.018252808 0.084078865 3.449449 0.5
9.5367044 23.159188 0.0027994713 -0.0036139149 0.592282 0.5
22.010375 12.262247 0.0025428878 0.0095434648 6.045768 0.5
13.736664 24.449496 0.0015601835 -0.0051214483 0.890473 0.5
11.972962 5.9751288 -0.57498845 0.54562413 2.353219 0.5
16.038508 25.944503 2.4377843e-05 -0.00062661231 1.672869 0.5
23.862136 6.4157759 0.015570455 0.034507298 4.21507 0.5
24.813898 17.689317 -0.032023546 0.064313392 0.4829 0.5
22.479989 21.911342 -0.0052549555 0.0018785771 6.274711 0.5
20.528823 9.6877617 -0.045457544 0.065772628 1.301021 0.5
23.079645 10.009669 0.0061060272 0.056865535 3.538852 0.5
27.007373 11.948345 0.02868398 0.10535766 1.72413 0.5
19.600207 1.8658632 0.37989554 0.54712713 0.779811 0.5
21.778566 9.4662025 0.028632361 -0.045712661 1.209651 0.5
27.357133 13.035034 -0.054944079 -0.033445259 5.377079 0.5
23.046756 4.6313852 0.034240358 0.039863925 3.122843 0.5
14.038822 14.235844 -0.030000429 0.045846428 4.105439 0.5
24.695177 19.556915 0.015477969 0.018436327 2.246795 0.5
25.409938 8.9067216 0.0035982639 0.012067429 3.468535 0.5
16.494179 21.481954 -0.0023751839 -0.0055531313 5.532293 0.5
19.74995 6.9450536 -0.014368798 -0.034295932 0.531572 0.5
15.995628 6.964538 -0.07107824 0.11172906 5.261584 0.5
23.978681 18.456946 0.0087074026 0.027523206 0.040113 0.5
19.099395 4.3942575 -0.036703291 -0.076432111 4.576591 0.5
20.123887 24.885939 0.0011116747 0.0025403539 0.209824 0.5
11.997723 7.1567316 0.0032955492 0.11263965 1.770879 0.5
3.2274572 14.469792 0.0055854057 0.0027169593 4.791815 0.5
18.520411 18.840429 -0.0026844232 0.00034581861 2.522673 0.5
20.891717 2.8179575 -0.063896329 -0.026400826 3.232151 0.5
9.6138411 8.5141869 0.046628727 0.020573077 0.943125 0.5
22.684135 20.611695 -0.0030338664 0.041853371 1.031271 0.5
25.71851 10.120408 -0.021394066 0.024221023 1.523797 0.5
25.771995 7.6928892 0.15590923 0.06715926 1.787492 0.5
9.7475525 2.8874894 -0.33626454 -0.060993296 3.056837 0.5
8.1025772 15.301735 -0.00083234751 0.0018166285 3.332967 0.5
17.850229 5.9863711 -0.039734108 -0.041963135 3.889918 0.5
17.304421 22.277856 -0.0040027215 -0.0037496661 1.775857 0.5
21.18436 6.092302 0.021766993 0.017161189 4.33857 0.5
21.064981 8.6078624 -0.0070315871 0.020617237 2.652322 0.5
9.7727202 12.660606 -0.018982189 0.026903692 1.360759 0.5
21.545736 14.50951 0.030108996 0.020687071 1.350476 0.5
26.633231 18.396224 -0.036531987 0.012502432 3.139709 0.5
19.067748 9.7248575 -0.070691644 0.1450399 3.877928 0.5
20.245767 3.9257387 0.00050899868 -2.565459e-05 4.111005 0.5
7.7518367 5.1651373 -0.48946744 0.34120199 4.354529 0.5
21.098887 17.315955 -0.043008296 -0.0066135683 1.958136 0.5
1.2301419 16.569803 -0.016020609 0.019019555 1.935129 0.5
10.438442 3.9183249 -0.11937829 0.083264637 0.983243 0.5
22.778186 23.63257 -0.021292633 -0.011786171 4.524452 0.5
10.07837 26.526601 -0.0017620281 0.00051555847 4.628506 0.5
6.6357966 7.9032758 -0.07826293 0.0049219956 4.619789 0.5
20.791073 11.031533 -0.014478609 0.11247704 6.246698 0.5
21.96795 19.6626 -0.023145366 0.0070529794 2.597917 0.5
18.558042 22.272644 -0.0076891378 -0.0019094447 5.540445 0.5
22.33754 17.173497 -0.0056896444 0.0015122959 1.135786 0.5
10.850724 19.559002 0.010284852 0.0052910528 0.649744 0.5
5.1835918 13.740444 0.027947544 0.0090774918 4.647872 0.5
23.808114 20.3927 0.029053682 0.030504761 3.116928 0.5
9.5328964 1.3655677 -0.10126873 0.033301174 1.058365 0.5
2.2107631 13.960496 0.0017619621 0.018937606 1.223223 0.5
2.5222168 16.851824 0.0016271096 -0.0056665955 6.185729 0.5
1.0000956 10.824607 -0.010356719 0.0028766859 5.03693 0.5
19.201129 23.973625 -0.0042937902 -0.00010111409 0.158334 0.5
23.323282 19.368348 -0.031152518 0.057552952 0.09489 0.5
13.624899 21.305382 -0.0035204116 -0.0081474483 3.182579 0.5
24.949518 6.9162142 -0.041584791 0.078656664 5.999337 0.5
10.732837 2.5267437 -1.1719018 -0.78875064 0.712677 0.5
10.075662 9.8802548 0.02820947 0.14164646 1.70588 0.5
4.0958671 5.3398307 -0.11042606 0.082244569 5.092516 0.5
23.212324 8.605676 -0.0374634 0.067191111 0.506989 0.5
3.1182177 18.0743 -0.0044610364 0.0037653078 4.452103 0.5
25.479313 20.954817 -0.0042620627 0.0014745338 3.429354 0.5
9.0496161 6.0291933 -0.12726465 0.16585534 5.942963 0.5
21.646664 13.381078 -0.093122203 0.080424909 2.062723 0.5
24.461149 8.27641 0.041800734 0.029215417 2.598321 0.5
11.623896 24.680672 -0.0027378544 -0.0025305389 6.159219 0.5
4.4585794 8.3185691 -0.0076008109 0.23440389 1.488917 0.5
2.4295896 19.263801 -0.0075321974 0.0096351006 1.927238 0.5
5.9025988 15.81599 0.0012814371 0.0011861404 3.98558 0.5
19.66854 11.076073 0.068280396 0.059532023 3.515453 0.5
21.770315 22.867187 -0.0026346858 -0.0010101112 3.362574 0.5
4.8307558 21.875078 0.034775725 -0.0023326986 2.617045 0.5
16.028134 16.344582 -0.0057732441 0.060481211 4.416501 0.5
11.259583 17.417986 -0.0075252741 -0.01780927 2.357123 0.5
6.4997061 6.7328739 -0.055684835 0.016656119 0.027213 0.5
12.291 11.608353 -0.10711645 0.25262158 3.270335 0.5
5.788689 11.11815 -0.033717277 0.062433262 5.133302 0.5
10.760912 25.617185 0.0014351875 -0.0041549336 4.163048 0.5
6.4427305 2.9163581 -0.085541396 -0.010416994 3.93618 0.5
8.4699517 22.422794 0.012044567 -0.014984177 5.951127 0.5
23.84955 22.656727 0.0092324224 0.00076147004 4.082451 0.5
16.095765 13.271546 -0.074718158 0.067880932 1.780305 0.5
19.083373 12.095885 -0.092404634 0.10822363 2.847882 0.5
4.3683559 11.328366 0.0020233941 -0.0034493041 1.767937 0.5
12.283649 19.400146 -0.00046992275 0.00069563349 0.00135 0.5
19.537573 5.598808 -0.0079189571 -0.0083481399 5.312468 0.5
4.203164 19.246702 -0.0069237231 -0.022308922 0.320289 0.5
18.723308 15.132683 -0.010758029 0.011075125 0.581132 0.5
11.008334 8.0308715 0.060923007 0.17802518 3.087421 0.5
19.083694 13.222694 0.010473744 0.035296077 3.560403 0.5
9.8198193 24.328024 -0.0019693868 -0.0030690625 0.555117 0.5
8.2628776 8.675556 -0.062036917 0.15026702 6.220608 0.5
9.0953206 25.854548 -0.006003391 -0.0012250977 5.652715 0.5
10.777342 1.1465376 -0.031040767 0.031830597 0.827952 0.5
24.426807 13.325985 0.068214978 0.0043879438 1.054048 0.5
20.312352 18.330477 0.012459333 0.020945391 0.319962 0.5
17.187969 18.37108 -0.00038050584 -0.0029384852 2.464344 0.5
16.929806 8.1212475 -0.05448497 0.057775565 3.780782 0.5
21.689807 18.494259 -0.025572572 0.03660294 0.745414 0.5
12.993389 26.136852 -0.00059364314 -0.003322839 3.348875 0.5
12.361946 23.824632 -0.00028691055 -0.0016117823 5.365761 0.5
15.232617 22.753951 -0.0055842173 -0.0036075715 0.445642 0.5
25.937896 16.11424 -0.012754801 0.027341257 2.979068 0.5
25.609424 11.441186 -0.00089658994 0.1050548 2.813895 0.5
7.7713906 7.6703175 0.015133783 0.16671505 4.039246 0.5
24.064728 12.177457 -0.04234145 0.077404464 4.602055 0.5
18.440752 25.25525 -0.0019875784 -0.0056100208 1.676583 0.5
5.4850255 7.4230086 0.064732208 0.18169595 1.207935 0.5
16.697949 5.5390214 0.017351649 -0.040370776 6.164191 0.5
6.2773756 12.33809 0.0012851918 0.0037766973 1.491784 0.5
3.2154132 9.5258332 -0.00052303087 -0.0096826899 6.269379 0.5
21.182696 25.293436 -0.0073204639 0.013612312 0.35856 0.5
19.450319 17.60549 -0.018423212 0.0089391315 0.326238 0.5
19.657016 21.855417 -0.0056013708 -0.0015929748 1.608548 0.5
17.649006 8.9989528 0.0097296196 0.11074115 2.616667 0.5
7.9735524 19.407466 -0.00024262015 -0.00081554953 0.410672 0.5
21.945127 4.0054074 0.024890971 0.016122577 3.210668 0.5
7.934721 12.122588 0.0087942895 -0.010760872 0.309541 0.5
17.173071 19.671429 -0.0060876137 -0.00034927552 1.761874 0.5
3.5879133 13.168717 0.0042862139 -0.012920856 4.731547 0.5
10.981991 6.436356 0.0062819617 0.17742813 0.313065 0.5
7.9785168 3.2780206 0.020051472 -0.0035286424 0.087229 0.5
16.937886 14.36312 0.14128236 0.25135872 5.713071 0.5
17.027849 12.046785 -0.15218977 0.079027693 0.34983 0.5
23.637138 17.291063 0.002469023 0.017982516 2.015368 0.5
4.1010457 20.590204 -0.0062952905 0.0020139067 0.42176 0.5
15.317923 10.666944 -0.018785546 0.0078819151 5.580866 0.5
23.612083 7.5256585 0.0086025368 0.10761338 4.066321 0.5
9.2701562 19.972518 0.0086716453 -0.015157121 5.863794 0.5
24.819867 21.919082 -0.042631738 0.065997228 5.355125 0.5
7.6438448 6.523664 0.023648289 0.006053878 5.404824 0.5
19.88779 14.888193 -0.018437474 0.053052118 1.361005 0.5
18.573881 26.434943 -0.0014787667 -0.0026322108 5.19755 0.5
22.691911 6.302656 0.017350121 0.099565013 5.853071 0.5
8.2609719 1.8714361 -0.16728105 0.064670154 2.830697 0.5
15.182533 24.974617 -0.00068246992 -0.0017264075 3.251414 0.5
13.245249 6.2092435 0.28864351 0.99049257 3.305262 0.5
17.355604 4.2489207 0.097806576 0.31563604 3.841898 0.5
22.242081 7.7027278 0.066162398 0.064565287 4.917041 0.5
13.093993 20.312551 -0.0088899108 -0.0022049111 1.726803 0.5
20.136981 13.79251 -0.060801004 0.01393591 2.534849 0.5
21.86304 16.144466 -0.03694763 0.023800505 1.985571 0.5
16.49567 24.375673 0.0026894943 -0.0028576484 5.636684 0.5
13.397587 23.34043 -0.0074807966 -0.0043170532 0.642493 0.5
0.65933713 14.525373 0.01641775 0.012115894 5.796573 0.5
8.2729995 24.747361 0.004984259 0.013064617 4.738871 0.5
17.492897 15.944543 -0.083973894 0.047745649 1.568073 0.5
15.631744 2.3384933 -0.1393136 0.28779055 2.749741 0.5
25.234016 14.112016 0.02754447 0.023860285 1.171823 0.5
20.89514 21.909259 -0.0058829997 -0.001064511 2.226958 0.5
6.1327603 23.916573 -0.016878919 -0.00085963546 1.548545 0.5
9.7464296 21.507297 0.013609815 -0.0019266821 3.653333 0.5
22.630958 15.08571 -0.0082441646 0.00040558303 4.394256 0.5
7.3528696 10.761457 -0.04552085 0.031950793 0.605652 0.5
7.7630449 23.456907 0.005718737 -0.0008216357 3.106146 0.5
20.754448 12.312732 -0.079352812 0.016397259 3.095002 0.5
12.545579 1.3288021 -0.15876815 0.14032041 1.841384 0.5
8.1202932 21.06589 -0.0045888108 -0.0061297425 6.034028 0.5
20.670323 5.0427951 -0.036918855 0.012446992 1.857551 0.5
25.679756 12.653102 0.0059606086 0.11073935 1.702664 0.5
18.516733 7.6848402 -0.038411077 0.063847771 1.16125 0.5
18.220042 20.605939 0.00097952259 -0.0032110766 4.720586 0.5
7.2076033 22.293497 -0.0056452049 0.0062737997 0.205718 0.5
18.060981 23.741425 -0.0027640392 0.0004814855 5.820667 0.5
23.586024 21.564935 0.00056786954 0.0023273277 3.894129 0.5
23.804146 14.892752 -0.065853927 0.1324339 3.074393 0.5
17.554214 17.11968 0.0027419597 -0.0049554789 0.467747 0.5
10.030725 5.0023518 0.13204609 0.12097203 5.60533 0.5
6.3582905 20.829155 -0.0012603303 -0.0034766356 6.227367 0.5
5.4080192 5.5740389 -0.16336087 0.10333666 5.177094 0.5
21.722961 24.131954 -0.009149219 -0.006965224 0.203779 0.5
22.860023 18.236804 -0.027709075 0.047676863 6.095105 0.5
23.007364 12.776246 0.028483701 0.0010231109 5.150288 0.5
18.113561 11.448993 0.0071705392 0.084467363 3.059892 0.5
24.373802 10.734108 -0.03579032 0.037996983 3.692189 0.5
23.532102 16.022104 -0.061735688 0.025942682 3.246869 0.5
15.789865 8.7755372 -0.076392324 0.040142381 2.032293 0.5
5.0270287 17.309333 -0.015604483 -0.0074724244 6.136396 0.5
12.471257 8.4619537 0.0047647469 2.5755019e-05 4.563161 0.5
23.104907 11.378985 0.02927161 0.051075394 5.916686 0.5
20.853839 15.477482 -0.065753165 0.11319002 1.344992 0.5
19.920218 16.396605 -0.037970597 0.015527097 3.633442 0.5
19.576444 25.891949 -0.0026040392 -0.00046758181 2.78777 0.5
26.590859 10.83254 0.01184816 0.041080891 1.483056 0.5
12.817476 5.1197266 0.22421937 -0.20056262 0.879468 0.5
11.468215 26.617753 0.003074312 -0.0014492646 4.923104 0.5
22.144679 10.74464 -0.061433401 0.070089103 5.350229 0.5
15.897551 27.252894 -0.0014366222 0.0017762675 1.508644 0.5
11.497803 22.15534 0.0022623008 -0.0053638235 4.32761 0.5
26.38713 13.713266 -0.042865437 -0.025295702 1.3724 0.5
27.033395 17.08802 -0.0054285663 0.034869645 2.64206 0.5
5.6225605 3.8145422 -0.031444865 0.10152012 2.466218 0.5
9.9693171 7.418541 -0.090625595 0.13551257 0.69625 0.5
4.8645053 23.308358 -0.0050875047 0.0011543156 0.502972 0.5
25.028882 15.368809 -0.034906883 0.026543469 4.066135 0.5
20.885501 19.324886 -0.00047828812 -0.0025042307 3.026607 0.5
24.632532 16.55014 0.0032244323 -0.026676636 6.171553 0.5
14.232423 7.9138117 0.060914126 0.1400468 3.767955 0.5
2.2042076 12.307038 0.011183733 0.0090769854 5.349705 0.5
14.425496 5.5348896 -0.010405156 -0.030433772 3.28374 0.5
24.532186 9.6108969 0.036822575 0.012414954 1.964272 0.5
6.6106003 24.955701 0.038771017 -0.016886342 1.170799 0.5
13.164645 9.6594515 -0.063932685 0.026375401 0.802835 0.5
2.4920504 7.1514858 -0.26867713 0.17909644 5.063896 0.5
5.9474331 9.8440956 -0.098483607 0.048803879 2.243796 0.5
11.942956 20.482073 0.0017881821 -0.0002216619 5.270568 0.5
16.202123 17.45869 -0.01558989 0.048899518 5.757172 0.5
20.037884 8.0460367 0.04591644 0.0097900538 5.271397 0.5
2.7348109 20.536526 0.0011578246 -0.0012009113 3.151318 0.5
18.067897 3.0667159 0.057409934 0.1556512 0.221595 0.5
1.4874395 15.399145 -0.0076957728 -0.0026732329 1.510648 0.5
1.6076453 17.830943 -0.00060069337 -0.00046066643 5.29405 0.5
19.995563 22.936428 0.0021684435 0.0030224045 2.737677 0.5
20.291584 20.614087 -0.0036144801 0.0013316746 4.134415 0.5
9.84456 18.271659 -0.0033715894 -0.0036449445 1.432456 0.5
15.584333 5.6270709 -0.10160512 0.3292414 2.840655 0.5
17.715765 10.351912 -0.054117887 0.04507898 2.899005 0.5
27.373881 14.304618 0.00053687843 0.035242357 4.137855 0.5
14.652477 20.745732 -0.0016962973 -0.0078466467 1.992807 0.5
27.229689 15.636754 -0.0008734202 0.077854351 0.375558 0.5
20.90279 7.2658494 -0.031081594 -0.057664672 0.629977 0.5
21.469885 20.673662 -0.039069074 0.0098083331 5.301885 0.5
25.389895 18.659246 0.0085037823 0.031161288 1.197725 0.5
14.266052 12.154854 0.087328856 0.013889325 2.939026 0.5
13.885846 27.355367 -0.002432947 -0.00026854649 3.912909 0.5
22.764387 13.879356 -0.0093344791 0.063550235 3.115045 0.5
6.3885814 4.7951777 -0.00034876646 0.026417455 1.662001 0.5
19.191035 3.0199836 -0.047372096 0.21375994 0.131507 0.5
