# x y vx vy theta radius
18.329942 9.2518602 0.85510647 -0.23087864 5.97412 0.5
6.0678577 19.369621 7.2842552e-05 5.6126752e-05 1.764168 0.5
25.76397 20.17598 0.013855612 0.0080162547 3.951996 0.5
1.9413075 12.792648 -0.015536773 0.034790789 4.259518 0.5
2.3811153 9.6611579 0.024552286 0.013200704 1.882067 0.5
5.6830748 11.876344 0.010179638 0.032739678 0.92276 0.5
7.185735 9.1651894 -0.0060777226 0.012387097 4.981497 0.5
25.551353 17.892831 -0.014681656 -0.0013728199 0.663689 0.5
23.212611 6.5478645 0.081327976 0.045269959 4.599871 0.5
13.071347 18.606465 -0.007728799 0.027500698 3.315122 0.5
13.495436 17.536864 -0.00071210491 0.072129221 5.224588 0.5
19.490389 20.301648 -0.0038811352 0.0078854714 4.739779 0.5
26.032783 15.648125 -0.014386038 0.0088692176 0.624425 0.5
17.220718 17.272396 -0.0071025653 0.3647093 0.734434 0.5
19.967962 3.2598348 -0.088966415 0.20101938 4.989084 0.5
9.8579531 17.588437 0.0020381422 0.02467356 2.508867 0.5
16.341941 23.203773 -5.0136843e-05 -3.9790238e-05 5.939565 0.5
19.327961 4.5965004 0.036063868 -0.10898274 0.028815 0.5
26.786437 10.253711 -0.045158207 0.016439615 3.449449 0.5
9.486515 23.223528 -0.013593686 0.002358632 0.592282 0.5
22.186244 13.403079 0.19617622 0.076877034 6.045768 0.5
13.75215 24.398663 1.161519e-05 -3.8127947e-05 0.890473 0.5
9.7003188 6.9461376 0.018576822 0.014235883 2.353219 0.5
16.038749 25.938284 1.8148716e-07 -4.6649775e-06 1.672869 0.5
23.234373 7.6559296 -0.11832102 -0.11971557 4.21507 0.5
24.425315 18.129157 0.010714453 0.0013407856 0.4829 0.5
22.229573 22.591063 -0.0085961536 0.021751786 6.274711 0.5
21.19477 10.85914 0.02967208 0.12754386 1.301021 0.5
23.405829 11.571899 -0.10696257 -0.010402098 3.538852 0.5
27.305168 12.553674 0.18830566 0.20983928 1.72413 0.5
19.339406 2.0344514 0.21547507 -0.044060927 0.779811 0.5
22.36285 10.607972 -0.14944633 -0.007600178 1.209651 0.5
27.344589 13.66158 0.0056926071 0.13550841 5.377079 0.5
24.67089 6.4814668 0.00046929615 -0.01722434 3.122843 0.5
14.459951 15.83393 -0.0057745478 0.023462267 4.105439 0.5
24.636386 20.245776 0.017156768 0.0082004964 2.246795 0.5
25.750434 9.7549938 -0.035507247 0.010005629 3.468535 0.5
15.90662 21.87475 -0.035084827 0.030520148 5.532293 0.5
17.947575 7.7768557 -0.36652412 -0.036329992 0.531572 0.5
15.635272 9.4431476 0.037104769 -0.023734995 5.261584 0.5
24.05413 19.198863 0.023183527 0.011296673 0.040113 0.5
21.453755 7.4860864 0.098560149 0.12365161 4.576591 0.5
19.906862 24.807136 -0.0029720491 0.0029066557 0.209824 0.5
11.446396 10.814426 -0.036352675 0.033049663 1.770879 0.5
3.3140894 15.993953 -0.01770494 0.0012539832 4.791815 0.5
17.639829 19.83989 -0.013738249 0.04584856 2.522673 0.5
22.176096 5.0494159 0.10375054 0.23914555 3.232151 0.5
10.383525 13.621592 0.027360415 0.0054294865 0.943125 0.5
22.484157 21.479459 -0.017178908 -0.0012950967 1.031271 0.5
25.678195 11.122652 0.016922767 0.17337854 1.523797 0.5
26.38317 8.8299903 0.071857315 0.053847834 1.787492 0.5
6.7405225 5.8941326 0.0079060849 -0.066012426 3.056837 0.5
8.5304995 15.398866 0.005990201 0.0011006577 3.332967 0.5
18.478607 5.6717604 -0.12666379 0.017717936 3.889918 0.5
17.111521 22.335016 -0.021614063 0.0028391357 1.775857 0.5
21.131177 8.6477872 -0.17168032 0.0019146817 4.33857 0.5
21.651404 9.6823809 0.2324432 0.20910268 2.652322 0.5
10.311391 16.508803 -0.037645142 0.0041709358 1.360759 0.5
21.150397 16.119494 0.16400143 0.19463951 1.350476 0.5
26.410202 19.146058 0.0089592373 0.010413756 3.139709 0.5
19.694391 12.661539 0.014656433 -0.07948744 3.877928 0.5
22.168708 3.4791054 0.041551406 0.090471926 4.111005 0.5
6.0262751 10.548807 -0.015059895 0.020346283 4.354529 0.5
20.729919 18.117107 -0.0086091182 0.027032551 1.958136 0.5
0.90463862 17.022059 0.02381921 0.022595943 1.935129 0.5
7.0547148 2.4904674 -0.021100278 -0.036054142 0.983243 0.5
22.456474 23.71735 -0.0026711627 0.0092338693 4.524452 0.5
10.060881 26.531718 -1.3117874e-05 3.8382084e-06 4.628506 0.5
4.7838063 13.187864 0.016699108 0.021664518 4.619789 0.5
21.281974 12.392433 0.057175466 0.17107682 6.246698 0.5
21.963432 20.368705 -0.0067998665 -0.0043714607 2.597917 0.5
18.260613 22.602383 -0.0084041934 0.028524849 5.540445 0.5
22.069212 18.068053 0.011612982 0.020426952 1.135786 0.5
10.745091 20.750963 0.012720031 0.0077817655 0.649744 0.5
4.4530109 16.105987 0.0010476276 0.080665599 4.647872 0.5
24.097511 21.237174 0.037366246 0.025969054 3.116928 0.5
10.76184 4.4350974 0.016938973 0.04145906 1.058365 0.5
2.2663915 15.09294 0.016606867 0.031688296 1.223223 0.5
2.3191952 17.07053 -0.0010534243 0.00080362992 6.185729 0.5
0.6963205 12.22243 0.017756602 0.061052827 5.03693 0.5
19.14232 23.958571 -0.02049974 0.0010440278 0.158334 0.5
23.452177 20.318845 0.019517124 -0.020290449 0.09489 0.5
13.678262 21.391073 0.0037888109 0.007166774 3.182579 0.5
25.822296 7.8221139 -0.20518531 0.012807684 5.999337 0.5
10.942173 1.4606558 0.022559799 0.0041843144 0.712677 0.5
12.756452 15.7336 -0.00015842292 -0.0016592521 1.70588 0.5
1.2356626 9.8746927 0.00050539184 -0.012346036 5.092516 0.5
23.58996 10.387311 -0.19001256 0.044451873 0.506989 0.5
3.0739394 18.111673 -3.321134e-05 2.8031808e-05 4.452103 0.5
25.29588 21.243997 0.003639112 0.0028285832 3.429354 0.5
9.1141464 8.4267238 0.039190302 -0.029475377 5.942963 0.5
21.508204 14.426043 -0.032273006 0.10719722 2.062723 0.5
24.664275 9.9847418 0.15254893 0.18383766 2.598321 0.5
11.588586 24.664807 -4.0416113e-05 3.9468073e-06 6.159219 0.5
3.8600446 12.130315 0.019386131 0.026467676 1.488917 0.5
2.3548284 19.359435 -5.6075393e-05 7.1730999e-05 1.927238 0.5
6.0366714 17.283391 0.0064933775 0.02728976 3.98558 0.5
20.367793 11.802446 -0.06188749 0.32011997 3.515453 0.5
21.304332 23.244855 0.016156624 0.0043643532 3.362574 0.5
5.175924 21.851924 0.00025889688 -1.7366378e-05 2.617045 0.5
14.767778 17.258633 0.022828161 0.036957996 4.416501 0.5
11.802053 18.469644 0.044905759 0.070779078 2.357123 0.5
4.1825781 9.9931288 -0.023481571 -0.020372096 0.027213 0.5
11.431913 17.317886 -0.029263313 -0.0052586024 3.270335 0.5
5.7917883 15.600347 0.0013963482 0.014418696 5.133302 0.5
10.775157 25.575945 1.0684625e-05 -3.0932478e-05 4.163048 0.5
4.5843078 5.0738442 0.0070702526 0.0038141214 3.93618 0.5
8.3442811 22.438899 0.013737824 0.0022246561 5.951127 0.5
23.675316 23.299507 1.3094182e-05 0.032165086 4.082451 0.5
14.691166 14.56285 -0.7796428 -0.12797758 1.780305 0.5
19.746325 14.221584 -0.0049384976 0.0040263831 2.847882 0.5
3.7374375 13.605186 0.0083127662 0.013334561 1.767937 0.5
12.409378 19.568755 0.013843724 0.017178827 0.00135 0.5
20.527192 6.0102708 0.034051032 -0.1643427 5.312468 0.5
4.1344423 19.025274 -5.1545448e-05 -0.00016608454 0.320289 0.5
18.324778 16.312118 0.25780985 0.056233283 0.581132 0.5
11.191994 12.530767 -0.011098164 0.0098170324 3.087421 0.5
19.091328 15.381552 -0.091895981 0.05381447 3.560403 0.5
9.8471166 24.505392 0.009217986 0.040934762 0.555117 0.5
10.891024 14.84406 0.021922557 0.088168237 6.220608 0.5
9.0357337 25.842388 -4.4693798e-05 -9.1205569e-06 5.652715 0.5
9.0712543 4.1965974 -0.010758667 0.0040619437 0.827952 0.5
24.169505 14.878068 0.10687438 0.077105927 1.054048 0.5
20.07847 19.2798 -0.0043918721 0.014202854 0.319962 0.5
16.512593 19.248008 -0.00083300294 0.017023293 2.464344 0.5
16.397283 10.343578 0.014109015 -0.015386448 3.780782 0.5
21.505602 19.048518 -0.018265002 -0.0014973304 0.745414 0.5
12.987497 26.103871 -4.41953e-06 -2.4737735e-05 3.348875 0.5
12.338786 23.813367 -1.7822753e-05 -1.7224477e-05 5.365761 0.5
15.176519 22.718919 -0.016748712 0.01928118 0.445642 0.5
25.742158 16.764523 -0.0088867451 -0.0019984518 2.979068 0.5
26.061637 12.19815 -0.062524306 0.15435851 2.813895 0.5
7.0503963 13.02444 0.0017327522 0.056030672 4.039246 0.5
24.899689 13.32668 -0.0057360483 0.013089436 4.602055 0.5
18.421024 25.199568 -1.4797041e-05 -4.1765252e-05 1.676583 0.5
2.9771192 10.660858 0.0059396521 0.017030802 1.207935 0.5
19.457367 9.0916582 -0.056159732 -0.40111586 6.164191 0.5
7.0132349 16.008432 0.0017487585 0.011375225 1.491784 0.5
2.5950095 11.857632 0.010452432 0.010894467 6.269379 0.5
20.847447 25.424313 -0.049814171 -0.0051457768 0.35856 0.5
18.813387 19.336914 0.00075151695 -0.0027172294 0.326238 0.5
19.413778 22.197084 -0.009796838 0.0057448105 1.608548 0.5
19.659364 10.64267 -0.084785241 0.056193518 2.616667 0.5
7.2813447 20.192231 0.0011714312 -0.00028364371 0.410672 0.5
23.321791 4.3773131 0.17986213 0.062724317 3.210668 0.5
7.1500259 14.548214 -0.010880673 0.011955486 0.309541 0.5
16.858588 20.931247 -0.033017927 0.054366976 1.761874 0.5
2.570502 13.984811 -0.0057080813 0.016424266 4.731547 0.5
9.9391347 11.604093 0.05213457 0.052835488 0.313065 0.5
5.034893 8.6215821 -0.0062473821 0.010694165 0.087229 0.5
17.192934 16.185041 -0.084735226 0.076488988 5.713071 0.5
16.403301 14.902385 0.22766018 0.034483659 0.34983 0.5
23.224391 18.265959 -0.0094600126 0.025786914 2.015368 0.5
4.0385615 20.610193 -4.6866919e-05 1.499305e-05 0.42176 0.5
15.243568 11.439069 -0.017531398 -0.018737331 5.580866 0.5
24.459072 8.4334033 0.0016036736 0.19348089 4.066321 0.5
9.356227 19.822075 6.4558307e-05 -0.00011284111 5.863794 0.5
24.5831 22.247186 0.0080980488 0.0074627854 5.355125 0.5
8.4700601 9.8674558 0.020896029 -0.0086544318 5.404824 0.5
19.482806 16.451303 0.029285669 0.22340565 1.361005 0.5
18.557196 26.409876 -2.4424799e-05 -1.251534e-05 5.19755 0.5
22.365976 8.3548616 0.081999622 0.054763499 5.853071 0.5
5.6431947 7.4879617 -0.01462496 0.041112937 2.830697 0.5
15.175759 24.957482 -5.0808239e-06 -1.2852687e-05 3.251414 0.5
13.470695 9.5851727 0.017330443 -0.013765551 3.305262 0.5
17.803778 2.3778251 -0.34852121 0.0017865027 3.841898 0.5
23.555263 9.2119107 -0.1356842 0.16977271 4.917041 0.5
13.742955 19.910679 0.032674021 -0.016990411 1.726803 0.5
20.408811 15.238905 0.16815023 -0.16286726 2.534849 0.5
21.99794 16.83411 0.0017936212 0.019069699 1.985571 0.5
16.52274 24.352125 2.0304513e-05 -1.7653583e-05 5.636684 0.5
13.351782 23.283596 -1.9972505e-05 -4.9700332e-05 0.642493 0.5
0.63264603 14.924447 0.025059935 0.02038429 5.796573 0.5
8.322471 24.877035 3.7106606e-05 9.7262919e-05 4.738871 0.5
15.930947 17.28862 -0.01609375 0.012848907 1.568073 0.5
18.118193 11.655921 0.088739107 -0.11036984 2.749741 0.5
25.35776 14.711912 0.010942051 -0.013479816 1.171823 0.5
20.708455 22.27387 -0.0095903058 0.019716133 2.226958 0.5
5.9652277 23.908041 -0.00012565948 -6.3997786e-06 1.548545 0.5
9.8551722 22.030315 0.025180298 0.0018243946 3.653333 0.5
22.30465 15.757841 -0.0063119133 -0.014696963 4.394256 0.5
6.0732047 13.644496 0.027884316 0.049661008 0.605652 0.5
7.7140574 23.698537 -0.015860714 0.037557283 3.106146 0.5
20.593899 13.436644 0.39262613 0.31834817 3.095002 0.5
15.114188 0.63200623 0.03136171 -0.14133694 1.841384 0.5
8.1677275 21.145275 0.013798264 0.020810924 6.034028 0.5
20.584163 2.2803819 -0.21896428 -0.30162136 1.857551 0.5
26.115094 13.327547 0.0010933516 0.0046366172 1.702664 0.5
17.269738 13.642425 -0.021967315 -0.079686172 1.16125 0.5
18.305923 21.229064 0.00058442513 0.0031059621 4.720586 0.5
6.5944921 22.32496 -0.081528312 -0.0044635962 0.205718 0.5
18.033546 23.746204 -2.0577605e-05 3.5845434e-06 5.820667 0.5
23.451871 22.193466 -0.052214336 0.046258184 3.894129 0.5
23.700999 15.892586 -0.055260974 0.10181399 3.074393 0.5
17.642108 18.515629 -0.016995538 -0.012007814 0.467747 0.5
9.3601121 12.851363 -0.0013236758 -0.0044735387 5.60533 0.5
6.1258323 20.936708 -0.060150094 0.038817864 6.227367 0.5
2.6347069 8.1577272 -0.015166978 -0.005939961 5.177094 0.5
21.608543 24.457372 0.031173554 0.014793571 0.203779 0.5
22.770723 19.385938 -0.029770964 0.0089059243 6.095105 0.5
23.821528 13.783766 -0.037003214 -0.011209417 5.150288 0.5
15.626692 16.090426 -0.23611345 0.45420383 3.059892 0.5
24.946242 12.137357 -0.00098042177 -0.0009206594 3.692189 0.5
23.44286 17.079385 0.016390523 0.015631113 3.246869 0.5
16.248272 12.690935 0.015007255 0.039766245 2.032293 0.5
4.8070154 17.250677 -0.0059031491 0.0013224519 6.136396 0.5
12.318997 12.993608 -0.044374425 0.0089354312 4.563161 0.5
23.883063 12.65731 0.068645029 0.036959953 5.916686 0.5
20.439004 17.009703 0.039388878 0.026973588 1.344992 0.5
19.034032 17.774113 -0.00046309505 0.0085486185 3.633442 0.5
19.552605 25.886249 -5.9707054e-06 -1.0561868e-05 2.78777 0.5
27.128008 11.450903 0.03398919 0.011958554 1.483056 0.5
12.649926 0.94070826 -0.031023063 0.32666673 0.879468 0.5
11.498729 26.603368 2.2887511e-05 -1.0789426e-05 4.923104 0.5
22.261805 11.831774 0.081414962 0.12069793 5.350229 0.5
15.883291 27.270525 -1.0695306e-05 1.3223883e-05 1.508644 0.5
11.483177 22.156541 -0.013748684 0.020167702 4.32761 0.5
26.463105 14.406218 0.0013881176 -0.00022305522 1.3724 0.5
26.688558 17.990963 0.02143299 -0.0018183752 2.64206 0.5
3.0887232 6.666 0.039750037 -0.035119324 2.466218 0.5
8.2255022 14.21477 -0.009964845 0.0038051176 0.69625 0.5
4.8140091 23.319815 -3.7875245e-05 8.5936012e-06 0.502972 0.5
24.887837 15.905788 -0.0097955392 0.0087966789 4.066135 0.5
20.737264 20.226599 0.0080430468 0.0022100843 3.026607 0.5
24.591228 17.014096 -0.00072284811 -0.03278696 6.171553 0.5
12.672684 11.449621 -0.025382955 0.050070561 3.767955 0.5
1.2945512 13.775281 -0.022676897 -0.024202706 5.349705 0.5
16.826736 7.5092537 0.20549144 -0.0058779427 3.28374 0.5
24.477373 11.092566 -0.098193841 0.020636771 1.964272 0.5
6.995424 24.788094 0.00028864087 -0.00012571474 1.170799 0.5
12.730523 14.266622 -0.019928877 0.027170961 0.802835 0.5
1.4168583 11.345788 0.012875614 0.025113659 5.063896 0.5
4.9829792 14.432795 0.015185464 0.0086466205 2.243796 0.5
12.210006 21.218008 0.022409281 0.014746777 5.270568 0.5
15.494669 18.595563 -0.029068426 0.047854863 5.757172 0.5
20.517681 9.7118003 -0.041805177 0.54413995 5.271397 0.5
2.7463029 20.524607 8.6197249e-06 -8.9404949e-06 3.151318 0.5
15.915525 2.8337261 -0.36998332 0.25532328 0.221595 0.5
1.6163059 16.044997 0.047637884 0.025160392 1.510648 0.5
1.6110837 18.147867 -0.0042907793 0.011346451 5.29405 0.5
20.06625 23.320773 0.014707787 0.023112831 2.737677 0.5
20.212014 21.231282 0.015410209 0.013898651 4.134415 0.5
7.7922039 17.862705 -0.046448714 -0.036786582 1.432456 0.5
16.720154 3.8148152 -0.049121735 0.031649188 2.840655 0.5
18.193696 14.547217 -0.026137176 0.014874506 2.899005 0.5
27.232914 15.494481 -0.013073227 -0.00013952239 4.137855 0.5
14.63564 20.66785 -1.2628524e-05 -5.8416391e-05 1.992807 0.5
27.11643 16.777122 0.014090391 0.0043194596 0.375558 0.5
19.1797 7.9245768 -0.1881566 0.0071932917 0.629977 0.5
21.352167 21.328586 -0.0011988522 0.013006891 5.301885 0.5
25.232684 19.168385 -0.003883383 0.013519766 1.197725 0.5
15.383339 13.475845 0.012982473 0.0066733086 2.939026 0.5
13.861698 27.352701 -1.8112703e-05 -1.9992639e-06 3.912909 0.5
22.972609 14.738512 0.029345738 0.019903081 3.115045 0.5
3.8326691 7.8331801 0.055867472 -0.020043111 1.662001 0.5
20.74854 4.549405 -0.045665355 -0.053102516 0.131507 0.5
