# x y vx vy theta radius
9.6398853 13.583632 0.89689362 0.15513595 0.88043617 0.5
5.9138977 21.885189 0.075849122 0.0037427466 1.764168 0.5
24.218119 22.116843 0.00038294086 -0.00023151669 3.951996 0.5
3.2504216 14.117052 0.10438622 -0.12245427 4.259518 0.5
0.7825925 13.041223 0.0052904688 -0.002474138 1.882067 0.5
10.908492 15.999211 1.0264662 0.21834152 0.92276 0.5
5.6640533 10.995173 -0.084152832 -0.004638887 4.981497 0.5
23.871875 20.981162 0.062135688 -0.027951135 0.663689 0.5
13.278167 1.0991678 0.00099516072 -0.00072235332 4.599871 0.5
11.624135 20.596943 -0.027742032 -0.0053691571 3.315122 0.5
11.114614 19.5373 0.040081025 -0.0093287278 5.224588 0.5
16.866406 22.472718 0.010050069 -0.01203329 4.739779 0.5
24.676113 18.915807 0.00032284699 7.7079903e-05 0.624425 0.5
14.612434 21.281986 0.012295749 -0.015988179 0.734434 0.5
16.325378 3.6599106 0.039660654 -0.00018776358 4.989084 0.5
8.8902835 19.985717 0.038120524 0.056834207 2.508867 0.5
14.293842 24.581554 0.0062082798 -0.063959046 5.939565 0.5
6.1228538 12.507888 0.070945197 0.088493471 0.028815 0.5
25.593939 14.260515 -0.00050466205 -0.00027785388 3.449449 0.5
9.0272398 24.174527 0.020311922 0.027004815 0.592282 0.5
22.054275 18.698353 0.0014594137 0.0022636593 6.045768 0.5
11.920821 24.77866 0.026494471 0.055544114 0.890473 0.5
13.376055 10.692658 0.025775381 -0.053111928 2.353219 0.5
14.549727 26.402945 0.015108871 -0.027304364 1.672869 0.5
26.303566 11.930835 -0.00041904667 -0.00059221017 4.21507 0.5
22.922628 21.584883 -0.010592957 -0.025900694 0.4829 0.5
19.962256 24.888674 0.017839466 0.062328678 6.274711 0.5
20.984785 16.429492 0.042543601 0.00030693898 1.301021 0.5
22.572167 6.4298015 -0.00051418526 0.00013127972 3.538852 0.5
24.155114 16.389536 0.053057216 0.0072083203 1.72413 0.5
11.454052 1.4061794 0.021228394 -0.12709132 0.779811 0.5
11.604968 17.304749 0.055691639 -0.093625159 1.209651 0.5
24.017591 17.580457 -0.00058848009 -0.00020031486 5.377079 0.5
17.686494 8.8343817 0.10587974 0.038934202 3.122843 0.5
12.588439 19.492447 -0.0203193 -0.015915783 4.105439 0.5
22.36642 22.593585 0.053391584 -0.022483689 2.246795 0.5
18.418566 2.7167874 0.045222474 -0.21309712 3.468535 0.5
13.66762 23.587307 0.006034235 0.061881069 5.532293 0.5
8.0918667 15.465197 0.20603121 -0.075563665 0.531572 0.5
15.239788 14.705899 0.12825304 -0.054651984 5.261584 0.5
21.137239 22.128473 0.096147364 0.071844577 0.040113 0.5
16.14402 16.966748 0.00029908655 -0.054972601 4.576591 0.5
16.834934 26.098717 0.029469981 -0.031629164 0.209824 0.5
13.429444 14.533591 0.010759129 -0.065170271 1.770879 0.5
3.6874549 18.56246 0.060111719 -0.032566917 4.791815 0.5
15.902203 23.117409 0.038584695 -0.0087971245 2.522673 0.5
11.085235 6.8677841 0.063742075 0.24701748 3.232151 0.5
7.9155709 16.548895 0.1481275 -0.072332923 0.943125 0.5
19.548379 23.847713 0.096282153 -0.0078080354 1.031271 0.5
23.829779 11.93185 0.0034333447 -0.0011495441 1.523797 0.5
18.808947 11.266272 0.10239707 -0.10157022 1.787492 0.5
4.0940242 8.4934814 0.014116588 0.020855844 3.056837 0.5
9.0701395 18.172982 0.020114189 0.0038613225 3.332967 0.5
17.779438 14.976248 0.015418789 -0.10065763 3.889918 0.5
14.778068 23.442503 -0.030967567 0.05580877 1.775857 0.5
17.611917 12.057555 -0.0049530345 -0.047654561 4.33857 0.5
15.549806 6.1408992 -0.099287103 -0.076171235 2.652322 0.5
7.4730468 20.538863 -0.020894599 0.011395262 1.360759 0.5
19.606009 18.972148 0.082107704 0.034670154 1.350476 0.5
26.012088 19.948346 3.161891e-05 0.0016765783 3.139709 0.5
14.127448 17.536353 0.0078617695 0.083006203 3.877928 0.5
15.032482 9.8665629 0.097920781 0.06502735 4.111005 0.5
3.7671015 11.336893 0.2024042 -0.22674927 4.354529 0.5
18.021035 20.494451 0.11186735 0.0094785405 1.958136 0.5
1.4410275 18.543297 -0.04095133 -0.087161885 1.935129 0.5
5.1887406 4.9448807 0.06235045 0.0013959931 0.983243 0.5
19.85049 26.06224 0.020724832 -0.010501064 4.524452 0.5
9.5084139 26.661386 -0.027567466 0.074559566 4.628506 0.5
3.9624275 15.00826 -0.051947481 0.18811135 4.619789 0.5
18.850656 5.7422867 -0.0061604353 0.016284871 6.246698 0.5
20.324291 23.034811 0.078626798 -0.038455869 2.597917 0.5
15.603231 24.211494 0.051028811 0.022941412 5.540445 0.5
19.503675 20.478435 0.017712587 -0.029754226 1.135786 0.5
9.9406327 21.759213 0.04063981 0.0065026613 0.649744 0.5
4.3669131 19.650637 -0.10710802 0.3197634 4.647872 0.5
22.622678 23.928379 0.0041673939 -0.0062470929 3.116928 0.5
5.725961 3.5914171 0.017150426 -0.059393615 1.058365 0.5
2.2320501 16.345448 -0.29357321 0.075954152 1.223223 0.5
2.5413559 18.701158 -0.056410865 -0.046013318 6.185729 0.5
1.6224978 15.346707 -0.18009509 0.12923342 5.03693 0.5
16.519473 24.954904 -0.0025100437 -0.046408109 0.158334 0.5
21.547896 23.364669 0.012022937 -0.049023537 0.09489 0.5
11.280418 23.837471 -0.0099665379 0.03971732 3.182579 0.5
17.210035 1.0228074 0.0066709935 0.039605628 5.999337 0.5
6.8373236 5.1831012 0.063400819 0.10958254 0.712677 0.5
9.9832013 19.329985 0.0097548905 -0.0046493967 1.70588 0.5
0.61194104 14.732167 -0.13064818 -0.067537001 5.092516 0.5
20.271857 5.8899 0.15422191 0.020456692 0.506989 0.5
3.2649179 19.655683 -0.097867727 0.14164602 4.452103 0.5
23.531517 23.267396 0.0025805922 -0.0022227665 3.429354 0.5
4.1588199 9.6635948 0.033983078 -0.040921327 5.942963 0.5
20.106315 14.409184 0.17573762 0.25567118 2.062723 0.5
20.192173 11.178202 0.13689759 -0.049554955 2.598321 0.5
11.505945 25.864935 0.0096872372 -0.00493566 6.159219 0.5
5.1222282 14.425348 -0.015850456 -0.076123462 1.488917 0.5
2.5853058 20.830636 -0.076400084 -0.070255866 1.927238 0.5
5.6627083 19.870817 0.046602046 -0.088571419 3.98558 0.5
16.52624 14.385528 -0.057945926 0.014741107 3.515453 0.5
18.956566 25.3831 0.051502731 -0.016003607 3.362574 0.5
4.1224176 23.032319 0.04471845 -0.042465592 2.617045 0.5
12.325055 21.607297 0.025397226 -0.020680396 4.416501 0.5
10.293049 20.444324 -0.0056545136 -0.060235564 2.357123 0.5
2.4139242 11.634259 0.64702663 -0.29776919 0.027213 0.5
8.0959025 19.215837 0.020960604 0.037253666 3.270335 0.5
4.7774385 18.184469 0.015639201 -0.0084113242 5.133302 0.5
10.382924 25.969742 -0.016390959 -0.040794304 4.163048 0.5
5.1123694 6.6304399 0.044911988 0.026247019 3.93618 0.5
8.2384715 23.378882 0.084069611 0.020905245 5.951127 0.5
20.925951 25.51784 0.0040781238 -0.027172936 4.082451 0.5
10.740351 13.906256 -0.054744123 -0.050766532 1.780305 0.5
17.716769 17.376138 0.01504206 0.041236327 2.847882 0.5
3.4926082 16.140777 0.096630411 0.13835691 1.767937 0.5
11.111163 21.694398 -0.031570582 -0.035959569 0.00135 0.5
12.825559 4.6303677 0.03094845 0.010485498 5.312468 0.5
3.8013047 20.75464 0.047814891 0.024861623 0.320289 0.5
16.615986 19.17707 0.051731158 0.0286377 0.581132 0.5
9.0415104 16.92248 0.11956827 0.051211872 3.087421 0.5
16.909893 20.331426 -0.0058592357 0.039658906 3.560403 0.5
9.4143266 25.260969 0.020662529 0.0116384 0.555117 0.5
7.3771155 18.319201 0.0064100117 0.043732181 6.220608 0.5
8.4895289 26.200966 -0.0049515557 0.0063290717 5.652715 0.5
12.213058 6.6012779 0.19165934 -0.048428308 0.827952 0.5
22.840398 20.444453 0.0030472222 -0.0055247173 1.054048 0.5
16.560939 21.387534 0.020921349 0.10765836 0.319962 0.5
13.506003 21.623348 0.017703481 0.02284424 2.464344 0.5
18.810565 8.1210231 0.015192386 0.00042866103 3.780782 0.5
18.952388 21.46682 0.035877116 0.020825738 0.745414 0.5
11.982525 27.145686 0.03244302 0.014363894 3.348875 0.5
10.700271 24.86218 0.015903904 0.048201682 5.365761 0.5
13.096384 24.631406 0.026222961 -0.01799456 0.445642 0.5
24.732699 20.218774 0.0014582761 0.00066749815 2.979068 0.5
26.679111 16.323079 -5.5967219e-05 0.00013099815 2.813895 0.5
4.9107847 15.935828 -0.039232711 0.083377867 4.039246 0.5
20.882902 13.408676 0.066886698 -0.046127311 4.602055 0.5
15.736063 26.317081 0.055604145 0.01584735 1.676583 0.5
1.8658944 13.849723 -0.10719121 0.068999542 1.207935 0.5
14.533787 0.97399975 -1.1615545e-05 -0.0003018168 6.164191 0.5
6.780068 19.480308 0.032383514 0.056488428 1.491784 0.5
2.5562233 12.862699 -0.12529401 -0.18590633 6.269379 0.5
17.665336 26.919321 0.034479154 -0.01177907 0.35856 0.5
15.572551 21.992295 -0.0339281 -0.0082896905 0.326238 0.5
17.602807 24.667242 0.032602139 -0.0070958937 1.608548 0.5
15.471743 19.533836 0.021868653 0.032357455 2.616667 0.5
7.0511015 21.695174 0.067684075 0.10332258 0.410672 0.5
16.254934 13.081053 -0.047042858 0.08408309 3.210668 0.5
6.0064419 18.647027 -0.051638175 0.061308312 0.309541 0.5
14.337454 22.391488 -0.04797605 -0.083588726 1.761874 0.5
2.8350196 15.22811 0.09904957 0.055233194 4.731547 0.5
6.6919781 16.119786 -0.030383556 -0.047672045 0.313065 0.5
6.2542322 6.5784853 0.045447367 -0.043274951 0.087229 0.5
14.513237 20.130988 0.011513777 0.021044707 5.713071 0.5
16.431762 18.070682 0.018608545 0.067547363 0.34983 0.5
20.616292 20.950533 0.0091096056 -0.0056767306 2.015368 0.5
4.484634 21.921858 0.028378411 -0.059261033 0.42176 0.5
13.079168 18.33823 0.14407958 0.0067623655 5.580866 0.5
19.843118 17.38449 0.012983037 -0.0061271074 4.066321 0.5
8.6312994 21.084927 -0.014704891 0.026090193 5.863794 0.5
21.939993 24.816868 0.051355104 -0.033854253 5.355125 0.5
4.8298298 12.013618 0.02047842 0.0036512806 5.404824 0.5
18.613758 19.542913 0.033425567 0.025191249 1.361005 0.5
15.210003 27.344318 -0.0096733217 0.025180081 5.19755 0.5
19.073556 12.861134 0.10793809 -0.13629162 5.853071 0.5
6.3469669 9.0777073 0.14373315 -0.036497019 2.830697 0.5
12.653639 25.665944 0.053308121 0.065140175 3.251414 0.5
13.773109 16.375131 -0.016210342 -0.14937983 3.305262 0.5
6.9638717 3.7334258 0.021964848 -0.012942226 3.841898 0.5
11.672033 2.5076722 0.064783953 -0.024294364 4.917041 0.5
10.620062 22.820177 0.092757288 -0.11484531 1.726803 0.5
18.716248 18.214664 0.14784327 0.034281603 2.534849 0.5
21.814756 19.941555 -0.0072465162 0.01402395 1.985571 0.5
13.779789 25.573306 0.037714107 -0.02993337 5.636684 0.5
12.421409 23.67008 0.017015113 -0.076922225 0.642493 0.5
1.3577617 17.410144 0.020159046 -0.075458874 5.796573 0.5
8.2281679 24.953529 0.051980955 -0.029054569 4.738871 0.5
12.999266 20.525836 0.018307396 0.001168413 1.568073 0.5
11.894368 14.096709 0.025426565 0.044056925 2.749741 0.5
23.003966 16.241699 -0.0068564442 0.038073365 1.171823 0.5
18.434547 23.881653 0.024212855 0.015920647 2.226958 0.5
6.1248463 24.846157 -0.042785111 -0.03947539 1.548545 0.5
8.1502301 22.227311 -0.031846995 0.009432742 3.653333 0.5
21.867042 14.151373 0.18578171 -0.1561191 4.394256 0.5
5.6002575 17.092224 -0.02643388 0.020982159 0.605652 0.5
7.2566323 24.357668 0.087372267 0.04106687 3.106146 0.5
19.884496 16.223813 0.16947524 0.035344969 3.095002 0.5
11.070024 10.148181 0.014599426 0.099593266 1.841384 0.5
6.2264577 23.613938 0.012463283 0.035201782 6.034028 0.5
13.613606 9.4854154 0.11739127 0.049612611 1.857551 0.5
23.466972 13.913133 0.024389613 0.0047534302 1.702664 0.5
16.08646 15.665996 0.021472364 -0.049926974 1.16125 0.5
16.806019 23.846835 0.024687022 -0.01004052 4.720586 0.5
5.2569821 22.850877 -0.011124689 0.058919679 0.205718 0.5
15.075648 25.381485 -0.063846513 0.10580994 5.820667 0.5
20.932048 24.305775 -0.022726079 -0.030676577 3.894129 0.5
20.900969 18.73643 0.078668763 0.022108464 3.074393 0.5
15.593015 20.761251 0.082645125 0.10805181 0.467747 0.5
6.9663982 14.925741 -0.012660207 -0.058852863 5.60533 0.5
7.2210338 22.872696 0.032784871 -0.028775399 6.227367 0.5
1.4523936 10.811909 0.010311148 -0.068776487 5.177094 0.5
18.794258 26.551543 0.0084013955 -0.02721561 0.203779 0.5
20.002979 21.956947 0.078086892 0.046039661 6.095105 0.5
21.117316 17.614497 0.0093146479 0.069370087 5.150288 0.5
14.296971 19.022436 0.093735355 -0.01069593 3.059892 0.5
19.164098 15.186742 0.083980778 -0.090922812 3.692189 0.5
21.800746 21.15277 0.046601794 -0.053060729 3.246869 0.5
10.300834 17.04301 -0.19111919 0.15184992 2.032293 0.5
5.1795543 20.96352 0.014306063 0.025368295 6.136396 0.5
9.5351722 15.421337 -0.24765294 0.22249076 4.563161 0.5
17.744478 13.530077 0.11706322 -0.18092082 5.916686 0.5
20.428408 19.842474 0.0022817033 0.00012089021 1.344992 0.5
17.608232 18.572498 -0.0021088609 -0.036163072 3.633442 0.5
16.411289 27.218374 0.018273688 0.11780467 2.78777 0.5
26.704523 15.092026 -0.00026797706 -0.00013172327 1.483056 0.5
8.3050886 4.6493411 0.099928727 -0.036082654 0.879468 0.5
10.806189 27.022163 -0.029002712 0.034643269 4.923104 0.5
22.233797 15.412466 0.018861666 0.012553407 5.350229 0.5
13.942951 27.433465 0.038852766 0.02771925 1.508644 0.5
10.155279 23.841169 0.096390912 -0.015748868 4.32761 0.5
25.40045 15.94622 -0.00022649047 8.3346444e-05 1.3724 0.5
26.236211 18.754528 0.0010531961 0.00034708259 2.64206 0.5
2.726068 7.2524375 -0.098707149 -0.07407791 2.466218 0.5
6.9997608 17.270286 0.083715108 0.017623113 0.69625 0.5
5.0483313 23.962255 0.051617164 -0.0099445023 0.502972 0.5
23.152953 18.321559 0.01814424 -0.0058999628 4.066135 0.5
17.781881 21.668155 -0.0062689823 0.04762538 3.026607 0.5
23.57655 19.406447 -0.00044889409 9.9056594e-06 6.171553 0.5
7.2323696 11.067798 0.038355551 -0.029103064 3.767955 0.5
0.99315519 16.343205 0.0081361118 0.039139067 5.349705 0.5
16.068663 11.740351 0.19202192 -0.09722771 3.28374 0.5
22.211042 12.472472 0.00027032397 0.0022596212 1.964272 0.5
7.2510379 25.612213 0.060606806 0.041942824 1.170799 0.5
10.5182 18.119006 0.025150088 0.039437798 0.802835 0.5
0.95640482 11.932762 0.076272362 0.097280206 5.063896 0.5
3.7910241 17.225844 -0.032574777 0.032921269 2.243796 0.5
9.3545918 23.054195 -0.0044216705 0.048696737 5.270568 0.5
11.784909 22.713082 0.037883762 -0.033752037 5.757172 0.5
18.681903 16.320851 0.047656345 -0.085204332 5.271397 0.5
3.2213933 21.79584 -0.054106292 -0.023412861 3.151318 0.5
3.513827 5.9002976 0.019676955 -0.13401344 0.221595 0.5
2.6292888 17.495895 -0.0032317273 0.030221717 1.510648 0.5
2.070479 19.807801 -0.069674894 -0.034771174 5.29405 0.5
17.927735 25.818504 0.023277641 -0.030456513 2.737677 0.5
17.995297 22.765286 0.0313818 -0.10030024 4.134415 0.5
6.3375221 20.821159 0.087569805 0.01972709 1.432456 0.5
14.457074 4.9037103 0.11075401 0.020288579 2.840655 0.5
15.193521 17.873112 0.033592526 -0.082802752 2.899005 0.5
25.664715 17.494665 -0.0027462654 -0.0015275301 4.137855 0.5
12.957727 22.645621 -0.017570768 0.0087368146 1.992807 0.5
26.927717 17.492131 -0.00017829666 -0.0018644274 0.375558 0.5
8.8012993 11.196194 0.0068247791 -0.059999074 0.629977 0.5
19.16231 22.777439 0.092025763 -0.007867614 5.301885 0.5
25.255376 21.319627 9.4549495e-05 0.00029177012 1.197725 0.5
11.872795 18.621406 -0.03646168 -0.016363832 2.939026 0.5
13.075249 26.716448 0.0017697996 0.00083449955 3.912909 0.5
22.352987 17.238832 0.098002169 -0.022385735 3.115045 0.5
2.8401081 10.411748 0.018438643 -0.018161819 1.662001 0.5
12.017787 15.286044 0.01330589 -0.026767368 0.131507 0.5
