# x y vx vy theta radius
11.187506 8.6141638 -1.2147526 -0.13323388 4.0239703 0.5
6.8142577 20.147505 0.0057801312 0.029130046 1.764168 0.5
25.787243 19.926084 0.023463915 -0.0087690395 3.951996 0.5
10.128266 7.4790694 -0.025333295 -0.056969627 4.259518 0.5
4.4888827 4.5448491 -0.012181343 0.0055206751 1.882067 0.5
9.8202332 6.3501007 -0.0083101488 0.037283023 0.92276 0.5
11.621649 1.7688716 -0.0033178862 -0.076202145 4.981497 0.5
25.554873 17.218291 0.012113408 0.0011862144 0.663689 0.5
20.043621 3.2742615 0.018746547 -0.079820559 4.599871 0.5
9.6477249 18.335352 -0.029483581 -0.016500338 3.315122 0.5
17.421348 12.293758 -0.000554997 -0.06035519 5.224588 0.5
18.611973 20.126937 -0.032128974 0.0020283084 4.739779 0.5
25.256767 14.494758 0.043527145 0.0048497546 0.624425 0.5
18.537313 16.32308 0.096906016 -0.033966022 0.734434 0.5
16.107923 0.74379407 -0.037006333 -0.0026737423 4.989084 0.5
14.786412 17.658031 -0.056280202 0.062311563 2.508867 0.5
16.556786 23.739799 0.01625375 -0.017111292 5.939565 0.5
15.241199 1.6534334 0.047718495 -0.02623069 0.028815 0.5
24.683592 8.1419001 0.060881215 -0.020152289 3.449449 0.5
9.4391636 25.010056 -0.030271183 0.02931414 0.592282 0.5
21.191972 10.467663 -0.060189808 0.0003661236 6.045768 0.5
12.543449 26.345775 0.010932131 -0.0052352498 0.890473 0.5
12.469931 3.8430642 0.021148255 0.01866254 2.353219 0.5
15.445843 25.880576 0.052077115 -0.033317444 1.672869 0.5
22.22948 3.4934075 0.045979744 0.070026757 4.21507 0.5
24.371275 17.369803 0.029125155 0.017776035 0.4829 0.5
21.919957 22.185836 0.028392003 0.0015054843 6.274711 0.5
19.582651 8.0397308 -0.026992307 0.0016539344 1.301021 0.5
22.075908 8.0377677 0.013993803 0.0014296052 3.538852 0.5
26.378164 9.9793607 0.078145345 -0.0015487663 1.72413 0.5
16.660129 1.8311395 0.024619024 0.0063017556 0.779811 0.5
20.856307 7.5364971 0.0028316051 -0.068291812 1.209651 0.5
26.393287 12.393273 0.059792297 0.018675749 5.377079 0.5
20.985642 2.654828 0.022209351 -0.034449844 3.122843 0.5
12.080097 17.073393 -0.055970559 0.095879869 4.105439 0.5
24.694701 20.288697 0.010909255 -0.032833826 2.246795 0.5
24.154179 7.0804284 0.019782467 0.026457168 3.468535 0.5
15.625246 21.69568 0.0098497027 0.29562183 5.532293 0.5
19.281021 5.2693516 -0.066094095 0.012375513 0.531572 0.5
17.262489 5.6126416 -0.0072434212 -0.05495038 5.261584 0.5
23.320138 18.903871 0.051623311 0.018908385 0.040113 0.5
17.939092 3.4681452 -0.022855326 -0.044295909 4.576591 0.5
18.391067 25.374059 0.039514614 -0.029286898 0.209824 0.5
12.766458 5.7682015 0.21669827 -0.14097244 1.770879 0.5
4.2213473 14.683357 -0.020378581 -0.023786746 4.791815 0.5
17.258988 19.724108 -0.024625404 0.016453694 2.522673 0.5
18.968478 1.625685 0.017895424 -0.085469495 3.232151 0.5
10.080224 4.6865764 0.032243107 0.027694016 0.943125 0.5
22.69589 21.319936 0.067995243 0.047364968 1.031271 0.5
23.830964 9.4303942 0.021826045 0.010057512 1.523797 0.5
24.791251 6.0833871 -0.00067249896 0.013903101 1.787492 0.5
12.819741 1.8828159 0.036781219 0.010441593 3.056837 0.5
9.7262084 8.5879243 -0.3646085 -0.037866132 3.332967 0.5
18.11623 4.8094644 -0.024535543 0.020116519 3.889918 0.5
17.017145 22.320324 0.0466601 0.21761808 1.775857 0.5
20.267266 4.7129033 -0.00049260598 0.054770333 4.33857 0.5
21.594796 6.5975211 0.036891303 -0.0042953526 2.652322 0.5
11.710966 15.145932 -0.15999321 -0.044035679 1.360759 0.5
19.567302 15.259121 -0.014039238 0.1066085 1.350476 0.5
26.611152 18.351043 5.0166773e-06 -3.2305444e-05 3.139709 0.5
18.281155 7.4329317 0.02537015 0.012264215 3.877928 0.5
17.824687 2.073954 0.040796547 -0.008353386 4.111005 0.5
10.531847 2.1325288 -0.026516461 -0.034089668 4.354529 0.5
20.8777 17.342992 0.022902842 0.029475077 1.958136 0.5
3.0992257 17.334543 0.0016495813 0.016455777 1.935129 0.5
15.845651 2.6264106 -0.014711517 0.0024119191 0.983243 0.5
20.933291 25.093642 -0.0063641451 -0.055107292 4.524452 0.5
10.031403 26.435616 -0.017341118 0.037207575 4.628506 0.5
5.0236486 5.9881816 0.024390046 -0.049349119 4.619789 0.5
19.944756 9.1562304 0.042488989 -0.00054954462 6.246698 0.5
22.211967 20.141979 0.028867363 0.0050294704 2.597917 0.5
19.03053 22.339543 0.016292822 0.082501073 5.540445 0.5
21.981125 18.06398 -0.0060323136 0.0020212745 1.135786 0.5
10.924786 20.881035 -0.025176679 -0.010142587 0.649744 0.5
8.6454697 9.3500537 -0.012284291 0.06531588 4.647872 0.5
23.824808 21.405613 0.020625433 0.022747234 3.116928 0.5
10.735359 0.9834289 -0.038619478 -0.025445218 1.058365 0.5
3.3414991 7.9178888 -0.15765332 0.10233784 1.223223 0.5
4.1881886 16.765589 -0.0062338356 -0.0030216645 6.185729 0.5
1.8416826 8.8354005 0.012468015 0.031733933 5.03693 0.5
19.255053 23.465201 -0.053046888 0.026067934 0.158334 0.5
23.371089 20.32031 0.0090989843 -0.029290952 0.09489 0.5
13.138667 23.866742 -0.020420153 -0.021553724 3.182579 0.5
23.868395 4.9902377 0.01952953 0.010052846 5.999337 0.5
13.938578 1.7303861 -0.041750449 -0.011913103 0.712677 0.5
11.319475 7.392059 -0.78887455 -0.18632249 1.70588 0.5
7.0687831 4.39963 -0.074593901 0.021293236 5.092516 0.5
22.661485 7.01215 -0.0025607192 -0.0034961917 0.506989 0.5
5.7004838 17.315218 -0.014605721 -0.027617201 4.452103 0.5
25.121967 21.4836 0.034031772 -0.0042517798 3.429354 0.5
10.56199 3.2932744 -0.032970301 -0.13130025 5.942963 0.5
21.86163 12.908557 -0.0093367022 -0.0219285 2.062723 0.5
23.009292 5.753092 -0.0013708183 0.026009924 2.598321 0.5
11.843066 25.338227 0.0054752601 0.0019115194 6.159219 0.5
7.6995321 5.9012994 0.020689666 0.027365105 1.488917 0.5
3.8986362 19.161545 -0.0058738984 0.023889903 1.927238 0.5
5.9079186 14.455486 -0.055299453 -0.023489538 3.98558 0.5
18.594402 8.9822812 0.023403857 0.059452164 3.515453 0.5
21.494877 23.522222 -0.026492212 0.0037813142 3.362574 0.5
5.1707489 23.511052 0.00028376102 -2.8608393e-05 2.617045 0.5
16.473574 16.550459 0.0058426971 -0.088926386 4.416501 0.5
9.8925612 20.098786 0.024081037 0.016112056 2.357123 0.5
8.7340186 6.5958822 -0.021071332 0.049641586 0.027213 0.5
14.204808 7.6159351 0.68584575 -0.21208233 3.270335 0.5
4.5540876 9.081048 -0.01047537 0.0022287678 5.133302 0.5
10.619703 25.413486 0.0040427195 0.019196719 4.163048 0.5
7.4811687 2.2598613 -0.01998224 -0.0024307013 3.93618 0.5
7.7777435 23.757999 -0.0021724333 0.028725712 5.951127 0.5
22.641724 24.280191 -0.024845097 0.034164226 4.082451 0.5
9.4225134 16.869173 -0.30449845 0.51742027 1.780305 0.5
19.15537 11.145448 0.0087161589 -0.018669869 2.847882 0.5
8.2906956 10.602007 -0.3365022 -0.19164289 1.767937 0.5
12.000384 21.353155 -0.0044187368 0.043163254 0.00135 0.5
19.049244 4.0670291 -0.017942227 0.0035939381 5.312468 0.5
5.5494187 19.791024 -0.020684536 0.03687963 0.320289 0.5
16.250703 18.441587 -0.017887505 0.027213409 0.581132 0.5
13.707827 6.4938758 -0.23988588 -0.83168493 3.087421 0.5
18.361748 14.159484 0.031890223 -0.054366901 3.560403 0.5
10.127097 24.070984 -0.014015236 -0.014761308 0.555117 0.5
11.827821 6.2828723 0.5892843 -1.7118279 6.220608 0.5
8.3844314 26.072385 0.0115103 -0.010906922 5.652715 0.5
12.092835 0.75827677 0.033262705 -0.055780667 0.827952 0.5
23.269466 12.897993 0.051073777 -0.072687396 1.054048 0.5
19.189026 18.888303 -0.006407736 0.0082631021 0.319962 0.5
12.548753 18.083835 0.0015035948 0.03207526 2.464344 0.5
16.957256 7.2580158 0.040612387 0.0092932151 3.780782 0.5
20.290346 18.333053 0.036074997 -0.02333373 0.745414 0.5
13.413816 27.161862 -0.028087642 -0.0081796659 3.348875 0.5
11.539057 23.947738 -0.062978638 0.0066810275 5.365761 0.5
14.65493 23.567926 -0.0034002771 -0.0042975329 0.445642 0.5
24.852615 15.756044 0.004586442 -0.017877733 2.979068 0.5
25.147978 9.6552161 0.0020654627 0.0042419676 2.813895 0.5
8.1865727 4.5097172 -0.014720523 -0.027880658 4.039246 0.5
24.001494 10.628129 0.051120105 -0.021025589 4.602055 0.5
17.022749 24.801894 -0.016288653 0.0077561071 1.676583 0.5
5.9551777 4.0958019 -0.00014664341 -0.016992632 1.207935 0.5
16.998523 4.3078283 0.026714544 -0.019710825 6.164191 0.5
6.5892621 11.880369 -0.01083221 0.025931103 1.491784 0.5
2.6926616 7.0048522 -0.011187456 0.0038860487 6.269379 0.5
19.778876 25.790422 0.017981651 0.018724876 0.35856 0.5
15.806208 20.392287 -0.014325955 -0.027158779 0.326238 0.5
18.108171 21.534258 -0.090640677 -0.035771101 1.608548 0.5
15.34108 8.0770683 -0.019484778 0.0096574574 2.616667 0.5
6.5987108 21.293189 -0.013332665 0.017360297 0.410672 0.5
20.008145 2.0765152 0.020481285 -0.0051741835 3.210668 0.5
5.9811125 18.72717 -0.027111594 -0.018677281 0.309541 0.5
14.702188 20.747806 -0.11374671 0.045174339 1.761874 0.5
6.4111681 10.603173 -0.032775971 0.17160157 4.731547 0.5
11.265853 4.2764208 -0.051527368 -0.026974672 0.313065 0.5
8.7139847 2.366802 0.0036658051 -0.0032631059 0.087229 0.5
16.042124 10.986664 -0.016696092 0.026572947 5.713071 0.5
17.952266 9.9024932 0.03518353 0.031985551 0.34983 0.5
23.241913 17.536171 -0.0039037857 -0.0072961025 2.015368 0.5
4.1697481 22.657696 -0.016982544 0.017717113 0.42176 0.5
15.047075 6.8547554 -7.0949431e-05 0.0090087388 5.580866 0.5
22.665127 4.6279884 0.024407015 0.044317817 4.066321 0.5
10.056584 21.590086 -0.0072515267 -0.0012847162 5.863794 0.5
24.280509 22.559295 -0.056179467 -0.049561637 5.355125 0.5
9.1032199 3.7651582 0.042681564 -0.065255917 5.404824 0.5
16.574464 15.145585 0.2100171 -0.089197348 1.361005 0.5
17.339223 26.930454 -0.061416361 -0.028945021 5.19755 0.5
21.080802 3.8876399 0.00026091761 -0.022442203 5.853071 0.5
9.4040163 1.4831353 0.023052409 -0.030570611 2.830697 0.5
13.686073 24.98191 -0.033380274 0.031892842 3.251414 0.5
13.348487 2.8993511 -0.0017116842 0.012454104 3.305262 0.5
15.717063 3.8034305 0.015255281 0.022790324 3.841898 0.5
21.768544 5.4580412 0.01075844 0.022112731 4.917041 0.5
14.652371 22.224872 -0.0093171366 -0.015210695 1.726803 0.5
20.592496 13.201634 0.024375734 0.018948753 2.534849 0.5
20.819066 15.809552 0.03164599 0.0021103614 1.985571 0.5
16.629362 25.958746 -0.032123761 -0.033017719 5.636684 0.5
15.193602 24.629534 -0.01928915 -0.01635655 0.642493 0.5
1.4965854 12.14171 -0.0023086147 0.005064427 5.796573 0.5
8.9736404 23.907386 0.0030249868 0.023357363 4.738871 0.5
17.667066 17.259583 0.069247101 0.11438377 1.568073 0.5
14.744345 0.63887302 -0.034987337 -0.027629012 2.749741 0.5
24.216182 13.541488 0.10135776 0.032394796 1.171823 0.5
20.341606 22.485208 0.043533596 -0.050030912 2.226958 0.5
5.7369758 22.441744 -0.015257917 0.00017558375 1.548545 0.5
8.2531951 22.45449 0.0093284447 -0.0045261745 3.653333 0.5
21.876325 15.396295 0.036076845 0.012282016 4.394256 0.5
9.1331577 5.3321043 -0.073042563 0.068857135 0.605652 0.5
6.9099748 25.252688 -0.0099180932 -0.032667027 3.106146 0.5
19.182842 12.440631 0.060202532 0.017789015 3.095002 0.5
13.468896 0.71103133 -0.027318035 -0.022278583 1.841384 0.5
8.5392655 20.715116 -0.0065802193 0.00051470341 6.034028 0.5
18.907631 2.7503463 0.083136427 0.014145294 1.857551 0.5
24.600364 11.876639 -0.0017363576 0.0031272138 1.702664 0.5
18.531208 6.157431 -0.020166591 -0.019869526 1.16125 0.5
16.923252 21.189839 0.12818859 -0.0263672 4.720586 0.5
6.9895741 22.598729 -0.022880168 0.0005640691 0.205718 0.5
18.100522 24.002983 -0.0086146279 -0.00029688529 5.820667 0.5
22.868245 22.98599 -0.0050001674 -0.039732569 3.894129 0.5
22.938303 14.078275 0.010195096 -0.06338397 3.074393 0.5
14.74905 19.283114 -0.042055556 -0.016360364 0.467747 0.5
11.62731 2.8939891 0.092730841 -0.019497166 5.60533 0.5
5.1722566 21.129292 0.0036557685 0.0023929551 6.227367 0.5
6.1396739 5.3269426 -0.018849216 -0.059571196 5.177094 0.5
19.503972 24.651411 -0.011013874 0.033127028 0.203779 0.5
21.594809 19.170281 0.0084893053 -0.03365755 6.095105 0.5
22.039208 11.782343 0.061553012 -0.054050023 5.150288 0.5
17.394179 8.5561954 0.0083704833 0.035388705 3.059892 0.5
22.724137 9.177684 0.052642175 0.011479713 3.692189 0.5
21.884979 16.679492 0.028284338 0.0070894503 3.246869 0.5
14.001977 8.9600062 0.75659151 0.17715239 2.032293 0.5
8.0325996 17.187959 -0.028078361 -0.022262095 6.136396 0.5
14.693165 5.6925131 0.032506629 -0.01409685 4.563161 0.5
22.818408 10.713389 0.020438976 0.050952089 5.916686 0.5
19.31561 17.135602 0.022728191 -0.018829855 1.344992 0.5
17.704543 18.43245 0.12232594 0.0026928301 3.633442 0.5
18.723015 26.515579 -0.0092567594 0.041139664 2.78777 0.5
26.008339 8.6790506 0.075130988 -0.084248848 1.483056 0.5
14.617495 2.8424981 0.0031230585 -0.0030899202 0.879468 0.5
11.269383 26.708526 -0.012486 -0.0067366095 4.923104 0.5
21.469536 9.142716 0.10748701 0.024251566 5.350229 0.5
15.802116 27.103956 -0.0096569937 0.010143526 1.508644 0.5
9.6445386 22.87898 -0.042402534 -0.019101903 4.32761 0.5
25.299083 13.280901 0.077865438 -0.051165854 1.3724 0.5
26.077011 16.202093 0.081873799 0.026196283 2.64206 0.5
6.4561407 3.0424684 0.00079526415 0.0097732074 2.466218 0.5
10.955911 5.3893505 -0.0099780147 -0.058582226 0.69625 0.5
6.3563931 23.564198 -0.014694866 0.020392615 0.502972 0.5
24.078601 14.655669 0.027175865 0.06498374 4.066135 0.5
20.037381 20.046649 0.013978581 -0.0081846874 3.026607 0.5
23.089003 16.395875 0.018931451 -0.0049621628 6.171553 0.5
13.784633 4.8473055 -0.021592032 0.0090986111 3.767955 0.5
3.7769684 9.9642028 -0.076323482 0.098841876 5.349705 0.5
14.599241 3.9932047 -0.054073567 -0.017571633 3.28374 0.5
23.404256 8.2839808 0.092880147 -0.041557029 1.964272 0.5
8.2152681 24.943289 -0.01927096 -0.0064783691 1.170799 0.5
16.094512 6.2418803 0.012810455 0.047317057 0.802835 0.5
3.6219793 5.7460859 -0.0077540088 0.0072816493 5.063896 0.5
8.353961 8.1171208 0.11139119 0.11202767 2.243796 0.5
11.017472 22.230629 -0.0077843691 -0.025119281 5.270568 0.5
17.77978 11.047237 -0.016879729 0.0080233735 5.757172 0.5
19.71827 6.8743137 0.010772581 -0.039854773 5.271397 0.5
4.2858452 20.299498 -0.013094722 -0.01019273 3.151318 0.5
16.915573 2.9706409 -0.024130635 -0.015339478 0.221595 0.5
1.380874 13.266494 0.0003028578 0.0032368333 1.510648 0.5
3.0452314 20.634504 -0.030348266 0.0077343978 5.29405 0.5
20.394542 23.767278 0.022874516 -0.025844494 2.737677 0.5
19.73295 21.186489 -0.010508916 0.038994396 4.134415 0.5
8.4854838 19.588436 -0.027909625 0.0036853198 1.432456 0.5
16.032462 4.892809 0.020714823 0.0058048619 2.840655 0.5
15.301744 9.6875607 -0.02578898 0.03618171 2.899005 0.5
26.701806 14.314667 0.052774356 -0.03504715 4.137855 0.5
12.556817 22.432827 -0.010413875 0.042141573 1.992807 0.5
27.273864 15.311707 0.015051976 0.022981462 0.375558 0.5
20.457397 5.9535448 0.031506692 0.032314617 0.629977 0.5
21.002892 21.479602 0.00043395018 -0.040605259 5.301885 0.5
25.145921 18.335373 0.11347092 -0.0051640891 1.197725 0.5
12.586865 7.8162877 0.018816896 -0.00031440798 2.939026 0.5
14.611098 27.384295 0.0039142793 0.0027000646 3.912909 0.5
20.896182 14.423077 0.0061298513 -0.0012232357 3.115045 0.5
7.9934966 3.3444247 -0.19950107 -0.068923923 1.662001 0.5
17.438552 1.0185647 0.0171308 0.0080001421 0.131507 0.5
