# x y vx vy theta radius
15.497596 13.833117 0.44244946 0.21876778 1.067218 0.5
5.2419537 20.728317 -0.00015806299 0.0013913344 1.764168 0.5
24.647176 21.767515 -0.022728906 -0.084653873 3.951996 0.5
2.7740144 13.625888 -0.00527454 0.0023360904 4.259518 0.5
2.1008459 10.876143 0.00069744361 0.00078509415 1.882067 0.5
6.8280758 12.23756 0.0053224702 0.011210342 0.92276 0.5
5.5914541 11.749012 -0.0020596089 0.0041940054 4.981497 0.5
24.164037 20.314711 -0.010107956 0.024046748 0.663689 0.5
21.711065 3.0897338 0.23704676 -0.065111147 4.599871 0.5
11.326612 20.061384 0.001165936 0.0022422965 3.315122 0.5
10.031166 19.152427 -0.0014198538 0.027229945 5.224588 0.5
16.798512 22.498278 -0.063678028 0.071329549 4.739779 0.5
25.611921 17.672315 -0.058759417 -0.097819375 0.624425 0.5
14.740189 20.471929 -0.083412734 0.044444704 0.734434 0.5
11.736736 3.1024025 -0.00087951871 -0.00086335428 4.989084 0.5
8.8000944 19.568873 0.0014936378 0.00057338754 2.508867 0.5
14.386955 24.729381 -0.024547345 -0.0016126692 5.939565 0.5
7.4458449 9.8228295 -0.0046368958 0.0060792586 0.028815 0.5
25.852456 13.530413 0.041367266 -0.0043524268 3.449449 0.5
8.7651887 23.75069 -0.0018369026 -9.3037823e-05 0.592282 0.5
20.816203 15.30892 0.73621127 0.28424662 6.045768 0.5
12.143431 25.257275 -0.0046612037 0.029731041 0.890473 0.5
9.2964803 8.6056489 -0.014203737 -0.0013265647 2.353219 0.5
14.735028 26.325308 -0.065547697 -0.063166624 1.672869 0.5
22.464779 11.882596 0.061209678 -0.011747839 4.21507 0.5
23.559363 21.530805 0.051075671 0.0094359321 0.4829 0.5
20.238631 24.647154 -0.052792103 0.01990165 6.274711 0.5
20.784616 13.810112 -0.011169306 -0.044316945 1.301021 0.5
24.484973 10.820045 -0.14838099 -0.11971881 3.538852 0.5
27.384461 15.176919 0.0076866033 0.07738189 1.72413 0.5
9.4600362 7.4481291 0.0080058432 -0.0035024857 0.779811 0.5
12.688198 14.988722 -0.20674849 0.64330333 1.209651 0.5
26.016674 16.221679 -0.0007575632 0.024375654 5.377079 0.5
26.25172 9.0522743 0.24304015 -0.071477141 3.122843 0.5
11.725912 18.969435 -0.053908933 -0.028266296 4.105439 0.5
22.827483 22.591289 0.0340412 -0.13064615 2.246795 0.5
25.283729 10.043281 -0.082397524 -0.1089148 3.468535 0.5
13.612442 23.892672 -0.093783361 -0.0067403698 5.532293 0.5
7.4860094 13.324024 -0.0034283653 -0.0028287925 0.531572 0.5
12.736775 10.429004 -0.033486404 -0.02531181 5.261584 0.5
22.342693 21.415023 -0.12480984 -0.021045776 0.040113 0.5
15.961335 15.168698 -0.22268699 0.65201841 4.576591 0.5
16.959775 25.91488 -0.048980902 -0.04930965 0.209824 0.5
10.518048 13.237649 -0.69140286 -0.54221807 1.770879 0.5
3.5118387 17.144626 -0.0065351556 -0.00078452543 4.791815 0.5
15.608784 22.673607 0.023698631 -0.0093106296 2.522673 0.5
11.551895 6.6032132 -0.013003921 0.0016832224 3.232151 0.5
8.7022268 15.536669 -0.078229857 0.027339012 0.943125 0.5
19.872136 23.569388 -0.04044117 0.013761354 1.031271 0.5
26.781537 11.182972 0.042210362 -0.045639319 1.523797 0.5
25.536334 7.2126513 -0.10327864 -0.22100177 1.787492 0.5
5.0994378 9.609829 -0.0058425009 0.0092792901 3.056837 0.5
8.8552141 17.156468 0.0051347624 0.0042233931 3.332967 0.5
13.162607 12.467735 -0.010517995 -0.0025148675 3.889918 0.5
14.700575 23.615 -0.074520127 -0.023536372 1.775857 0.5
12.902767 9.128336 0.017002477 -0.0062931489 4.33857 0.5
17.796996 7.0525184 -0.0087076564 0.0063256611 2.652322 0.5
7.6130331 19.042028 0.00034183483 -0.00032316985 1.360759 0.5
19.483736 18.350395 0.090751849 0.076826753 1.350476 0.5
26.034486 19.9666 0.035881845 0.046445002 3.139709 0.5
14.508546 16.063445 0.059071318 -0.097996786 3.877928 0.5
14.162966 8.0608191 0.002038896 0.0037057562 4.111005 0.5
4.4162499 11.791501 0.0035630721 -0.0051997985 4.354529 0.5
18.288316 20.931411 0.0060273179 0.023515682 1.958136 0.5
1.2874864 17.674007 -0.0012041996 0.00057387222 1.935129 0.5
5.8592131 4.0048375 0.00051481419 0.0010336593 0.983243 0.5
20.083193 25.886139 -0.0035634219 -0.026256334 4.524452 0.5
9.382483 26.621466 -0.01058566 0.014094028 4.628506 0.5
5.4956432 14.191643 0.00057503631 0.00019212429 4.619789 0.5
22.078423 5.4378634 -0.020668845 0.028492876 6.246698 0.5
20.663497 22.761433 0.01072997 0.028136461 2.597917 0.5
15.653595 24.247776 -0.071196464 -0.036943694 5.540445 0.5
19.853359 20.664597 -0.098229827 -0.017111474 1.135786 0.5
9.4938358 21.505189 -0.0014912256 -0.0010574113 0.649744 0.5
4.3099569 17.934837 0.003245863 0.0048724158 4.647872 0.5
23.057455 23.729227 -0.043253885 0.08682554 3.116928 0.5
7.4442239 6.183996 0.0056803836 -0.053454084 1.058365 0.5
2.1298136 15.429655 -0.0049936775 0.0065658289 1.223223 0.5
2.8140788 18.463666 0.00011960751 0.00063070019 6.185729 0.5
1.7507092 14.0983 -0.00032210333 0.00028715653 5.03693 0.5
16.647002 24.831895 -0.013414063 -0.0098546871 0.158334 0.5
21.81247 23.040078 0.046192746 0.034141341 0.09489 0.5
11.17116 23.721284 -0.0014377281 0.0025304282 3.182579 0.5
19.56953 2.2405253 -0.1218304 -0.43398354 5.999337 0.5
7.2799909 7.4949247 -0.043363821 0.005563992 0.712677 0.5
9.8642603 17.981088 -0.0023649091 -0.0021149727 1.70588 0.5
0.93068676 13.2542 0.0036219501 0.0025599372 5.092516 0.5
23.639428 6.8480771 0.0022430585 -0.23402986 0.506989 0.5
3.8769602 19.007711 -0.002851148 -0.0021407209 4.452103 0.5
23.961639 23.02224 0.070600862 0.080216376 3.429354 0.5
5.906167 10.456495 0.0048960383 0.016345217 5.942963 0.5
22.390451 14.926031 0.016651861 -0.10416452 2.062723 0.5
22.50213 10.421946 0.033812883 -0.073664633 2.598321 0.5
11.342895 26.064057 -0.030687464 -0.039678944 6.159219 0.5
5.0533916 12.821673 0.0057366332 0.007734658 1.488917 0.5
2.2948613 19.81085 -0.00098863004 0.00058257692 1.927238 0.5
5.3573843 18.455154 -0.011901413 -0.0035916854 3.98558 0.5
16.412478 16.6352 -0.045852427 0.0254657 3.515453 0.5
19.183209 25.12786 -0.072627816 0.011430142 3.362574 0.5
4.0340149 22.630623 0.0004407469 0.0006350843 2.617045 0.5
12.24889 20.743449 -0.04591787 -0.0067324254 4.416501 0.5
9.722646 20.320715 -0.0072246492 -0.0047114523 2.357123 0.5
3.306078 11.299401 0.00032170005 -0.003813025 0.027213 0.5
8.7474403 18.353809 -0.027264598 0.0092954441 3.270335 0.5
4.7546045 16.309336 -0.00095010108 0.0018682126 5.133302 0.5
10.178896 25.746949 -0.00020538323 -0.00020144113 4.163048 0.5
4.2719396 5.8604318 0.0029305026 -0.00057011567 3.93618 0.5
8.0990578 22.79981 -0.0016313592 -0.0033678366 5.951127 0.5
21.19992 25.28387 -0.04537172 -0.032208078 4.082451 0.5
9.826294 15.080747 -0.018632938 -0.050009154 1.780305 0.5
17.655683 17.414911 -0.017619208 0.023205304 2.847882 0.5
4.3654991 15.19022 -0.0036354345 -0.0023048506 1.767937 0.5
10.674431 21.073653 -0.0029154743 -0.00067897846 0.00135 0.5
11.508812 5.2877983 -0.0040440597 -0.039900741 5.312468 0.5
3.3433114 20.236242 7.9249212e-05 -0.0012078592 0.320289 0.5
15.612443 18.978945 0.0062268715 0.016851134 0.581132 0.5
8.1310746 14.284678 -0.0017257897 0.0017443507 3.087421 0.5
17.114691 19.964055 -0.021533755 0.018170751 3.560403 0.5
9.4067462 24.782634 0.0001705177 0.00035429162 0.555117 0.5
7.533639 17.440688 -0.00058982666 -0.00190101 6.220608 0.5
8.4808766 25.934112 -0.022268501 -0.016255617 5.652715 0.5
8.9223099 10.089486 -0.01280121 0.01304514 0.827952 0.5
23.194693 17.920441 -0.054030011 0.049832237 1.054048 0.5
17.15449 21.20202 -0.071997394 -0.027784836 0.319962 0.5
13.644105 21.081746 0.011004514 -0.0067296712 2.464344 0.5
21.033542 10.316662 -0.014854451 0.0056264861 3.780782 0.5
19.537245 21.823924 -0.071894304 -0.0047221025 0.745414 0.5
11.926871 27.27943 -0.036074294 -0.0017522687 3.348875 0.5
11.085976 24.881795 -0.02295957 -0.0025476344 5.365761 0.5
13.24116 24.950639 -0.022677581 -0.029083296 0.445642 0.5
24.990547 19.564308 -0.0090114386 -0.0067676155 2.979068 0.5
27.127078 13.690759 0.011036465 -0.02751716 2.813895 0.5
6.2094901 13.266275 0.0003509603 -0.00032548555 4.039246 0.5
24.196094 12.478149 -0.10068921 0.031802299 4.602055 0.5
15.877112 26.346759 0.006948526 -0.031152287 1.676583 0.5
1.7265978 12.113252 -0.0025892858 0.010080591 1.207935 0.5
23.880127 5.7562664 -0.050219488 -0.02371234 6.164191 0.5
6.5097347 18.76668 -0.0019129688 0.0080670404 1.491784 0.5
4.1126468 13.435426 -0.00043466315 0.00042018495 6.269379 0.5
17.850734 26.848018 -0.051664901 0.0018911396 0.35856 0.5
16.04853 21.582399 -0.061241135 0.032922386 0.326238 0.5
17.755148 24.542182 -0.099925995 -0.017504052 1.608548 0.5
14.390857 18.09592 -0.00027012686 0.025273129 2.616667 0.5
7.169811 21.312531 0.00065914747 0.0011332039 0.410672 0.5
16.797666 14.390127 -0.099128443 0.24061832 3.210668 0.5
5.5126601 17.313115 -0.0012219941 0.0011004628 0.309541 0.5
14.096341 22.447317 -0.030102286 0.015970653 1.761874 0.5
3.3227123 14.720303 0.0075433349 0.015774039 4.731547 0.5
7.4273377 15.459781 -0.0013877857 0.0007525354 0.313065 0.5
3.6955462 8.0291244 0.00017309798 0.0029758175 0.087229 0.5
14.156915 19.248632 0.0069471932 -0.0062360556 5.713071 0.5
16.250272 17.802465 -0.1217751 -0.068570433 0.34983 0.5
21.332502 20.072507 -0.021837238 -0.0016739012 2.015368 0.5
4.3107061 21.448491 0.019562207 -0.002552162 0.42176 0.5
13.9366 17.098613 -0.36986798 0.61762367 5.580866 0.5
20.076552 17.180557 -0.028411762 0.019238509 4.066321 0.5
8.0790886 20.506505 -0.0031515272 0.0037455694 5.863794 0.5
22.148795 24.505063 -0.085339591 0.0028001315 5.355125 0.5
4.2658148 10.492735 -0.0040317105 0.0024739774 5.404824 0.5
18.466822 19.751585 -0.0053594337 -0.021000774 1.361005 0.5
15.328518 27.372705 -0.048711445 -0.013116825 5.19755 0.5
22.230657 6.6910434 0.051763473 -0.21904451 5.853071 0.5
5.9828786 8.7053851 -0.00099086812 0.013223054 2.830697 0.5
12.565014 26.322201 -0.0032805965 0.0015120184 3.251414 0.5
11.477969 14.264413 -0.26840419 0.34250126 3.305262 0.5
6.8795861 2.9060734 0.0042949985 0.0021578946 3.841898 0.5
13.910286 6.6188559 -0.00066884562 -0.0024286952 4.917041 0.5
10.519183 22.67068 -0.0016591267 0.021593347 1.726803 0.5
18.213772 18.644851 -0.018846124 -0.023594062 2.534849 0.5
21.926757 19.124093 -0.17376681 0.024124901 1.985571 0.5
13.651173 26.021939 0.017718238 0.037743315 5.636684 0.5
12.409906 24.107951 0.00053368311 -0.00021399588 0.642493 0.5
0.83135649 16.406087 0.013069566 -0.0034784873 5.796573 0.5
8.2706983 24.76266 -0.0017099522 0.0037089817 4.738871 0.5
12.80681 19.514485 -0.0034146421 0.0088344338 1.568073 0.5
10.915878 11.535547 -0.016732338 -0.01994327 2.749741 0.5
25.056481 15.644463 -0.043323356 -0.044022895 1.171823 0.5
18.737323 24.005082 -0.070297951 -0.12976136 2.226958 0.5
6.2235284 24.878419 -0.0011813805 0.00055857228 1.548545 0.5
8.3357025 21.604814 -0.00034369618 -1.6941148e-05 3.653333 0.5
20.65768 18.20425 -0.024606408 0.015539969 4.394256 0.5
6.0378989 15.483993 -0.0031982774 -0.007222915 0.605652 0.5
7.0387185 24.007748 -0.00096776424 0.00075647648 3.106146 0.5
18.509572 16.100354 -0.098592907 -0.071569527 3.095002 0.5
12.325946 8.1080823 0.0021817732 -0.0058058623 1.841384 0.5
6.8350671 22.702996 -0.00015731942 0.00065061336 6.034028 0.5
16.531688 8.1283322 -0.15123657 -0.1195114 1.857551 0.5
25.00862 14.474465 0.059910034 0.037241129 1.702664 0.5
18.470625 14.711812 -0.19991796 0.1223802 1.16125 0.5
16.677631 23.64592 0.0013996695 0.059006347 4.720586 0.5
5.6114091 22.715 -0.00015649168 -0.00042377642 0.205718 0.5
15.32812 25.370153 -0.050155939 0.005498461 5.820667 0.5
21.071632 23.914956 0.023028203 0.022114242 3.894129 0.5
21.728975 17.826797 0.077654953 0.077668684 3.074393 0.5
15.844019 20.326708 0.002147655 0.02793435 0.467747 0.5
7.0596744 11.075577 0.010681415 0.0035840455 5.60533 0.5
6.0038694 21.643134 0.0029262489 0.0039030625 6.227367 0.5
1.6322322 9.2480819 0.0069658274 0.0083492872 5.177094 0.5
19.010864 26.438396 -0.015633566 -0.025987849 0.203779 0.5
20.965835 21.583362 -0.058387132 0.008222095 6.095105 0.5
22.775656 16.775455 0.0075003117 0.016330601 5.150288 0.5
13.199663 18.444276 -0.020092837 -0.012639435 3.059892 0.5
22.820865 13.528132 -0.16253969 0.005996653 3.692189 0.5
22.799717 19.900654 -0.054178481 -0.061889925 3.246869 0.5
11.194684 15.414864 -0.061018218 -0.0079558273 2.032293 0.5
4.9078246 19.649328 -0.0013190157 0.0032847159 6.136396 0.5
9.0944508 13.457228 -0.0021578525 -0.0030443181 4.563161 0.5
23.744737 9.1555922 -0.098463304 -0.13146308 5.916686 0.5
20.190294 19.257319 -0.023187938 0.055998698 1.344992 0.5
17.083964 18.759418 -0.04556006 0.01940983 3.633442 0.5
16.719918 27.156379 -0.066996305 -0.0019733207 2.78777 0.5
27.278952 12.419853 0.047420962 0.026165015 1.483056 0.5
10.593891 7.2616094 -0.0066379018 0.0039355664 0.879468 0.5
10.489867 26.972833 -0.015307965 0.040389395 4.923104 0.5
23.820614 14.354423 0.025649611 -0.034424418 5.350229 0.5
14.196271 27.342458 -0.013833824 -0.031323375 1.508644 0.5
10.042536 23.710789 0.0029248342 0.0065717704 4.32761 0.5
26.2366 15.132443 -0.048850319 -0.061307624 1.3724 0.5
26.361583 18.77181 0.036330617 -0.016430811 2.64206 0.5
3.0370205 6.9490426 -0.0016093291 -0.0048264982 2.466218 0.5
6.534322 16.709695 -0.0015304748 0.0018236057 0.69625 0.5
5.1320617 23.733315 0.00092817055 -0.00040992323 0.502972 0.5
24.407481 16.999849 -0.14928053 -0.096346792 4.066135 0.5
18.174372 22.04524 -0.055774707 -0.034364796 3.026607 0.5
24.186608 18.570578 0.032988683 -0.028098486 6.171553 0.5
8.293747 11.979564 -0.036843369 0.0073034611 3.767955 0.5
0.64713814 15.256813 -0.00012373745 -0.0058893382 5.349705 0.5
10.790738 10.012293 0.0069751362 0.021260613 3.28374 0.5
25.737172 11.961591 -0.09005016 0.021300413 1.964272 0.5
7.2967 25.41319 0.0010450198 0.0007614371 1.170799 0.5
11.003264 16.712892 -0.017939636 -0.012995152 0.802835 0.5
2.8624049 12.447435 -0.0030981158 0.0010446929 5.063896 0.5
3.4667159 16.006703 0.0096836471 -0.0033612737 2.243796 0.5
9.3856859 22.779494 -0.077050059 0.011162915 5.270568 0.5
12.279836 21.896709 -0.0026441461 0.050708927 5.757172 0.5
16.932833 15.636913 0.27596453 0.10283237 5.271397 0.5
3.128401 21.649804 -0.00062558362 0.004342859 3.151318 0.5
5.3739791 7.2839634 -0.0021250791 0.006886164 0.221595 0.5
2.32834 16.764428 0.00060995501 -0.0010345553 1.510648 0.5
1.6644614 18.846455 -0.00035923571 -0.0023509606 5.29405 0.5
18.102254 25.629058 -0.10119284 -0.093802202 2.737677 0.5
17.809709 23.348033 0.02277968 -0.0076997731 4.134415 0.5
6.3171735 20.096129 0.00087389849 -0.00072220076 1.432456 0.5
10.211819 4.1391184 0.00017690917 -9.645024e-05 2.840655 0.5
15.231882 16.909148 0.23639588 0.30605805 2.899005 0.5
27.193987 16.282126 -0.054431777 -0.019855298 4.137855 0.5
12.839806 23.030351 -0.034118772 -0.025885924 1.992807 0.5
26.931946 17.610552 0.040608598 -0.0038634215 0.375558 0.5
9.8839253 12.390172 -0.13496795 -0.099129658 0.629977 0.5
18.956225 22.861718 -0.087559047 -0.056396291 5.301885 0.5
25.322537 20.867461 -0.090675823 -0.044359512 1.197725 0.5
11.904027 17.494636 -0.037281896 0.085645098 2.939026 0.5
13.052929 27.372736 -0.012623065 0.00046184179 3.912909 0.5
23.939419 15.814143 -0.083835084 0.068535974 3.115045 0.5
3.5492754 9.3142929 -0.010756299 0.0049045421 1.662001 0.5
14.47617 14.572121 -0.21821234 0.30988184 0.131507 0.5
