# x y vx vy theta radius
17.736558 7.3046029 -1.1525879 0.2344165 3.1680666 0.5
6.3402006 22.270325 0.0014359543 0.0001511494 1.764168 0.5
24.948839 21.786746 0.0005708629 -0.00025937879 3.951996 0.5
1.743351 13.126397 0.0034421355 -0.022228077 4.259518 0.5
0.63237502 13.46883 -0.027470019 0.021651878 1.882067 0.5
12.429661 16.401864 0.016156624 0.05290609 0.92276 0.5
9.9146258 9.2401826 0.00067847816 -0.0033686396 4.981497 0.5
24.391622 20.64288 0.00020744195 3.3132837e-05 0.663689 0.5
12.155672 3.6658583 -0.22167613 -0.0072280469 4.599871 0.5
12.488173 20.205167 0.038507798 0.0041108629 3.315122 0.5
11.348971 20.200567 0.01380665 0.048952919 5.224588 0.5
17.334393 22.46504 0.00041333523 0.00092744932 4.739779 0.5
24.964166 18.505801 -0.00039648881 -0.00059386214 0.624425 0.5
15.094194 20.932335 0.016288186 0.02580154 0.734434 0.5
17.671877 8.5771994 -0.65592516 0.12078428 4.989084 0.5
9.3860542 20.281474 -0.0031725153 0.0086312502 2.508867 0.5
14.72677 24.360317 7.9325117e-05 -0.00066908932 5.939565 0.5
5.9062791 13.1897 0.10213791 -0.071108329 0.028815 0.5
25.76068 14.278615 0.0014910944 0.00018044384 3.449449 0.5
9.3315678 24.43821 0.0025707346 0.0057116027 0.592282 0.5
22.763926 18.973054 0.00042769935 0.00018883742 6.045768 0.5
12.332009 24.617633 -0.00029023041 -0.0011007601 0.890473 0.5
13.20358 9.9664108 -0.33325189 0.52423394 2.353219 0.5
14.886201 26.329003 0.00071968484 -0.00063726549 1.672869 0.5
26.29939 11.924933 -1.4017161e-06 -1.9809501e-06 4.21507 0.5
23.505339 21.415011 4.4305293e-05 0.00012850726 0.4829 0.5
20.278503 24.716961 -4.9184453e-06 1.2668015e-06 6.274711 0.5
22.420129 16.275191 0.0025937965 -0.0026889256 1.301021 0.5
25.414073 8.3967778 1.0093099 0.51842427 3.538852 0.5
24.651704 16.044531 -0.00029819943 -0.00044573042 1.72413 0.5
13.615849 6.9441071 -0.18261488 -0.15630922 0.779811 0.5
13.723555 15.735206 0.0037643025 0.026268994 1.209651 0.5
24.514858 17.209377 -0.00031590402 -0.00017430997 5.377079 0.5
20.573043 9.2639838 0.24230292 0.41154496 3.122843 0.5
14.137847 19.341206 0.015836259 0.0098288536 4.105439 0.5
22.920825 22.445175 -0.00052356527 0.00035132791 2.246795 0.5
23.807586 4.9120126 0.21792452 0.052807222 3.468535 0.5
14.089547 23.423827 0.0013267745 1.1760107e-05 5.532293 0.5
12.764133 13.561133 0.1359311 -0.093527474 0.531572 0.5
17.429242 13.579105 -0.0012752287 0.0079866874 5.261584 0.5
21.812079 22.146884 -0.00021926368 0.00026910962 0.040113 0.5
17.04906 16.64086 -0.00030464343 -0.00031577509 4.576591 0.5
17.165142 25.969876 0.0013759425 -0.0016518822 0.209824 0.5
15.915309 14.719949 0.00037469959 -0.00033643027 1.770879 0.5
3.8154981 18.63316 0.051378047 -0.019269723 4.791815 0.5
16.264756 22.826409 0.00062190844 -0.00091140337 2.522673 0.5
13.464311 14.539712 -0.043319272 -0.0070185556 3.232151 0.5
9.4220909 16.699431 0.030435027 -0.0028240587 0.943125 0.5
20.038132 23.618907 0.00081584076 -0.00082513218 1.031271 0.5
23.863997 11.920393 1.1484579e-05 -3.8452386e-06 1.523797 0.5
20.197609 10.623635 0.28452279 0.047283652 1.787492 0.5
7.2492649 12.396155 0.025291064 0.04630028 3.056837 0.5
9.2905728 17.926613 -0.058020092 0.0079871839 3.332967 0.5
18.71338 14.562366 0.00096436427 -0.00056441708 3.889918 0.5
15.222659 23.353341 0.0020067541 -0.00051890784 1.775857 0.5
19.815867 11.859298 -0.23739972 0.98583089 4.33857 0.5
20.34088 8.0688327 -0.13024517 0.0047350267 2.652322 0.5
7.8737745 20.379736 -0.039288192 0.050621346 1.360759 0.5
19.862657 18.744682 0.00010235322 -0.00021508719 1.350476 0.5
26.213968 19.500356 0.00026582686 -0.00030939559 3.139709 0.5
15.101062 16.928251 0.00088243548 -0.0022973662 3.877928 0.5
16.247708 11.470525 -0.0035698509 -0.021738295 4.111005 0.5
7.1402021 10.359084 0.1992758 -0.014242344 4.354529 0.5
18.597889 20.475052 0.00065710593 -0.0001233401 1.958136 0.5
1.581054 18.608994 -0.032853562 -0.044683021 1.935129 0.5
14.931798 10.737317 -0.014274464 -0.0027776626 0.983243 0.5
20.342592 25.841097 0.0023161081 -0.00069575312 4.524452 0.5
9.8748567 26.754582 -0.00024453672 0.0018194438 4.628506 0.5
5.2777217 15.443803 0.085316345 0.017378618 4.619789 0.5
18.920096 8.7648911 -0.12257075 0.5735598 6.246698 0.5
20.915557 22.915151 0.00011853491 -0.00017452669 2.597917 0.5
16.181721 23.97203 0.00094065358 0.0006526077 5.540445 0.5
19.797907 20.059929 5.3300628e-05 -0.00041043194 1.135786 0.5
9.7087208 22.015981 -0.013397434 -0.0086098717 0.649744 0.5
4.4130478 19.665867 0.049512991 0.024503391 4.647872 0.5
23.373934 23.521417 0.00025664687 -0.00070852217 3.116928 0.5
5.775138 9.3059186 0.004003184 0.0097290775 1.058365 0.5
2.8793095 16.490608 0.0048517861 -0.017718607 1.223223 0.5
2.7188486 18.925548 -0.011853832 -0.042349967 6.185729 0.5
2.5298286 15.273135 0.073820173 0.093988497 5.03693 0.5
16.881758 24.870634 0.0013101768 -0.00095883957 0.158334 0.5
22.103318 23.293145 0.00035494856 7.4868796e-05 0.09489 0.5
11.483604 23.745632 0.016383629 0.0028649959 3.182579 0.5
22.309673 5.7192832 -0.24334465 0.19019426 5.999337 0.5
16.359532 9.548137 -0.057213168 0.18603861 0.712677 0.5
10.128513 19.237461 0.00015535702 -0.0012711368 1.70588 0.5
0.61568245 14.837677 0.010458108 0.045908951 5.092516 0.5
23.058459 8.4690197 0.45115424 0.48719477 0.506989 0.5
3.2761515 20.031377 -0.016507102 0.015437117 4.452103 0.5
24.153751 22.625594 0.00031030535 -0.00062775513 3.429354 0.5
3.5751281 10.891518 -0.032015182 -0.010991481 5.942963 0.5
21.433739 15.651891 0.00036558723 -0.00043776936 2.062723 0.5
21.506273 10.74582 0.0010394979 -0.00021970541 2.598321 0.5
11.835826 26.299642 0.0011453198 5.0410832e-05 6.159219 0.5
4.7426428 14.084311 0.023139208 -0.012858169 1.488917 0.5
2.9782888 21.146345 0.069716532 0.055618271 1.927238 0.5
5.6954797 19.601797 0.041615662 -0.0050535321 3.98558 0.5
18.687746 13.388134 0.027416481 0.044410783 3.515453 0.5
19.150521 24.949329 0.00034852049 -0.00022110648 3.362574 0.5
4.2998341 23.159662 -0.019360341 0.0053516676 2.617045 0.5
12.947254 21.407532 0.068282268 -0.013045521 4.416501 0.5
10.321892 20.9985 -0.023091149 -0.01633835 2.357123 0.5
2.4788303 11.862703 -0.04123765 -0.0023285987 0.027213 0.5
8.7978015 19.083901 0.10481018 0.013960451 3.270335 0.5
5.0125701 18.692244 0.05873947 -0.057247961 5.133302 0.5
10.662622 25.884792 0.00031862915 0.00031956495 4.163048 0.5
7.1184723 9.0243033 -0.029669975 -0.012816204 3.93618 0.5
8.3541284 23.761621 -0.12047811 0.057930133 5.951127 0.5
21.387508 25.205966 1.0474135e-05 -0.00027953097 4.082451 0.5
14.999313 15.471845 0.014468704 -0.0498232 1.780305 0.5
18.229983 16.87852 0.00037172327 -0.001062638 2.847882 0.5
3.7876238 15.799184 0.0016621474 -0.0536269 1.767937 0.5
11.595939 21.635035 -0.012150541 -0.0004042571 0.00135 0.5
20.907064 6.5603928 0.015535071 -0.048611513 5.312468 0.5
4.0738012 20.868209 0.051456798 0.025167755 0.320289 0.5
17.303648 18.972915 0.020255891 -0.0015813292 0.581132 0.5
10.435361 17.808505 0.024247322 0.010473713 3.087421 0.5
17.454764 20.120833 0.00093644069 -0.0026293643 3.560403 0.5
9.4844585 25.672204 0.0014373291 0.0013990752 0.555117 0.5
7.6086312 18.691386 -0.017570093 -0.065837731 6.220608 0.5
8.4862532 26.251569 0.013708276 -0.0097377427 5.652715 0.5
14.103393 8.479659 -0.044240452 0.37168517 0.827952 0.5
23.003965 20.233574 -4.819968e-05 -0.00014712407 1.054048 0.5
17.326745 21.258132 0.0019370617 -0.0010494581 0.319962 0.5
14.085618 21.491494 -0.022596586 0.012680848 2.464344 0.5
22.192157 9.5863864 0.32374797 0.44561161 3.780782 0.5
19.564097 21.179108 0.000652333 -0.00029577012 0.745414 0.5
12.506387 27.206381 -0.00068164855 -0.0019554927 3.348875 0.5
11.189652 24.867883 -0.0092005063 0.031044297 5.365761 0.5
13.573194 24.484215 0.032367077 0.041227649 0.445642 0.5
25.098733 19.661216 2.4966824e-05 -0.00022578408 2.979068 0.5
27.054786 15.907635 0.00042184402 -0.00072459893 2.813895 0.5
4.8520911 16.546722 -0.029016121 0.094622993 4.039246 0.5
21.705802 13.120264 0.024186159 0.026532316 4.602055 0.5
16.061402 26.18796 0.00017042284 -0.0014311559 1.676583 0.5
2.3513584 14.108269 0.04531929 -0.039443588 1.207935 0.5
22.577676 3.7704278 -0.13114234 0.30740372 6.164191 0.5
6.812008 19.752314 0.048036862 0.0070875802 1.491784 0.5
1.544182 9.8438445 -0.02859021 -0.14703878 6.269379 0.5
18.066049 26.784988 0.0013167035 -0.00017153155 0.35856 0.5
16.280241 21.685863 6.6690984e-05 -0.00018062316 0.326238 0.5
18.095208 24.559693 0.001446109 -0.00092745552 1.608548 0.5
16.173627 18.898998 0.021386357 -0.0019764487 2.616667 0.5
7.4309919 21.682059 -0.025117099 0.03686828 0.410672 0.5
16.211886 12.90705 0.027871029 0.027646847 3.210668 0.5
6.4592402 18.361133 0.12171005 0.027873744 0.309541 0.5
15.054584 22.216913 -0.00012879299 0.00019575398 1.761874 0.5
3.65361 14.563191 0.096485683 0.029018316 4.731547 0.5
6.1510103 16.363333 0.069229752 0.0023065623 0.313065 0.5
10.302282 7.9567039 -0.006097272 0.0073375875 0.087229 0.5
15.382823 19.786039 0.049864811 0.0071987782 5.713071 0.5
17.273249 17.831335 0.0016832867 0.00032072497 0.34983 0.5
20.95844 20.654244 0.00028889553 -0.00027250005 2.015368 0.5
4.8188873 21.921406 0.048800015 -0.031918893 0.42176 0.5
13.446211 17.7313 0.0004213259 -0.0012977222 5.580866 0.5
20.487293 17.374566 0.0022785708 0.00010471303 4.066321 0.5
8.651687 21.282839 -0.011950034 0.018543824 5.863794 0.5
22.303589 24.524234 0.00029936562 -0.00031085419 5.355125 0.5
3.825918 13.310156 0.012968067 0.029625168 5.404824 0.5
18.895984 19.324198 0.00062820312 0.0011725469 1.361005 0.5
15.657099 27.254678 0.00023384841 0.00164115 5.19755 0.5
21.01172 11.965288 0.021942217 -0.018702616 5.853071 0.5
5.9280738 11.682595 0.20481659 -0.041089702 2.830697 0.5
12.836535 25.717965 0.00092075066 -0.00019408637 3.251414 0.5
16.122155 15.935608 0.095400424 0.033113357 3.305262 0.5
7.1995103 4.1039112 0.043810801 0.034438348 3.841898 0.5
5.2845591 6.6433266 -0.0068507548 -0.037952869 4.917041 0.5
10.80275 22.688865 4.1270075e-05 -0.00022548587 1.726803 0.5
19.332091 17.552697 0.0020738486 0.0015299278 2.534849 0.5
21.931982 19.869971 7.9149247e-05 -0.00019303147 1.985571 0.5
14.063107 25.539135 -0.00085898319 -0.00056396013 5.636684 0.5
12.831666 23.57031 0.0018424814 -0.0028170519 0.642493 0.5
1.0566081 17.558351 0.03793691 0.08908728 5.796573 0.5
8.4113016 25.132392 -0.016183792 -0.0038156543 4.738871 0.5
13.677119 20.375511 0.0011456627 0.00067180544 1.568073 0.5
14.801767 11.975387 -0.0057858424 0.047981809 2.749741 0.5
23.575228 16.416763 0.00035703915 0.00021983486 1.171823 0.5
18.923229 23.798582 -0.00039327883 -0.00081430448 2.226958 0.5
6.1676134 24.905562 0.0011500113 0.00040377192 1.548545 0.5
8.4581476 22.452983 0.00051397506 -0.0010141615 3.653333 0.5
23.238279 13.376195 0.00039301331 -9.2781906e-05 4.394256 0.5
5.5443938 17.695977 -0.026440782 0.040399196 0.605652 0.5
7.1889746 24.244223 0.00033840699 -0.0020642965 3.106146 0.5
20.403 16.129053 -8.8558472e-05 -0.00042063648 3.095002 0.5
21.592518 8.6534645 0.68002335 -0.38958093 1.841384 0.5
6.3973633 23.444081 0.048799022 0.02494562 6.034028 0.5
17.85651 9.6985565 0.068436468 0.72901596 1.857551 0.5
24.481236 14.06824 3.1940372e-05 -0.00047410182 1.702664 0.5
17.18172 15.474731 0.0013739049 -0.0014072451 1.16125 0.5
17.295884 23.732102 0.0012966868 0.0010884771 4.720586 0.5
5.3955178 22.928813 0.09370144 0.0036360369 0.205718 0.5
15.65616 25.127016 0.0013257695 0.00010051117 5.820667 0.5
21.206679 24.038765 0.0012239988 -0.00080418256 3.894129 0.5
21.375595 18.378464 4.634182e-05 -0.00018313395 3.074393 0.5
16.362974 20.524814 0.00063930362 -0.0017946657 0.467747 0.5
9.1832558 15.531054 -0.00069196618 -0.0068560662 5.60533 0.5
7.4425716 22.972534 0.00052469264 0.0010550948 6.227367 0.5
2.7788101 9.3379846 0.057420173 0.06095622 5.177094 0.5
19.258742 26.294622 0.00099638484 2.0159777e-05 0.203779 0.5
20.709811 21.784593 0.00045386853 -9.3790742e-05 6.095105 0.5
21.662047 17.126891 0.0019978457 0.0013198596 5.150288 0.5
14.856296 18.234185 0.00068685773 -0.0025176818 3.059892 0.5
22.346775 14.093823 0.022261214 0.030549325 3.692189 0.5
22.077996 20.991924 0.00019354981 -0.00010921725 3.246869 0.5
11.541355 17.433814 0.0043312117 0.013011911 2.032293 0.5
5.3820605 20.835057 -0.028712515 -0.0014618995 6.136396 0.5
10.31827 15.482583 0.031798118 -0.0021938599 4.563161 0.5
19.82518 13.047237 -0.011395574 0.01616252 5.916686 0.5
20.86392 19.386985 0.0003358677 -0.00021227743 1.344992 0.5
18.306038 18.369383 0.0012400765 -0.000565699 3.633442 0.5
16.77767 27.081691 -0.00042597116 -0.00064579797 2.78777 0.5
27.02064 14.744976 0.00045330063 -0.00068321463 1.483056 0.5
21.415099 4.5735984 0.048863189 0.013727397 0.879468 0.5
10.985055 27.080681 0.00093185359 -0.0011798242 4.923104 0.5
23.408331 14.542922 0.00039721202 8.3995161e-06 5.350229 0.5
14.342118 27.411417 0.0012142338 0.00059670196 1.508644 0.5
10.356404 23.97644 0.0029575037 -0.0058887353 4.32761 0.5
25.700045 15.431592 0.00036841315 -0.00063202777 1.3724 0.5
26.406181 18.29026 0.0006835438 -0.0002483301 2.64206 0.5
2.7609463 6.9936994 -0.0052510205 -0.04496764 2.466218 0.5
7.272596 16.547301 0.025722345 0.098952483 0.69625 0.5
5.1591511 24.105465 0.00096997266 0.00075510555 0.502972 0.5
23.65875 18.289141 -0.00017119041 -0.0003087007 4.066135 0.5
18.499838 21.606722 0.0011060417 -0.00016476418 3.026607 0.5
23.896879 19.434262 0.0003680388 -0.00010359047 6.171553 0.5
7.0055399 14.572026 -0.1054587 -0.051455888 3.767955 0.5
1.4093153 16.498702 0.019576269 0.0010075433 5.349705 0.5
18.033681 11.604273 0.0098562915 -0.0052520178 3.28374 0.5
22.168722 11.876407 0.0012553651 0.0016854056 1.964272 0.5
7.3526276 25.499295 -0.0071033179 0.0030188713 1.170799 0.5
11.732887 18.773576 0.0052411997 -0.030854288 0.802835 0.5
0.84913172 11.38076 0.048708276 -0.01163489 5.063896 0.5
4.1281069 17.495902 0.059780039 0.089519046 2.243796 0.5
9.4384944 23.213886 0.059946523 0.097076735 5.270568 0.5
12.075201 22.720067 0.013123805 -0.012359937 5.757172 0.5
18.478572 15.750538 -3.2731019e-05 -0.0014259837 5.271397 0.5
3.4404007 22.182572 0.036444825 0.06252833 3.151318 0.5
4.1669101 6.7293941 -0.106567 -0.011098831 0.221595 0.5
2.2990623 17.688414 -0.029637157 0.13144419 1.510648 0.5
1.9004771 19.81806 0.00013643036 0.0022737195 5.29405 0.5
18.254618 25.672264 1.8120639e-05 -0.00093944507 2.737677 0.5
18.426219 22.760461 8.2619018e-05 0.00063333325 4.134415 0.5
6.5868288 20.925344 -0.00085810078 0.027562005 1.432456 0.5
17.777751 5.7999014 0.17657069 0.065895294 2.840655 0.5
16.055892 17.782065 -0.0025632114 -0.024137722 2.899005 0.5
25.646022 17.114983 7.7046365e-05 -0.00051714128 4.137855 0.5
13.288394 22.488677 0.0001004298 -0.00058888148 1.992807 0.5
26.883675 17.10608 0.00029879947 -0.00037018743 0.375558 0.5
13.611873 11.609647 -0.010418672 0.024181214 0.629977 0.5
19.745098 22.522823 0.00036014934 2.2718647e-05 5.301885 0.5
25.623766 20.694296 0.00030190276 -0.0005428381 1.197725 0.5
12.938815 18.944602 -0.0057662985 0.0085144222 2.939026 0.5
13.494547 26.655195 0.0021142789 -0.00088000923 3.912909 0.5
22.814751 17.442836 0.00028444328 -0.0001351892 3.115045 0.5
3.2807295 8.2618891 0.046918284 -0.079492923 1.662001 0.5
14.623158 14.239058 0.018144618 0.032601759 0.131507 0.5
