# x y vx vy theta radius
13.698897 13.302141 -0.67123328 0.98279399 3.1348608 0.5
21.729641 6.0153819 -0.0040707322 0.048536257 1.764168 0.5
21.529986 17.056397 0.033466788 -0.014942296 3.951996 0.5
15.949816 19.68289 0.072684091 0.061020749 4.259518 0.5
2.7307276 17.568246 -0.19523043 -0.060919299 1.882067 0.5
26.16021 16.0462 0.0075497098 0.0010354658 0.92276 0.5
14.824284 19.548739 0.049727043 0.096157054 4.981497 0.5
24.060178 14.907484 0.13772264 -0.11042064 0.663689 0.5
9.7921162 20.434884 -0.049711961 -0.17242771 4.599871 0.5
22.624359 19.236788 0.042412906 0.00074572365 3.315122 0.5
7.786899 21.735811 -0.053468001 -0.026552419 5.224588 0.5
8.5127638 22.78506 0.24747132 0.17686948 4.739779 0.5
23.104687 20.711302 -0.0096229442 -0.088533298 0.624425 0.5
16.396335 18.641487 0.039946158 0.033587426 0.734434 0.5
25.629966 11.751544 -0.0070205858 -0.00041269134 4.989084 0.5
16.100767 20.802805 -0.012752479 -0.012050965 2.508867 0.5
20.325444 13.512217 0.19062269 0.018106331 5.939565 0.5
18.241927 11.85542 0.040138445 0.014113213 0.028815 0.5
18.646965 19.783928 0.029830572 -0.092654205 3.449449 0.5
17.020936 25.923201 0.028305872 -0.0033560371 0.592282 0.5
5.9328814 5.3887424 -0.004079385 -0.107043 6.045768 0.5
7.5873206 9.5005231 -0.029971367 -0.063990459 0.890473 0.5
11.974797 26.075537 -0.0029178034 0.027081318 2.353219 0.5
6.1440615 14.012073 0.050980084 -0.094465555 1.672869 0.5
21.279077 21.380696 -0.049770467 0.0098227368 4.21507 0.5
17.241114 23.603125 0.009347742 0.067305681 0.4829 0.5
25.950369 12.974804 -0.0088771008 0.019760878 6.274711 0.5
25.755526 17.127563 -0.031732906 -0.074665605 1.301021 0.5
23.322681 18.110141 0.075941747 0.0068048948 3.538852 0.5
23.584517 23.422715 0.017326328 0.15447 1.72413 0.5
5.1608688 20.683788 0.045315681 -0.059850638 0.779811 0.5
12.514675 23.923722 0.066859796 -0.11129659 1.209651 0.5
4.532716 23.477608 -0.012238112 0.2853982 5.377079 0.5
21.322084 7.3804807 8.898433e-05 -0.014582301 3.122843 0.5
19.649342 15.879405 -0.10851009 -0.14253145 4.105439 0.5
25.154553 19.367362 0.11044726 -0.094893166 2.246795 0.5
22.486397 4.4818987 -0.016528063 -0.009116799 3.468535 0.5
20.640328 2.7008597 -0.0068124914 0.0045138707 5.532293 0.5
3.2151512 21.782268 -0.39043451 -0.18619505 0.531572 0.5
10.219658 24.725293 0.070019188 -0.07752821 5.261584 0.5
15.755824 16.193579 0.13943302 0.13351911 0.040113 0.5
16.195217 25.15348 0.14122613 -0.073429294 4.576591 0.5
13.759215 2.7146505 -0.044894123 -0.0064772411 0.209824 0.5
20.342808 19.168821 -0.0085181595 -0.026075569 1.770879 0.5
23.33038 22.279015 0.04183185 0.017086223 4.791815 0.5
9.9387248 23.3555 0.0052917818 -0.0032844716 2.522673 0.5
22.783315 9.0152271 -0.00040255317 0.031515522 3.232151 0.5
18.522514 22.056477 -0.10891606 -0.15247386 0.943125 0.5
3.4365169 15.561309 0.06456205 0.073372986 1.031271 0.5
22.137937 12.002485 0.26322323 -0.1029081 1.523797 0.5
26.130797 8.8854102 0.020404998 -0.031872922 1.787492 0.5
14.548818 20.694368 -0.027534615 -0.033959753 3.056837 0.5
9.095844 25.257454 0.21677977 0.023960018 3.332967 0.5
11.282727 18.40483 -0.11561917 -0.051111335 3.889918 0.5
6.396331 23.319733 0.15429217 0.050982341 1.775857 0.5
18.05336 15.958286 0.26263951 0.20554296 4.33857 0.5
20.952842 12.521715 -0.085555017 -0.066872577 2.652322 0.5
11.693521 22.991862 -0.047380896 -0.13677202 1.360759 0.5
19.955008 7.3983813 -0.015248799 -0.017624787 1.350476 0.5
16.150858 22.90067 0.13120873 0.016136482 3.139709 0.5
19.117407 5.566939 0.038028051 0.043484632 3.877928 0.5
15.997894 11.767425 0.481687 -0.14506139 4.111005 0.5
26.267382 19.448275 0.0012507033 -0.043983793 4.354529 0.5
20.403726 22.243857 0.11210903 0.052058839 1.958136 0.5
7.8349176 12.842892 0.015169587 0.014455788 1.935129 0.5
24.590283 12.70678 0.026040922 0.027262356 0.983243 0.5
4.0743352 10.144557 -0.0012040226 0.11099906 4.524452 0.5
19.633593 26.19348 0.025292656 -0.090828457 4.628506 0.5
1.1662242 16.004977 0.00033408741 0.080331063 4.619789 0.5
20.851853 18.102979 0.21487574 -0.046231992 6.246698 0.5
22.738194 14.54651 -0.0021437349 -0.0008377909 2.597917 0.5
18.096338 3.8207374 0.040861615 -0.046009783 5.540445 0.5
16.803229 9.3970253 0.55109292 -0.95393228 1.135786 0.5
19.349481 14.000789 0.43855198 0.32984534 0.649744 0.5
9.1175432 19.363202 0.51832185 0.16797735 4.647872 0.5
7.7619139 19.170292 -0.15646211 0.25259915 3.116928 0.5
2.719534 11.333683 0.073441311 0.0095390857 1.058365 0.5
13.178094 26.192421 -0.0036528404 0.057397174 1.223223 0.5
1.8462667 13.965804 0.060678389 -0.088620747 6.185729 0.5
20.899396 11.389889 -0.003672609 -0.0045189144 5.03693 0.5
17.511544 26.960874 -0.02733565 -0.011490804 0.158334 0.5
27.292086 14.123598 -0.038436603 -0.0054455818 0.09489 0.5
26.194389 14.319549 0.12843098 -0.11143407 3.182579 0.5
8.2772798 20.416502 -0.13269342 0.10993711 5.999337 0.5
23.971886 7.4962602 -0.031262855 -0.017309187 0.712677 0.5
12.731015 25.047273 0.0020146184 -0.0586454 1.70588 0.5
25.235053 8.1319151 -0.019760929 -0.015293073 5.092516 0.5
11.973338 21.51229 0.28268976 0.1049919 0.506989 0.5
25.256715 6.7742372 -0.027837279 0.014342565 4.452103 0.5
16.545083 21.856214 0.021008757 0.065234316 3.429354 0.5
18.766666 18.658257 0.15195411 -0.08907827 5.942963 0.5
14.949962 18.317588 -0.031297453 0.082823547 2.062723 0.5
16.389358 27.231173 -0.059628551 -0.065891798 2.598321 0.5
9.7617386 22.189295 -0.084120483 -0.0034118201 6.159219 0.5
24.008723 21.391274 0.015355318 -0.058040326 1.488917 0.5
9.0053109 8.1967525 -0.45501104 -0.93299388 1.927238 0.5
8.9920541 24.140892 0.22906472 0.46470861 3.98558 0.5
27.082552 11.245278 -0.022957703 0.049208294 3.515453 0.5
13.218506 20.996265 -0.16547958 0.10248621 3.362574 0.5
22.099337 18.033961 -0.034810047 -0.10923227 2.617045 0.5
3.4905951 8.9322205 0.12979779 0.11032405 4.416501 0.5
9.3251095 26.414765 -0.0092442776 0.10411045 2.357123 0.5
22.588869 13.161198 0.0019160404 -0.0040124678 0.027213 0.5
19.631019 20.374169 0.18641314 -0.03864281 3.270335 0.5
21.391924 14.371603 -0.004524586 -0.017937843 5.133302 0.5
13.478056 17.813974 -0.092744624 -0.019205646 4.163048 0.5
15.714316 8.9497466 0.036473563 -0.016068312 3.93618 0.5
15.143128 27.348968 0.00041912381 -0.036556356 5.951127 0.5
13.915028 25.192948 0.037851469 0.011532197 4.082451 0.5
21.952117 20.31724 -0.001793497 -0.017779795 1.780305 0.5
19.37764 12.119367 0.011060237 0.00058545445 2.847882 0.5
18.89051 6.914464 0.039506712 0.0011719614 1.767937 0.5
21.336081 8.524846 0.006514982 0.030318441 0.00135 0.5
22.531725 24.279983 -0.00062015635 -0.011782043 5.312468 0.5
11.010728 23.861549 0.13904211 -0.15857992 0.320289 0.5
21.486496 23.840645 0.16140154 -0.11277958 0.581132 0.5
17.464053 22.494063 0.0088087092 -0.045704645 3.087421 0.5
20.444103 24.540129 -0.063027103 0.055044872 3.560403 0.5
23.375039 15.851781 0.073890954 0.036056349 0.555117 0.5
1.7906086 9.6436139 0.20501966 -0.35919572 6.220608 0.5
7.6567038 23.937106 0.20846745 -0.17949623 5.652715 0.5
13.100722 3.8137975 0.07064188 -0.08564554 0.827952 0.5
10.397262 26.869633 0.02688977 0.07000416 1.054048 0.5
18.582968 26.613457 0.035852213 -0.023744139 0.319962 0.5
17.57677 18.558563 -0.0013802724 0.011134796 2.464344 0.5
18.312611 1.4660676 -0.019612362 0.048564393 3.780782 0.5
10.892509 20.858826 -0.27106839 -0.093916663 0.745414 0.5
23.348392 10.648758 -0.04625423 0.012033115 3.348875 0.5
27.365363 15.338829 0.002659581 0.052183697 5.365761 0.5
20.242243 16.916185 0.048487056 0.022195295 0.445642 0.5
8.2759826 17.527234 0.46123332 -0.31141138 2.979068 0.5
12.374713 17.028466 -0.13434828 -0.0465857 2.813895 0.5
14.503011 26.249092 0.057365615 -0.066346354 4.039246 0.5
24.566618 11.154982 -0.0058425085 -0.013039234 4.602055 0.5
19.031186 8.2105623 -0.017215335 -0.012659482 1.676583 0.5
20.82146 20.217165 -0.0074614698 0.027531249 1.207935 0.5
18.827531 17.183685 0.10176944 -0.069058552 6.164191 0.5
17.167232 16.902476 -0.023171533 -0.1237341 1.491784 0.5
10.449069 14.10031 -0.14259169 -0.26568931 6.269379 0.5
5.3758193 22.748907 0.13809172 -0.025223205 0.35856 0.5
24.306355 5.712424 -0.038591436 -0.01216642 0.326238 0.5
25.593228 9.8775583 -0.027229229 -0.038108297 1.608548 0.5
19.482361 2.8466676 8.5997284e-05 0.00070692042 2.616667 0.5
14.431338 10.195925 0.22884368 -0.61708368 0.410672 0.5
4.0313424 18.053282 0.42054224 -0.27961419 3.210668 0.5
17.322292 12.540908 0.22045992 -0.16436618 0.309541 0.5
18.161886 25.577962 0.070086005 -0.094535355 1.761874 0.5
21.48939 22.587301 -0.055638339 -0.045698643 4.731547 0.5
17.349917 8.3845272 -0.009766028 0.003471121 0.313065 0.5
1.7303883 12.402808 0.25637931 -0.21839245 0.087229 0.5
4.3324005 6.8531681 0.0095946357 0.010356038 5.713071 0.5
16.875882 15.773469 0.63220428 0.73408692 0.34983 0.5
11.711199 10.26641 0.0060072208 0.0090799814 2.015368 0.5
19.396832 22.797685 -0.075061149 -0.15496515 0.42176 0.5
1.0046507 10.831609 0.20856902 -0.032100212 5.580866 0.5
22.070489 10.200915 -0.012788098 -0.0056268965 4.066321 0.5
16.196369 24.012282 -0.048375994 0.047238981 5.863794 0.5
25.081809 13.791077 0.013981375 -0.027076828 5.355125 0.5
12.636173 27.16661 -0.0091741614 -0.03758916 5.404824 0.5
24.733117 17.603977 -0.0018544405 0.044456707 1.361005 0.5
25.732482 20.518581 0.074912726 0.021251713 5.19755 0.5
15.03045 25.190659 0.31649605 -0.018060457 5.853071 0.5
24.47737 22.400424 0.06553042 0.049458829 2.830697 0.5
8.9587784 21.370027 0.01522806 0.10559311 3.251414 0.5
5.6490444 24.466273 0.062354789 0.089567485 3.305262 0.5
24.966671 16.324401 -0.016682667 0.05785882 3.841898 0.5
17.595352 20.150281 0.078774349 0.10675677 4.917041 0.5
27.086821 12.570848 -0.017056621 0.019071414 1.726803 0.5
21.603726 24.992549 0.08283441 0.021766823 2.534849 0.5
20.357909 14.818132 0.00057769576 -0.0012323485 1.985571 0.5
18.270747 13.290381 0.14481858 -0.47034218 5.636684 0.5
22.658986 17.02698 0.0049196214 -0.030132348 0.642493 0.5
15.741007 17.481427 -0.048842974 -0.017809415 5.796573 0.5
23.519539 12.202427 0.0063692981 -0.02154274 4.738871 0.5
12.445445 20.117909 -0.040761966 0.050905702 1.568073 0.5
18.519708 14.808859 -0.058598891 -0.13244998 2.749741 0.5
18.303996 10.348538 0.43043226 -0.145331 1.171823 0.5
19.409546 24.008666 -0.2111046 0.05754075 2.226958 0.5
2.7182137 20.408588 0.17514493 -0.39564215 1.548545 0.5
14.707772 0.69174597 -9.1265244e-05 2.6518248e-05 3.653333 0.5
26.722878 17.875104 0.17402341 -0.060685095 4.394256 0.5
18.584985 9.2801217 -0.0038565498 0.005889314 0.605652 0.5
21.494058 19.203735 0.0430356 0.032685679 3.106146 0.5
19.527042 21.53407 0.04949312 0.13927064 3.095002 0.5
5.3052123 17.746659 0.1669923 -0.23978619 1.841384 0.5
15.714941 26.241576 0.015025444 -0.038449229 6.034028 0.5
3.5240763 12.765309 -0.043534872 -0.34077985 1.857551 0.5
18.376447 24.482937 0.024442686 0.0080959933 1.702664 0.5
22.881503 6.4595448 0.0070039629 0.0089023074 1.16125 0.5
6.3802815 21.837165 0.2499713 -0.15682513 4.720586 0.5
13.678157 22.931359 0.023261955 -0.20176036 0.205718 0.5
25.151996 21.479921 0.037954375 -0.054995929 5.820667 0.5
7.0994933 20.846966 -0.1967515 -0.45428866 3.894129 0.5
22.499131 23.131066 -0.075120712 -0.0017710308 3.074393 0.5
20.866162 15.973459 0.083322076 -0.078728557 0.467747 0.5
11.604345 24.966979 -0.051321451 -0.037766312 5.60533 0.5
22.449448 7.906801 0.013611583 -0.029835326 6.227367 0.5
1.3716767 17.374934 -0.0060291082 0.11667124 5.177094 0.5
6.5735543 25.128683 -0.058645745 -0.040867465 0.203779 0.5
0.65261501 13.815039 0.089227294 -0.057671773 6.095105 0.5
24.293852 18.658786 -0.023663401 -0.03739978 5.150288 0.5
22.227296 15.971826 0.12193211 -0.0089052275 3.059892 0.5
15.036571 23.978205 0.050429229 -0.023436909 3.692189 0.5
16.721029 13.784619 0.11495685 -0.15182039 3.246869 0.5
27.142762 16.637632 0.00034230013 -0.000436047 2.032293 0.5
14.171797 16.380126 -0.061422731 0.61347573 6.136396 0.5
25.360021 15.114324 0.1028893 0.12544886 4.563161 0.5
17.24879 10.708174 -0.2079756 -0.46012373 5.916686 0.5
19.328463 25.113376 -0.072786649 0.07330487 1.344992 0.5
17.246287 24.805978 0.0078556077 0.15892815 3.633442 0.5
13.577206 19.742818 0.18871184 -0.23897448 2.78777 0.5
13.952473 5.9194573 -0.11065853 0.0973933 1.483056 0.5
6.8258134 11.463153 0.033898439 0.023923967 0.879468 0.5
6.8398861 16.695949 -0.12550977 -0.416404 4.923104 0.5
24.58819 20.362435 -0.076138327 0.020594801 5.350229 0.5
24.475665 9.9392502 -0.018264048 -0.010771541 1.508644 0.5
15.214019 21.728449 0.12316713 -0.050171177 4.32761 0.5
19.696979 17.962049 -0.017704569 -0.021317467 1.3724 0.5
14.914466 22.83591 -0.021970077 -0.20149314 2.64206 0.5
20.241707 5.6436898 -0.018631398 0.011853827 2.466218 0.5
12.713802 22.41772 -0.13093254 0.026589292 0.69625 0.5
4.3170555 22.175759 0.08671215 0.061005326 0.502972 0.5
20.906164 9.5775651 -0.0029134134 -0.00012659806 4.066135 0.5
23.839759 16.94768 -0.13435922 -0.0692028 3.026607 0.5
10.998021 22.119768 0.19058344 -0.0073654641 6.171553 0.5
22.414635 21.643754 0.055177973 0.01263139 3.767955 0.5
20.655296 25.665556 0.036182339 0.010897944 5.349705 0.5
13.829015 24.067181 0.059823714 0.075452482 3.28374 0.5
26.776208 9.9076741 0.015590456 -0.0027587793 1.964272 0.5
15.599729 15.080538 0.12275853 -0.010512214 1.170799 0.5
6.6668273 19.777207 0.0070853797 -0.1569364 0.802835 0.5
18.408925 23.361933 -0.021370133 0.02024198 5.063896 0.5
17.542964 21.329467 0.14990253 -0.032405709 2.243796 0.5
3.7968396 20.705591 -0.056456152 -0.069896622 5.270568 0.5
11.107389 19.573386 0.080139669 0.38296827 5.757172 0.5
11.472086 27.159299 -0.027261949 0.028114697 5.271397 0.5
4.4279433 15.084863 -0.12794216 -0.18005679 3.151318 0.5
25.635943 18.246804 0.1954562 0.079287545 0.221595 0.5
18.578044 20.91857 0.063945183 -0.05419464 1.510648 0.5
4.9864991 19.178889 -0.055020018 -0.078388267 5.29405 0.5
23.645714 19.729918 0.00015158914 -0.003759991 2.737677 0.5
6.3746025 12.889512 -0.034542306 -0.063442686 4.134415 0.5
5.0020397 16.412908 0.089734879 -0.27724506 1.432456 0.5
20.357841 23.410718 0.1445252 -0.034320501 2.840655 0.5
19.787401 9.2297214 0.00072410805 -0.0075755373 2.899005 0.5
12.809965 18.843026 0.012723639 -0.14586613 4.137855 0.5
7.0656228 17.833669 0.045483858 -0.078510414 1.992807 0.5
14.115141 21.864157 -0.011584846 0.096439303 0.375558 0.5
23.635973 13.597838 -0.050627233 -0.24355898 0.629977 0.5
19.692219 4.461056 -0.015781888 -0.038675783 5.301885 0.5
10.866975 25.849594 -0.046971567 -0.18697359 1.197725 0.5
24.169039 8.7750749 -0.0056803163 0.027129421 2.939026 0.5
13.403865 14.875858 -0.016168402 0.12004276 3.912909 0.5
13.825238 27.353 0.123085 -0.11308409 3.115045 0.5
7.7558847 25.823615 0.05015991 0.020464634 1.662001 0.5
10.072887 18.379422 0.020024014 0.19972311 0.131507 0.5
