# x y vx vy theta radius
13.052832 16.477596 -0.32280272 -0.17124576 1.5603705 0.5
15.015818 10.550373 -0.014692901 -0.00072168605 1.764168 0.5
26.853389 10.53144 -0.021594919 -0.0063072519 3.951996 0.5
21.811693 24.537773 0.0089386534 0.035575669 4.259518 0.5
11.048379 24.414793 0.029573493 -0.00071663659 1.882067 0.5
2.8628193 15.777201 -0.50476874 0.0033709186 0.92276 0.5
20.332111 11.151896 -0.027148135 0.014126969 4.981497 0.5
16.803356 6.0309547 -0.038827961 0.0010936699 0.663689 0.5
21.584908 12.199741 -0.011938485 0.00083200442 4.599871 0.5
11.95065 2.2063906 -0.015483677 0.006056741 3.315122 0.5
20.79107 7.8924672 -0.015484375 0.063203245 5.224588 0.5
25.659952 17.290778 -0.041085803 -0.010057484 4.739779 0.5
19.613592 26.217996 -0.023451088 0.017827248 0.624425 0.5
25.88309 8.0448112 -0.026719388 -0.029024492 0.734434 0.5
23.856301 4.8948883 -0.00096787256 0.014526553 4.989084 0.5
19.559855 16.242736 -0.082645828 -0.0020214697 2.508867 0.5
18.474203 4.8740881 -0.030452386 -0.015463558 5.939565 0.5
1.4347532 15.959179 0.0030442066 0.0037359145 0.028815 0.5
8.3505869 4.996853 0.0037300494 0.037737415 3.449449 0.5
15.613205 8.1728814 -0.098921913 0.0043927248 0.592282 0.5
19.487684 5.4378186 -0.027692457 0.030649419 6.045768 0.5
21.474889 18.233395 -0.058596414 0.0031846159 0.890473 0.5
11.652085 5.1129447 -0.012392674 -0.027635298 2.353219 0.5
17.408786 11.881839 -0.010709553 0.0071013487 1.672869 0.5
20.839105 9.9043 -0.028099343 -0.019258934 4.21507 0.5
17.305139 9.394521 -0.031242336 0.00092719159 0.4829 0.5
8.3988227 24.515349 0.0098239119 -0.0062949111 6.274711 0.5
22.771351 16.150789 -0.00025305764 -0.032195037 1.301021 0.5
26.198822 13.794084 -0.018912182 0.0086274796 3.538852 0.5
15.209761 1.4071732 -0.041041059 0.0046063645 1.72413 0.5
18.10204 23.863887 -0.039996006 0.022947605 0.779811 0.5
19.157294 12.691065 -0.066850052 0.023312043 1.209651 0.5
18.924772 11.498838 -0.0093914236 -0.013369581 5.377079 0.5
10.291737 25.977588 -0.036996796 -0.0025223775 3.122843 0.5
13.514931 3.1891375 -0.0060515077 -0.0077835529 4.105439 0.5
10.992733 18.529196 0.27165782 0.098660402 2.246795 0.5
26.785983 17.882628 -0.039060087 -0.024057922 3.468535 0.5
16.407851 20.299733 -0.048484066 -0.0091093998 5.532293 0.5
6.3041208 12.593102 -0.0055319092 0.003692731 0.531572 0.5
21.906941 3.3394817 -0.0099418123 -0.030009107 5.261584 0.5
9.7758247 18.142509 -0.10153797 0.21554451 0.040113 0.5
13.40055 20.422222 -0.06262001 0.032386626 4.576591 0.5
24.444421 20.521401 -0.0063156576 0.0064052115 0.209824 0.5
6.393351 2.9288861 -0.011131983 0.026269754 1.770879 0.5
22.692904 14.731436 0.026690776 0.0030098865 4.791815 0.5
21.734049 4.5403985 -0.043216158 -0.021496708 2.522673 0.5
16.099135 4.119622 -0.034670786 -0.01953322 3.232151 0.5
6.061893 24.775046 -0.0068126643 0.0070753797 0.943125 0.5
20.682312 4.9261194 -0.0015008697 0.020769381 1.031271 0.5
25.414397 7.0086274 -0.015206328 -0.023191133 1.523797 0.5
23.261948 20.046239 -0.044529742 -0.040492711 1.787492 0.5
20.815696 20.640101 -0.073954726 -0.017101562 3.056837 0.5
15.476658 21.125198 -0.053570076 0.066978481 3.332967 0.5
24.181839 7.0374833 -0.0094095881 0.021423443 3.889918 0.5
22.619281 18.288655 -0.009141428 0.024467406 1.775857 0.5
11.399123 19.800624 -0.035983096 0.033250124 4.33857 0.5
16.59666 15.88758 -0.025961837 -0.026655602 2.652322 0.5
12.508411 6.1100182 -0.014420159 0.016617993 1.360759 0.5
23.708002 11.460909 0.031687496 0.012190134 1.350476 0.5
11.888972 11.15521 -0.082764015 -0.03573486 3.139709 0.5
20.143928 18.600283 -0.046276472 0.0029038372 3.877928 0.5
17.681942 1.0794782 -0.015874966 0.024257987 4.111005 0.5
19.951775 13.911413 -0.045540858 0.010761053 4.354529 0.5
19.417285 8.2113969 0.037382639 0.0048792842 1.958136 0.5
18.43864 16.435375 -0.044106823 0.011848392 1.935129 0.5
12.015656 0.80472081 -0.0089157671 -0.0014851208 0.983243 0.5
22.543662 13.557346 -0.043840068 -0.027621719 4.524452 0.5
15.682602 7.0135918 -0.040044135 0.0032936905 4.628506 0.5
4.9569989 9.715766 0.0023573822 -0.00405392 4.619789 0.5
9.5682289 4.5476299 0.0080455491 0.023215459 6.246698 0.5
20.21644 15.140429 -0.067241615 -0.0021036381 2.597917 0.5
7.5573725 25.645642 0.0034810248 -0.004427235 5.540445 0.5
14.324792 21.060699 -0.028129263 0.035347507 1.135786 0.5
16.887361 1.9669148 -0.031043085 0.0035702314 0.649744 0.5
9.6268784 8.6756973 -0.00092532285 0.031529716 4.647872 0.5
23.378884 9.8599736 -0.032122864 -0.011711402 3.116928 0.5
25.92893 12.631577 -0.0202722 0.0053271871 1.058365 0.5
16.003613 18.725214 0.010087878 0.034297193 1.223223 0.5
17.236154 4.9808662 -0.038778561 -0.0099874542 6.185729 0.5
11.621523 7.5521863 -0.0055118243 0.0077998239 5.03693 0.5
17.491471 18.693688 -0.001390168 0.018927815 0.158334 0.5
7.5910647 21.304043 -0.020525712 0.026232056 0.09489 0.5
20.068282 22.219 0.017283936 0.018917753 3.182579 0.5
13.046131 21.843231 -0.085470687 0.068065396 5.999337 0.5
2.8920373 7.0433408 0.0023541305 0.0099905191 0.712677 0.5
23.709972 15.316768 -0.0040399529 0.028573135 1.70588 0.5
21.031514 25.372362 -0.01261797 -0.025947886 5.092516 0.5
19.580243 20.547509 -0.024923525 0.019896253 0.506989 0.5
8.3265538 12.190665 -0.0034033829 -0.0021846421 4.452103 0.5
18.08692 8.305095 -0.059928001 -0.0045713155 3.429354 0.5
22.243955 20.932979 -0.070912707 -0.019370946 5.942963 0.5
24.910278 11.094508 -0.008896247 0.011302488 2.062723 0.5
23.241041 17.240257 -0.02040762 -0.0037139969 2.598321 0.5
21.457956 8.9364616 -0.0021221665 0.0046739689 6.159219 0.5
16.558458 24.233155 -0.090263407 0.065277183 1.488917 0.5
18.596052 18.899285 -0.020661466 -0.06478475 1.927238 0.5
24.55454 9.9832985 -0.016486599 -0.0090288969 3.98558 0.5
9.038023 6.1608787 -0.0035020309 -0.0061248538 3.515453 0.5
21.319931 6.9034598 0.012982487 0.0092473616 3.362574 0.5
15.809244 2.3908672 -0.014596499 -0.0079141599 2.617045 0.5
16.90276 7.1704297 -0.041571259 0.027356876 4.416501 0.5
21.289321 13.344474 -0.039787066 -0.033879933 2.357123 0.5
21.272274 15.918985 -0.035322006 -0.029572486 0.027213 0.5
8.2954672 13.560717 -0.0065204566 0.0051175891 3.270335 0.5
18.164405 10.550514 0.0061460602 0.033140287 5.133302 0.5
2.9754653 9.1960264 -0.029591725 0.026501874 4.163048 0.5
11.714155 21.524306 0.0077297458 0.016435673 3.93618 0.5
19.451794 6.7178224 0.011251004 -0.010790212 5.951127 0.5
24.759494 5.9653196 -0.011650435 0.0094006819 4.082451 0.5
23.100445 23.792572 -0.036247284 0.0083368138 1.780305 0.5
24.081578 8.9441415 -0.0044243506 0.0019838511 2.847882 0.5
5.7540682 11.277422 -0.020777212 0.0097691474 1.767937 0.5
19.72377 4.3315609 -0.030817484 0.045714192 0.00135 0.5
17.57124 22.830673 -0.043995484 0.00074754693 5.312468 0.5
21.52298 5.6880759 -0.019178894 0.01893096 0.320289 0.5
8.4929495 15.952808 0.002978894 0.024447106 0.581132 0.5
20.000433 24.662002 -0.083201571 0.034533872 3.087421 0.5
26.358667 9.0660099 0.00914748 0.015975995 3.560403 0.5
12.426516 18.886456 0.0039793182 0.016829259 0.555117 0.5
18.450056 21.308938 -0.051313501 0.045512357 6.220608 0.5
22.686514 10.965959 -0.021369581 -0.016026161 5.652715 0.5
6.3860568 21.065997 -0.00010754204 -0.00016567155 0.827952 0.5
25.723341 18.455893 0.01136835 0.022771905 1.054048 0.5
16.76789 8.3967427 -0.029574465 -0.012152225 0.319962 0.5
4.5754957 7.7946898 -0.014676704 0.016908391 2.464344 0.5
13.72627 9.7098182 -0.0032929806 0.018805803 3.780782 0.5
21.468807 11.015284 0.0060262728 -0.0164294 0.745414 0.5
5.4252545 19.607034 -0.005173912 0.0064102835 3.348875 0.5
10.508487 7.7056487 -0.008963009 0.038884365 5.365761 0.5
8.8903879 19.491792 -0.05087913 0.2019454 0.445642 0.5
13.855139 26.914212 7.0068421e-07 -6.8993685e-06 2.979068 0.5
17.766416 2.6634275 -0.032955735 -0.011283072 2.813895 0.5
16.776415 14.345834 -0.031909912 0.035238339 4.039246 0.5
17.568706 3.8823771 -0.027367602 -0.016716321 4.602055 0.5
16.440891 22.555095 -0.06073272 0.047715869 1.676583 0.5
20.722882 17.179831 -0.057773182 0.0041185039 1.207935 0.5
20.918033 23.678283 0.019872623 -0.003388531 6.164191 0.5
18.307629 7.16361 -0.019339992 -0.018012077 1.491784 0.5
7.2804605 22.480579 0.00024057023 -8.5810489e-06 6.269379 0.5
12.301209 17.65136 -0.016958707 -0.0040501374 0.35856 0.5
22.128587 19.518031 -0.00053430375 2.0628324e-05 0.326238 0.5
12.794996 8.5837637 -0.029143276 0.0081949231 1.608548 0.5
24.811612 21.585678 -0.030781099 -0.0082815361 2.616667 0.5
22.126364 23.16138 -0.013076125 0.0059447602 0.410672 0.5
13.965264 22.623374 0.01903755 0.018357572 3.210668 0.5
18.587757 13.981823 -0.040833953 0.030174766 0.309541 0.5
23.819777 14.161061 -0.0096779497 0.028701644 1.761874 0.5
12.450107 3.5634291 -0.01811247 0.0076350073 4.731547 0.5
14.246566 7.4578247 0.0026845184 0.024043721 0.313065 0.5
16.714129 10.499044 -0.029120069 -0.010597351 0.087229 0.5
10.444811 21.695359 -0.026907638 0.012382165 5.713071 0.5
19.532351 23.440917 -0.025485275 -0.020066011 0.34983 0.5
4.4029709 5.1748019 -0.032752543 0.0040212464 2.015368 0.5
15.561691 16.94091 0.09990434 0.23860484 0.42176 0.5
18.478969 17.651929 -0.049581965 -0.042148787 5.580866 0.5
18.19536 20.056717 -0.032276882 0.058391974 4.066321 0.5
18.98179 2.5707297 0.0059060596 -0.0193611 5.863794 0.5
24.938974 14.810878 0.0073871259 0.029763855 5.355125 0.5
24.401728 17.662173 -0.022535824 0.0053395497 5.404824 0.5
11.777016 23.077065 -0.0058852915 0.034872936 1.361005 0.5
13.986198 8.5695845 -0.045684069 0.008366772 5.19755 0.5
27.201868 14.318122 -0.013860615 0.017857685 5.853071 0.5
10.107166 19.357596 0.027012108 0.031068761 2.830697 0.5
6.9670199 16.836202 -0.34893335 -0.62758561 3.251414 0.5
24.754621 8.0415953 -0.0078427975 0.0064018543 3.305262 0.5
10.54496 22.862062 0.0024200419 0.0015441567 3.841898 0.5
13.593133 13.633391 -0.044104671 0.056496811 4.917041 0.5
18.779182 1.456753 -0.054825981 0.0078840179 1.726803 0.5
25.221124 9.0673591 0.001172709 -0.0054459495 2.534849 0.5
23.489661 6.0902972 -0.042555132 -0.0075278216 1.985571 0.5
20.922624 2.5714135 -0.012020703 -0.017661386 5.636684 0.5
21.493771 21.802803 -0.048738593 -0.03499492 0.642493 0.5
17.562083 13.031765 -0.048662061 0.02232328 5.796573 0.5
13.72042 5.5010218 -0.00056695437 -0.00053344124 4.738871 0.5
18.007844 15.167173 -0.061387971 0.038608033 1.568073 0.5
26.020883 11.492835 0.0047913606 0.010531699 2.749741 0.5
10.943997 3.9521469 -0.0012304729 0.0027665094 1.171823 0.5
10.51748 1.4963651 -0.013174709 -0.0096911862 2.226958 0.5
7.4102806 18.310341 -0.46025788 0.29358817 1.548545 0.5
25.811729 10.059497 0.0028365783 -0.0057184969 3.653333 0.5
23.471817 21.259484 -0.01059398 -0.014312858 4.394256 0.5
26.967093 16.766084 -0.017610512 0.012338802 0.605652 0.5
8.4207326 2.2844535 -0.008090065 -0.0018481774 3.106146 0.5
18.729629 3.6988226 -0.0099714342 0.013305797 3.095002 0.5
17.641519 25.096806 -0.092067444 0.055662381 1.841384 0.5
6.5483913 14.16951 0.0032389367 -0.01496557 6.034028 0.5
23.912433 22.837146 -0.029535343 0.02797863 1.857551 0.5
17.523942 26.438207 -0.043715072 0.041142491 1.702664 0.5
22.04321 10.018369 -0.019358416 -0.034364905 1.16125 0.5
14.902208 3.1869309 -0.013892231 0.01929855 4.720586 0.5
20.283704 12.738372 -0.028947442 0.027785008 0.205718 0.5
24.277378 16.345275 0.0084337474 -0.00018010706 5.820667 0.5
8.3466466 22.880414 -0.00071567386 -0.00090834629 3.894129 0.5
5.6035747 23.060657 0.0026370309 -0.0084996779 3.074393 0.5
21.002626 19.38402 -0.0064963881 -0.019394745 0.467747 0.5
21.962333 7.8684811 -0.025508807 0.0037736329 5.60533 0.5
24.794318 19.428177 -0.0039487069 0.013169106 6.227367 0.5
13.017824 7.1195543 -0.056723962 -0.0048268703 5.177094 0.5
19.945845 3.1737008 0.0049721222 -0.030686369 0.203779 0.5
25.385313 16.007133 -0.019867088 0.022260002 6.095105 0.5
14.186274 2.1775881 -0.00068452993 0.0035574825 5.150288 0.5
17.104722 21.650439 -9.3023438e-05 0.010742308 3.059892 0.5
18.905825 22.473713 -0.095433807 -0.0044069039 3.692189 0.5
22.895787 22.230125 0.0061671532 0.030901135 3.246869 0.5
15.810368 5.26453 -0.00361486 0.0085180262 2.032293 0.5
7.1157666 7.1842841 -0.027890235 0.028621373 6.136396 0.5
22.654086 5.2708535 -0.034472722 -0.010905736 4.563161 0.5
20.476126 6.0972301 -0.023591108 -0.019750101 5.916686 0.5
15.326928 15.640408 0.89482765 -0.67710948 1.344992 0.5
6.5947366 9.5895643 0.015931528 0.019422875 3.633442 0.5
15.910772 11.658433 -0.025886564 -0.0089036346 2.78777 0.5
24.981304 13.604747 -0.0078118992 0.015528427 1.483056 0.5
11.914976 27.112575 0.023912912 -0.092379614 0.879468 0.5
9.0879398 26.304998 -1.6514569e-05 2.3948123e-05 4.923104 0.5
18.498621 9.4277766 -0.013469838 0.0017510683 5.350229 0.5
8.3793478 20.520641 0.011228163 0.23026486 1.508644 0.5
16.192378 13.039007 -0.04260094 0.0038198408 4.32761 0.5
23.136119 7.6318745 -0.018257329 -0.013356831 1.3724 0.5
21.43686 14.653946 -0.045747996 -0.0028762969 2.64206 0.5
3.812503 21.471302 0.013429819 -0.0012202882 2.466218 0.5
16.718553 3.1058129 -0.026172096 0.015189141 0.69625 0.5
16.688816 17.554761 -0.035164941 -0.033848655 0.502972 0.5
27.141025 11.855593 0.0030580331 0.0098033803 4.066135 0.5
24.818562 12.340049 0.010982107 -0.012578117 3.026607 0.5
22.428012 6.5445023 0.0089630354 -0.0017736314 6.171553 0.5
19.298275 10.407602 -0.014249313 -0.019160971 3.767955 0.5
7.1598876 19.986005 -0.59149613 0.56165597 5.349705 0.5
19.921343 1.9513838 -0.0024388147 -0.044193298 3.28374 0.5
13.8229 0.85472784 0.0050397156 0.0071160251 1.964272 0.5
22.67206 8.9382231 -0.016592138 -0.0085008471 1.170799 0.5
9.5729129 2.4436104 -0.015623452 0.018128259 0.802835 0.5
16.496882 0.82218828 -0.02185926 -0.043365001 5.063896 0.5
25.568717 20.607436 -0.0091291142 0.031998236 2.243796 0.5
27.317879 15.615125 -0.021460906 0.0053122801 5.270568 0.5
9.5987407 20.444073 0.2327424 0.050678668 5.757172 0.5
26.168322 19.585268 -0.0038564906 0.025488833 5.271397 0.5
14.792395 6.3090084 0.0031056674 0.0093258087 3.151318 0.5
13.542412 4.3779943 -0.014651155 -0.016891509 0.221595 0.5
10.855929 2.7790955 -0.007766601 0.017880465 1.510648 0.5
5.6968811 4.5118741 0.001821987 -0.0063823199 5.29405 0.5
15.009682 9.127538 -0.040264396 0.004349358 2.737677 0.5
23.70895 18.861372 -0.053812635 0.017467812 4.134415 0.5
26.223982 15.141162 0.0024447077 0.0032801714 1.432456 0.5
20.888335 3.7964948 0.0025832217 -0.048816339 2.840655 0.5
22.77721 4.1041022 0.005037026 -0.020576007 2.899005 0.5
14.661837 4.8818175 -0.032139634 -0.0048348469 4.137855 0.5
15.308856 22.934089 -0.059332381 0.054237465 1.992807 0.5
21.851065 17.128819 -0.042736628 0.012040023 0.375558 0.5
18.888483 25.144083 0.0047939767 0.010836356 0.629977 0.5
22.741796 12.182123 -0.0036875903 -0.00233808 5.301885 0.5
23.673026 13.024659 -0.018625428 0.015513503 1.197725 0.5
16.094086 9.4781227 -0.072846952 -0.0078630452 2.939026 0.5
27.279171 13.048462 -0.0011372319 0.0039804025 3.912909 0.5
19.583166 17.394395 -0.046926442 -0.033736844 3.115045 0.5
17.995525 6.0342468 -0.028518299 -0.017300784 1.662001 0.5
19.921466 9.2265304 -0.013613329 -0.00055373259 0.131507 0.5
