# x y vx vy theta radius
5.0391311 9.3185849 0.16373352 0.35443907 1.4597187 0.5
21.484504 24.354674 0.00079402004 0.0021853019 1.764168 0.5
7.5761816 16.078137 -0.0036215457 -0.011549478 3.951996 0.5
13.490785 8.799 -0.0004182155 -0.020003689 4.259518 0.5
6.8633436 19.622318 0.30044404 0.055506388 1.882067 0.5
11.535067 24.677962 -0.015151016 0.055277007 0.92276 0.5
21.935969 11.359046 0.0037958935 -0.0026878969 4.981497 0.5
2.8679107 12.040527 0.032301398 -0.011059346 0.663689 0.5
18.641695 11.74433 0.034678471 -0.012262715 4.599871 0.5
24.575199 20.214928 -9.8963826e-05 9.33167e-05 3.315122 0.5
17.79401 18.072448 -0.0098157518 0.013289471 5.224588 0.5
6.1477603 23.152035 -0.033744297 0.018121091 4.739779 0.5
25.681159 13.212425 0.00075340634 0.0028590678 0.624425 0.5
10.397628 24.590764 0.085023829 0.046179541 0.734434 0.5
18.80628 18.846322 0.029589416 0.032183191 4.989084 0.5
19.518496 21.744437 -3.517312e-06 1.848289e-06 2.508867 0.5
27.272159 15.053434 -4.3221004e-05 1.7502038e-06 5.939565 0.5
25.205028 9.8190558 0.0020172902 0.011229998 0.028815 0.5
17.306707 16.555984 -0.00039482928 -0.028700338 3.449449 0.5
3.3500776 8.2178961 0.20130518 -0.26283186 0.592282 0.5
21.64599 12.658997 -0.0011594629 -0.00029639868 6.045768 0.5
4.3930981 14.02486 0.20829522 0.044860458 0.890473 0.5
6.335602 5.0913928 0.19565598 -0.081743124 2.353219 0.5
13.588515 20.217373 0.037348002 0.058927811 1.672869 0.5
11.743523 15.590125 0.049201913 0.02731716 4.21507 0.5
20.235602 5.2311333 0.0022095627 -0.0020670025 0.4829 0.5
8.2073535 24.505732 0.20671087 -0.13705709 6.274711 0.5
22.617578 24.132896 -9.5737004e-05 -4.6603426e-05 1.301021 0.5
8.6703557 13.003449 -0.0027650984 0.015393808 3.538852 0.5
17.931494 25.553503 -4.1893375e-05 -5.3738865e-05 1.72413 0.5
20.843684 9.145184 0.022240035 0.010621087 0.779811 0.5
24.388452 22.436512 -4.251242e-05 0.00011553614 1.209651 0.5
15.043925 24.112667 -1.3542635e-05 -9.2062538e-06 5.377079 0.5
17.574049 10.50337 -0.014215783 0.0011618874 3.122843 0.5
17.969963 21.817643 -0.00045831714 0.0033278702 4.105439 0.5
16.217693 18.013027 0.0061835291 0.0024709301 2.246795 0.5
18.507258 14.310996 0.0040304082 0.012323792 3.468535 0.5
13.202796 26.916336 0.00049057059 -0.0011529791 5.532293 0.5
16.880159 4.9789549 0.014138872 0.011239145 0.531572 0.5
25.888 14.517891 -3.4416341e-05 0.0011420981 5.261584 0.5
16.356087 9.6267694 0.0004702357 -0.0040765453 0.040113 0.5
7.0572729 22.186775 0.21292938 -0.011911938 4.576591 0.5
12.479957 19.920976 -0.0060471117 0.031980153 0.209824 0.5
9.2934597 24.863835 0.048390219 0.023244209 1.770879 0.5
12.030531 22.888108 0.014810645 0.0059588045 4.791815 0.5
23.301742 17.414931 -6.9347466e-05 0.0011996481 2.522673 0.5
22.829933 9.1650565 0.025404189 0.0030228791 3.232151 0.5
15.776526 20.545765 0.068432665 0.032676703 0.943125 0.5
27.39881 13.789018 0.00032275064 0.0032131662 1.031271 0.5
25.227649 21.334379 4.1225428e-05 0.00014154294 1.523797 0.5
8.2278851 17.832549 0.055521217 0.035901643 1.787492 0.5
4.5932949 19.147785 0.13471224 0.046482469 3.056837 0.5
21.657927 13.978109 0.00142588 -0.0001621207 3.332967 0.5
16.988102 20.58867 -5.7835254e-06 -1.116493e-05 3.889918 0.5
9.4772746 8.5398053 -0.0140814 0.012398944 1.775857 0.5
25.760252 19.567805 -0.00010603185 0.00015498544 4.33857 0.5
9.439944 19.280364 0.058951761 0.057969962 2.652322 0.5
23.5988 18.852021 -0.00015804364 -4.464681e-05 1.360759 0.5
7.7173721 12.380495 0.72787857 0.25325789 1.350476 0.5
2.0409887 15.681594 0.15513993 -0.030170844 3.139709 0.5
8.0312775 9.0628755 0.090093587 -0.10269507 3.877928 0.5
4.8635519 12.802529 0.077234236 -0.094701854 4.111005 0.5
14.734381 20.058172 0.019490964 -0.012546725 4.354529 0.5
10.661343 15.253605 0.09498901 -0.0016446283 1.958136 0.5
12.417247 14.524718 0.028801723 0.0033212986 1.935129 0.5
25.09474 18.236322 0.00017483457 0.00032596032 0.983243 0.5
15.403822 13.346176 -0.0055937944 0.00077238093 4.524452 0.5
19.317075 17.798465 0.025929361 0.01754077 4.628506 0.5
0.9417807 13.290626 0.08766677 -0.026676992 4.619789 0.5
22.2955 22.684627 -0.00010283972 3.9305509e-05 6.246698 0.5
16.171498 1.1387238 0.00010724076 -0.00083444631 2.597917 0.5
10.995475 7.2216556 0.019831105 -0.01153952 5.540445 0.5
6.1231449 17.002529 0.031927014 -0.030488267 1.135786 0.5
23.834207 11.396066 0.007177722 -0.0058129198 0.649744 0.5
20.59049 16.097835 0.0016018597 -0.00092845028 4.647872 0.5
26.410383 10.604365 8.1671135e-05 0.00028249351 3.116928 0.5
10.561343 16.616005 0.014928516 -0.0016691711 1.058365 0.5
23.135749 6.8363872 -0.0095577604 0.0016188661 1.223223 0.5
14.852963 1.518812 -0.0038106636 0.0037164562 6.185729 0.5
7.6560037 18.824339 0.0087331087 -0.0033095897 5.03693 0.5
11.391181 21.963311 0.024002967 0.0246717 0.158334 0.5
16.964522 26.327773 -0.00015759091 0.00011316284 0.09489 0.5
22.392524 18.130019 0.0016996681 0.00031001425 3.182579 0.5
13.188494 22.566943 0.014230044 0.015940814 5.999337 0.5
11.354387 20.5921 0.047430053 0.030488986 0.712677 0.5
20.411381 13.635406 0.012055 0.036357408 1.70588 0.5
20.258216 19.204518 0.00034982539 0.00049640993 5.092516 0.5
16.121935 21.905865 0.00067009663 0.00025563454 0.506989 0.5
9.2475475 21.919017 0.080727843 0.025459193 4.452103 0.5
6.9507016 24.414964 0.074836881 -0.059754816 3.429354 0.5
7.8776396 6.4884622 0.11115934 0.013407585 5.942963 0.5
2.5137224 17.045929 -0.009110932 -0.021208346 2.062723 0.5
20.803772 21.849182 0.0003636571 -3.7025226e-05 2.598321 0.5
17.926236 1.2895517 0.0088647175 0.0081293377 6.159219 0.5
17.471893 11.863182 0.0067037142 -0.013848976 1.488917 0.5
13.625219 17.890932 0.045028698 -0.01536005 1.927238 0.5
21.013817 17.291541 0.0011272608 0.0028400135 3.98558 0.5
21.576706 20.197932 0.00063138408 -0.00013972559 3.515453 0.5
22.896979 12.012922 0.011086698 0.019885313 3.362574 0.5
21.895892 6.3420935 0.0035134681 0.0018252022 2.617045 0.5
18.459195 20.298227 0.00090858889 0.0012980478 4.416501 0.5
23.565961 8.2885558 -0.0071792558 0.013255523 2.357123 0.5
25.8441 11.95718 -0.0012513483 0.00072950624 0.027213 0.5
3.962534 17.43884 0.016065683 0.24808653 3.270335 0.5
13.889347 25.086095 0.050658613 0.0079668863 5.133302 0.5
19.246575 7.057925 0.00076367022 -0.0056932627 4.163048 0.5
8.5717946 16.651975 0.066136166 0.057963612 3.93618 0.5
20.947204 23.05631 -0.00040213165 1.0151044e-05 5.951127 0.5
4.3154543 20.262871 0.0094914524 0.086345814 4.082451 0.5
4.3158305 11.690468 0.25809176 -0.22975511 1.780305 0.5
22.099983 15.165939 0.00046997837 -0.00077096993 2.847882 0.5
3.2893328 13.093179 0.11499687 -0.093929724 1.767937 0.5
18.554768 15.597089 0.024831341 0.034717574 0.00135 0.5
9.7340925 14.055634 0.031047579 0.020926379 5.312468 0.5
12.379838 21.301507 0.0012305227 0.0011582215 0.320289 0.5
17.657456 6.7602888 -0.0026251467 0.0015287521 0.581132 0.5
3.9162771 22.452496 -0.00648533 -0.029650416 3.087421 0.5
9.473652 20.778656 0.034898248 -0.022845318 3.560403 0.5
17.737405 24.429293 -1.0541184e-05 -3.4236449e-05 0.555117 0.5
10.97699 17.698224 -0.012065994 0.012379229 6.220608 0.5
15.580778 22.984502 0.00081424317 0.00033755103 5.652715 0.5
3.1417766 21.613339 0.042432919 -0.1086398 0.827952 0.5
23.340514 21.781837 -2.327048e-05 2.8130257e-05 1.054048 0.5
24.742308 7.4595392 0.00013587283 0.028694674 0.319962 0.5
23.872406 10.080455 -0.0010127923 -0.00015808112 2.464344 0.5
3.1700915 14.83987 0.019100082 0.019040888 3.780782 0.5
1.3767813 18.31548 -0.027129064 -0.05310316 0.745414 0.5
4.5354497 23.508734 0.054192552 0.055160108 3.348875 0.5
9.5705859 15.868764 0.014426294 0.026358796 5.365761 0.5
22.06377 21.542807 -1.2619735e-05 8.3912925e-05 0.445642 0.5
19.642867 23.943301 1.3126606e-06 -6.5585418e-06 2.979068 0.5
14.945263 21.395747 0.014990136 0.00033698837 2.813895 0.5
13.83254 5.1965226 0.0041701174 0.0089740185 4.039246 0.5
14.650475 18.409818 0.00087083372 0.00071586713 4.602055 0.5
25.053215 8.5416233 0.0087523102 -0.0020643374 1.676583 0.5
12.181209 26.034628 0.0013335823 0.00036710183 1.207935 0.5
15.373588 15.180004 0.031333228 -0.0063260951 6.164191 0.5
21.158073 18.418527 -0.00092939202 0.0014122248 1.491784 0.5
12.914827 7.4978446 -0.011486879 0.0040617331 6.269379 0.5
10.374684 21.449699 0.066729616 0.027061812 0.35856 0.5
14.10591 16.772817 0.025074913 0.0064861395 0.326238 0.5
10.19509 22.68101 0.013412279 -0.0059627042 1.608548 0.5
2.3856065 20.561722 0.037445427 0.16681008 2.616667 0.5
23.467327 14.337056 -0.0010676732 0.00048254985 0.410672 0.5
19.480645 16.394747 0.013007635 -0.0070434843 3.210668 0.5
5.3426159 15.02958 0.063421363 -0.20406938 0.309541 0.5
20.783523 14.972722 -0.00065651766 -0.0016256284 1.761874 0.5
0.97274446 17.144064 -0.10666098 0.0040462459 4.731547 0.5
18.537184 2.3474809 0.0018918185 0.011873982 0.313065 0.5
25.701571 15.756925 -0.0016825465 0.0025272809 0.087229 0.5
26.860189 16.324039 -0.0025614012 -0.00064196297 5.713071 0.5
18.657022 8.5096231 0.0095208228 -0.0092475699 0.34983 0.5
18.488729 23.189841 -3.304516e-06 -3.5915363e-06 2.015368 0.5
14.521241 22.536975 0.00051947879 0.00043016421 0.42176 0.5
12.948061 23.685125 0.016533078 0.014625639 5.580866 0.5
5.8515691 13.409002 0.21640372 0.053597887 4.066321 0.5
22.858311 19.755751 -5.2049286e-05 -3.1755932e-06 5.863794 0.5
10.316332 19.993383 0.034626088 -0.061624541 5.355125 0.5
8.205832 20.068772 -0.0095631619 -0.012785455 5.404824 0.5
12.146648 18.509525 0.014475391 0.0075627633 1.361005 0.5
20.457275 25.559524 4.2963459e-06 0.00015634465 5.19755 0.5
5.551633 20.656591 0.14445897 0.011579223 5.853071 0.5
24.767895 12.34678 -0.0013033894 -0.00048209152 2.830697 0.5
7.3871211 25.66531 0.024000362 0.1128184 3.251414 0.5
13.49898 12.104644 0.051772279 0.0090531565 3.305262 0.5
9.541663 26.18556 0.27897799 0.080269869 3.841898 0.5
11.394795 19.431225 -0.014871452 -0.00012231738 4.917041 0.5
3.3075523 19.342681 -0.11714772 0.026159731 1.726803 0.5
14.148374 10.462419 0.25410132 0.019173182 2.534849 0.5
8.5063213 22.966913 0.097513738 -0.10408703 1.985571 0.5
6.7462237 14.402046 0.070458952 0.026984729 5.636684 0.5
12.681625 24.949553 0.017262471 0.019808526 0.642493 0.5
13.867827 2.7715782 -0.0034675425 0.015906975 5.796573 0.5
11.062515 1.2319589 0.19878774 0.070217816 4.738871 0.5
11.333894 8.3562307 0.004903091 0.0039643668 1.568073 0.5
19.28734 13.457553 0.031791428 0.00010358069 2.749741 0.5
15.493822 10.41422 -0.013075209 -0.017613819 1.171823 0.5
18.008012 4.8896685 -0.015504301 -0.0027361016 2.226958 0.5
6.5958248 18.360026 0.068696305 -0.0067553545 1.548545 0.5
26.807957 18.005169 -0.00036725075 0.002383162 3.653333 0.5
15.69499 4.3748581 0.0087829821 0.015026712 4.394256 0.5
19.46585 10.604087 0.01116479 0.008690322 0.605652 0.5
12.555805 10.474446 0.020791138 0.026893003 3.106146 0.5
21.347051 7.9788707 0.0071944242 0.021115842 3.095002 0.5
20.538174 6.8019936 0.011194928 -0.0021421507 1.841384 0.5
5.4153332 18.052027 0.011177295 -0.063291312 6.034028 0.5
16.829295 3.8500466 0.0095908818 0.0023320314 1.857551 0.5
6.1223627 12.015455 -0.11263163 0.2399323 1.702664 0.5
4.0723761 16.291173 0.088820085 -0.056310482 1.16125 0.5
21.729385 3.7537455 0.0055055104 -0.0026138981 4.720586 0.5
13.328494 19.012577 0.027255564 0.019168242 0.205718 0.5
19.223012 25.425706 -0.00010454218 2.4289625e-05 5.820667 0.5
14.761157 26.359519 0.00091914868 -0.00022440743 3.894129 0.5
15.747976 25.230386 -5.2284311e-06 -7.6272797e-06 3.074393 0.5
19.049812 3.375136 -0.0050112264 0.0086975229 0.467747 0.5
11.966476 16.70847 0.051135854 -0.052164428 5.60533 0.5
5.6798675 19.507471 -0.056440471 0.10696168 6.227367 0.5
10.457782 9.5501715 0.039985024 -0.063142443 5.177094 0.5
11.207703 11.528214 0.067445674 -0.053703676 0.203779 0.5
8.4161669 26.137372 0.0032110904 -0.038982914 6.095105 0.5
16.331096 11.286723 0.00056247317 0.0017451764 5.150288 0.5
20.642217 4.0508287 0.0048050376 -0.0051927139 3.059892 0.5
14.270798 14.475978 -0.012994796 0.030228542 3.692189 0.5
13.75166 21.402541 -0.00052303706 0.0099121698 3.246869 0.5
5.1978343 16.263094 0.16352426 -0.093141137 2.032293 0.5
10.132949 12.208059 0.04046912 -0.035962003 6.136396 0.5
25.638517 16.881939 0.0012714957 -0.00037197609 4.563161 0.5
9.3919702 2.7571403 0.026769897 0.036975986 5.916686 0.5
16.364877 8.4248855 0.0080950911 0.0080382739 1.344992 0.5
15.838723 27.295176 5.8484899e-06 -2.2285541e-06 3.633442 0.5
24.635177 13.799008 -0.0002190059 -0.00057837614 2.78777 0.5
19.634182 15.017109 0.0011325502 0.0011371608 1.483056 0.5
14.691973 3.5654795 0.0092852928 0.0056042159 0.879468 0.5
23.667897 13.113063 -0.0020210482 0.0016144572 4.923104 0.5
8.5554729 14.236414 0.033241395 -0.04456677 5.350229 0.5
8.2490581 3.7294226 0.02539593 0.034445847 1.508644 0.5
23.505052 23.204899 -6.9280099e-05 -6.3516313e-05 4.32761 0.5
2.62486 18.194725 0.017425012 -0.0084830113 1.3724 0.5
6.4221424 15.865528 0.048874078 0.03084932 2.64206 0.5
7.353593 23.3183 0.06311382 -0.12277152 2.466218 0.5
4.4805683 21.406704 0.058403395 0.041348065 0.69625 0.5
11.082831 23.580654 0.041961475 0.044128896 0.502972 0.5
24.543359 15.243033 0.0020412988 -0.0013319399 4.066135 0.5
20.945578 10.394344 0.024847852 -0.026915401 3.026607 0.5
17.148668 2.3221733 0.0030733265 -0.0011048186 6.171553 0.5
8.5743119 15.353397 0.040133436 -0.043254162 3.767955 0.5
2.0844703 19.500679 0.12197296 0.021463921 5.349705 0.5
9.3679483 23.747828 0.075720804 0.026828974 3.28374 0.5
26.159411 9.1339892 -0.0039067379 -0.00037187328 1.964272 0.5
24.537757 17.254197 -5.3346867e-05 8.9987799e-05 1.170799 0.5
22.045033 16.822413 0.00045574881 -0.00018942802 0.802835 0.5
9.5421097 17.754867 0.014724971 0.0061843527 5.063896 0.5
11.145847 13.729727 0.0012164061 -0.020044449 2.243796 0.5
7.2253015 17.174571 0.13653008 0.00018408211 5.270568 0.5
15.814807 2.3884623 0.0073085324 0.0042413657 5.757172 0.5
6.0114103 21.828803 -0.10303615 0.044516572 5.271397 0.5
17.06735 23.267277 3.7059228e-05 4.4734646e-05 3.151318 0.5
5.4367863 24.327241 -0.01570596 0.13245594 0.221595 0.5
7.354756 20.884241 0.060158175 -0.010448133 1.510648 0.5
17.012796 19.176025 0.00016316839 -0.000251915 5.29405 0.5
18.485225 16.950669 0.0062028372 0.0099756106 2.737677 0.5
20.032332 20.712668 -0.00084451445 0.00028328887 4.134415 0.5
8.092112 21.735391 0.1100934 -0.007167587 1.432456 0.5
6.7695417 10.327676 0.13363697 -0.027999444 2.840655 0.5
16.855997 13.748921 0.0040322901 0.013309877 2.899005 0.5
10.713315 25.986912 0.3132744 -0.041942392 4.137855 0.5
12.368573 13.304291 0.010889191 0.010484116 1.992807 0.5
22.800491 4.8370065 0.0030822138 0.020093379 0.375558 0.5
11.745712 27.240179 0.0010546603 0.00082502313 0.629977 0.5
10.407792 18.668991 0.07604754 -0.056168541 5.301885 0.5
20.200917 11.968917 0.020136285 -0.0062786267 1.197725 0.5
5.0482117 22.440326 0.044309293 0.027959327 2.939026 0.5
15.6499 19.278546 0.018817574 0.0050189021 3.912909 0.5
16.646706 15.173825 -0.0031986599 0.0030433535 3.115045 0.5
25.228134 10.955925 -0.0013723401 -1.2281906e-05 1.662001 0.5
23.554823 15.894778 0.00046306555 0.00080083506 0.131507 0.5
