# x y vx vy theta radius
7.9075563 13.373 -0.45698734 -0.11959705 3.7358521 0.5
22.796124 5.4532211 0.0024606964 0.00011942473 1.764168 0.5
3.8709911 12.257959 -0.073452954 -0.19690074 3.951996 0.5
18.047293 21.507882 0.04019389 0.12160433 4.259518 0.5
18.073744 20.112625 0.022217348 0.027380022 1.882067 0.5
15.964399 5.7089878 0.010233131 -0.0020409866 0.92276 0.5
12.442159 7.0506309 -0.00086308058 -0.0089960325 4.981497 0.5
23.937238 19.261784 0.006053515 0.0014629113 0.663689 0.5
11.664239 6.1546497 0.021783704 -0.03648474 4.599871 0.5
18.616897 13.996909 0.052822033 -0.048775868 3.315122 0.5
15.773597 23.934727 -0.088192277 0.0088310145 5.224588 0.5
20.398608 4.9240335 0.0021138228 -0.025239798 4.739779 0.5
8.4626652 3.8906378 -0.015903091 -0.014843784 0.624425 0.5
11.60039 12.406078 0.015920711 0.01746092 0.734434 0.5
19.210803 19.916569 0.080236667 0.012587992 4.989084 0.5
9.7924264 19.149721 -0.027272686 0.12161482 2.508867 0.5
25.952004 17.608319 -0.00087505908 0.0034224703 5.939565 0.5
26.150609 13.839706 0.00113861 0.0018201101 0.028815 0.5
25.861761 16.352713 -0.00027610349 -0.0003795229 3.449449 0.5
21.394134 17.352916 -0.024525226 -0.039242376 0.592282 0.5
13.985653 1.4409372 0.00028864845 0.0086737543 6.045768 0.5
3.4195952 13.662376 0.0047459384 0.065247608 0.890473 0.5
11.231226 8.2854605 0.0017678367 -0.00668205 2.353219 0.5
11.598983 4.796362 -0.037845319 0.019986925 1.672869 0.5
14.895443 4.9991887 -0.051702518 0.018508625 4.21507 0.5
16.471959 18.805058 0.041933591 -0.071234645 0.4829 0.5
10.814142 3.7865781 0.050582411 0.018034211 6.274711 0.5
19.424966 4.2968226 -0.001265597 -0.0011872212 1.301021 0.5
15.378956 26.333545 0.0032432092 -0.0022583424 3.538852 0.5
18.771322 17.321278 0.040926806 0.034734965 1.72413 0.5
21.069437 10.188834 0.039022241 0.012849553 0.779811 0.5
21.83474 18.567501 0.12139832 0.014802712 1.209651 0.5
16.132437 2.9613576 0.045605295 0.020275835 5.377079 0.5
20.640952 22.270745 0.017304174 9.7830533e-05 3.122843 0.5
19.682485 24.568512 -0.0012258076 0.026334517 4.105439 0.5
21.113215 13.604723 -0.0013055423 -0.0088588525 2.246795 0.5
18.563042 3.5763929 0.057881764 -0.0242291 3.468535 0.5
8.7227036 7.134892 -0.012179936 -0.014204962 5.532293 0.5
21.686082 12.092503 0.008132418 0.00042017848 0.531572 0.5
23.631015 6.2773828 0.040363567 -0.017675082 5.261584 0.5
12.821883 11.316945 -0.024007133 0.01369725 0.040113 0.5
19.307231 6.595903 -0.0021639458 -0.018761801 4.576591 0.5
16.693036 12.596848 -0.017026886 -0.0021929802 0.209824 0.5
23.87978 18.062382 0.005033661 0.0084294213 1.770879 0.5
10.449169 13.50706 0.996176 -0.088818421 4.791815 0.5
11.097384 1.2425108 0.018720114 0.015155177 2.522673 0.5
14.514645 11.826689 -0.018689638 -0.018467904 3.232151 0.5
23.798014 11.473825 0.0086821019 0.0012153335 0.943125 0.5
9.0181134 23.208095 0.19662532 0.11141671 1.031271 0.5
18.149458 16.389964 -0.018057464 -0.0078630534 1.523797 0.5
18.249242 22.856642 -0.0051783283 -0.012372195 1.787492 0.5
11.664189 24.821174 -0.06658733 0.16836967 3.056837 0.5
19.471775 18.548172 0.041352528 0.011533154 3.332967 0.5
18.870741 25.539708 -0.10902597 -0.10995917 3.889918 0.5
26.667583 9.5164485 -0.00051579714 -0.0021539923 1.775857 0.5
21.862704 23.077164 0.041198462 0.019249361 4.33857 0.5
19.267494 7.735158 0.0073840569 -0.013767923 2.652322 0.5
25.788687 19.774026 -0.0015380329 -0.00052630996 1.360759 0.5
25.229713 15.233474 0.0038910086 -0.0039958617 1.350476 0.5
8.8183927 2.0352551 0.015911147 -0.024034532 3.139709 0.5
24.616857 22.1917 0.010172551 -0.0048653357 3.877928 0.5
24.948489 11.495121 -0.0014906008 -0.0017969335 4.111005 0.5
16.817333 10.434683 0.0060465965 -0.0098477019 4.354529 0.5
17.149358 20.742934 -0.012216705 0.076844043 1.958136 0.5
16.978608 16.343035 -0.016488333 0.045924844 1.935129 0.5
22.6749 24.081379 -0.0028008571 -0.0085096981 0.983243 0.5
12.887331 4.9477058 -0.0088152901 -0.021954105 4.524452 0.5
9.8455095 4.6607304 0.027975982 -0.013927057 4.628506 0.5
5.2923894 3.7837508 -0.0064404529 0.0019393688 4.619789 0.5
9.9046693 1.6390976 0.0008946018 0.023663117 6.246698 0.5
26.034421 8.4880353 0.0213534 -0.015011274 2.597917 0.5
22.667924 11.210982 0.0026744701 -0.0061781217 5.540445 0.5
17.269244 13.73049 0.0066284384 0.0028436929 1.135786 0.5
17.83905 15.290504 0.031768094 -0.010382243 0.649744 0.5
27.423231 14.560437 0.0081051841 0.0042256763 4.647872 0.5
16.388974 14.711278 0.039710559 0.011394294 3.116928 0.5
11.238072 10.854288 -0.011936449 -0.042278361 1.058365 0.5
17.291275 5.4852874 0.022996178 -0.019639503 1.223223 0.5
16.00741 6.9140788 -0.049213197 0.013180235 6.185729 0.5
23.619411 20.350352 0.080020268 -0.019180175 5.03693 0.5
16.336588 9.4165691 0.027790664 -0.017532139 0.158334 0.5
3.6838465 8.0705562 -0.0326678 0.032965987 0.09489 0.5
14.824872 6.1196009 -0.021080982 -0.052139268 3.182579 0.5
27.018031 17.257063 0.0060707575 -0.0081632817 5.999337 0.5
23.351735 10.155689 0.025473668 0.02570019 0.712677 0.5
13.817843 14.34589 0.039375097 -0.022711603 1.70588 0.5
4.6425038 13.041285 -0.23978447 -0.15367565 5.092516 0.5
12.961815 10.055328 0.012362045 -0.0039887672 0.506989 0.5
20.579139 11.28896 0.018974218 -0.012107635 4.452103 0.5
18.256509 7.2429398 0.0089196187 -0.012547618 3.429354 0.5
15.452345 3.9735388 0.0064935823 -0.01195437 5.942963 0.5
24.711106 8.2649573 0.0027339673 -0.0037299942 2.062723 0.5
10.558536 22.566933 -0.017143744 0.043598305 2.598321 0.5
17.121495 17.525965 0.12552734 0.055357533 6.159219 0.5
15.409056 0.85276574 0.013795311 0.0086901284 1.488917 0.5
25.866119 10.320474 0.012033179 0.013109557 1.927238 0.5
5.3148584 11.228581 0.003697221 0.054248673 3.98558 0.5
12.973484 3.6778885 -0.0071944684 -0.025743918 3.515453 0.5
12.79528 13.579418 0.0017063501 -0.0020285661 3.362574 0.5
19.850828 3.2544501 0.00042512997 0.00022204698 2.617045 0.5
5.4783019 22.377571 -0.065012016 0.012400166 4.416501 0.5
21.412636 14.717227 0.0024919443 0.0075212048 2.357123 0.5
24.263126 12.563523 -0.0013305764 0.0039683948 0.027213 0.5
4.1098152 22.567237 0.076499134 -0.11520297 3.270335 0.5
17.193993 11.58841 0.0014005246 -0.020347289 5.133302 0.5
20.430039 15.623702 0.0063792143 -0.015749889 4.163048 0.5
15.919856 15.809955 -0.0016234094 -0.0057233838 3.93618 0.5
11.745286 14.163582 0.026858188 0.0010052507 5.951127 0.5
20.611822 12.538322 0.009253948 0.0033424501 4.082451 0.5
19.748811 8.75534 0.0042844097 -0.03870269 1.780305 0.5
8.1575191 25.679731 -0.071493629 0.1337471 2.847882 0.5
20.37263 7.4559675 0.0097053241 0.004708106 1.767937 0.5
10.788897 18.521793 0.01548657 0.08939576 0.00135 0.5
3.1636942 6.1809017 -0.027866268 -0.0023255942 5.312468 0.5
24.566788 10.420814 -0.0018644137 -0.0074257601 0.320289 0.5
17.690328 24.190909 0.11020436 0.066066417 0.581132 0.5
27.280146 16.035184 0.0033753243 -0.00019895122 3.087421 0.5
15.66479 11.610737 0.0073591154 -0.0092914238 3.560403 0.5
15.064609 8.910946 -0.006240841 -0.017738371 0.555117 0.5
24.212081 7.2394709 -0.0025273257 0.00013139684 6.220608 0.5
10.164501 25.909072 0.1959683 0.19684565 5.652715 0.5
25.208521 20.821948 -0.0085506557 0.0052278348 0.827952 0.5
18.2047 12.918379 0.037575799 0.012278453 1.054048 0.5
1.3737373 16.331154 0.40367645 0.0097882411 0.319962 0.5
14.316197 3.2193793 0.031926545 0.00019749548 2.464344 0.5
19.372691 15.129081 0.0075971849 0.016940288 3.780782 0.5
22.733916 14.674416 0.0092794693 -0.0056736905 0.745414 0.5
12.100393 1.7880082 0.0029512237 -0.035440321 3.348875 0.5
8.8929067 10.693906 0.032236581 -0.0738586 5.365761 0.5
9.6359193 3.2907794 0.031128525 0.04523479 0.445642 0.5
18.344419 11.692381 -0.018518427 -0.015654152 2.979068 0.5
14.474241 17.955121 -0.0092150554 -0.001643343 2.813895 0.5
9.2132536 9.4308548 -0.025952261 -0.0049466594 4.039246 0.5
12.381806 15.230905 0.0048055734 0.047442643 4.602055 0.5
21.335862 6.7686011 -0.0069917365 -0.012414362 1.676583 0.5
25.602282 7.3464676 0.00076741419 -0.0026671588 1.207935 0.5
20.85944 3.861468 0.0010542556 -0.0017470247 6.164191 0.5
9.9884806 8.6030521 0.0046842428 -0.025124201 1.491784 0.5
14.989444 16.779219 -0.010164794 0.051081356 6.269379 0.5
19.41183 16.285295 0.0059647004 0.0039454141 0.35856 0.5
14.005032 6.9236402 0.037164048 0.0067527936 0.326238 0.5
20.34906 6.06516 0.039677518 -0.00051584999 1.608548 0.5
13.008892 0.60620282 0.058267483 -0.017789071 2.616667 0.5
14.953554 2.0138106 0.027025959 -0.014612365 0.410672 0.5
23.544642 22.988219 0.0033475982 -0.0046949799 3.210668 0.5
16.089573 25.165917 0.013292931 0.10677152 0.309541 0.5
19.337516 5.4715254 0.012321098 0.0097160247 1.761874 0.5
23.551501 21.637315 -0.012322074 0.0031433736 4.731547 0.5
22.752344 17.930892 0.0040186475 -0.0058423521 0.313065 0.5
6.9371264 7.7490015 -0.046475564 0.0040905683 0.087229 0.5
17.21953 8.1143856 -0.0015931406 -0.025374204 5.713071 0.5
22.461069 20.551385 -0.0008913532 0.029699444 0.34983 0.5
17.52492 4.0055807 -0.0068790295 -0.014717908 2.015368 0.5
22.694259 19.34072 0.0051699895 -0.062084064 0.42176 0.5
21.403959 5.5913448 -0.00059723588 -0.0011261814 5.580866 0.5
20.53067 19.26144 0.01156591 0.024188553 4.066321 0.5
18.042612 10.391724 0.046295044 0.024641474 5.863794 0.5
7.2849934 12.451091 -0.48279101 -0.67665495 5.355125 0.5
23.987121 14.834855 -0.0018056153 -0.012094889 5.404824 0.5
21.345151 20.386328 0.0052767063 -0.030994351 1.361005 0.5
25.300189 9.3512522 0.0028828293 -0.0052528612 5.19755 0.5
1.8980269 10.293835 0.00086540896 0.0085792248 5.853071 0.5
7.9920496 22.579829 0.038323623 -0.071961103 2.830697 0.5
23.561684 13.441565 -0.0016238738 -0.00073642936 3.251414 0.5
21.049266 2.6747518 -0.0023399642 -0.0027901159 3.305262 0.5
11.27741 2.6519248 -0.013482841 -0.00039982423 3.841898 0.5
20.292176 14.377331 0.027701893 -0.024977053 4.917041 0.5
14.714166 7.7935016 0.0020060942 -0.010948284 1.726803 0.5
7.6169123 6.7207013 -0.0093657384 0.074618542 2.534849 0.5
18.4111 4.8206548 -0.0015820314 -0.001428304 1.985571 0.5
25.725279 12.74402 0.0024037394 -7.795447e-05 5.636684 0.5
21.915722 7.9811415 0.0013211123 0.0015586028 0.642493 0.5
24.763546 17.295172 0.012362769 -0.0063874689 5.796573 0.5
25.157339 18.498136 0.0026985115 -0.0031642619 4.738871 0.5
6.669504 11.239996 -0.0079911949 -0.0088410239 1.568073 0.5
26.544703 18.569918 -0.0027798155 -0.00013898191 2.749741 0.5
18.802811 9.5511062 0.033516321 -0.016641346 1.171823 0.5
20.999391 23.832257 0.046129849 0.005536912 2.226958 0.5
13.479138 16.278956 -0.011761366 0.065754526 1.548545 0.5
15.60447 21.741315 0.087209243 0.012923031 3.653333 0.5
22.203171 10.154674 0.039973278 0.0012532918 4.394256 0.5
17.359397 26.239193 -0.0096378897 -0.0027955568 0.605652 0.5
17.851627 1.8229596 -0.0064395031 0.0098512424 3.106146 0.5
20.202525 20.67716 0.05935209 0.035161443 3.095002 0.5
13.704298 12.89296 -0.017840669 -0.048415092 1.841384 0.5
10.675897 9.627218 0.0091014218 -0.0042869106 6.034028 0.5
22.206603 13.298717 0.0077795362 0.001696295 1.857551 0.5
4.7540062 4.9329038 0.0089014862 0.01257615 1.702664 0.5
14.235353 9.7301186 -0.0074901331 -0.010814905 1.16125 0.5
13.883338 4.3385989 0.0091083926 -0.020220048 4.720586 0.5
16.983435 1.0835473 -0.0087466814 0.010619533 0.205718 0.5
23.548337 8.3422902 -0.010197433 -0.027678212 5.820667 0.5
17.168224 6.7126988 0.031782105 -0.038682438 3.894129 0.5
18.885591 2.3046203 0.038301504 0.018747069 3.074393 0.5
7.3807219 4.7736499 0.034285372 0.004983746 0.467747 0.5
19.92328 9.8857652 0.011421983 -0.034399658 5.60533 0.5
16.450415 4.6401676 -0.013331334 -0.028219988 6.227367 0.5
23.215233 15.807315 -0.002614548 0.0074114923 5.177094 0.5
12.483727 8.5364507 -0.011652576 -0.026948642 0.203779 0.5
24.89476 6.2341015 0.001221966 -0.0051084246 6.095105 0.5
27.259005 13.381005 -0.013372638 0.0039324496 5.150288 0.5
19.104946 10.760204 0.017172428 -0.010113878 3.059892 0.5
14.746143 15.460633 0.030391618 -0.044706483 3.692189 0.5
13.906093 10.803942 -0.0068470154 -0.010891386 3.246869 0.5
13.015707 18.245309 0.035872793 0.049456545 2.032293 0.5
26.438837 15.283428 -0.0025629423 -0.0046332321 6.136396 0.5
10.121291 14.959023 0.78494186 0.070605395 4.563161 0.5
17.264462 2.8601229 8.2945216e-05 -0.011496487 5.916686 0.5
18.356559 18.40236 0.1119066 -0.047819002 1.344992 0.5
22.451609 16.84647 0.032515102 -0.00905657 3.633442 0.5
13.190664 26.180703 0.00065526521 -0.011805247 2.78777 0.5
6.1395235 8.9296812 -0.01009583 -0.061554203 1.483056 0.5
21.612546 15.934214 0.0019062571 -0.018936555 0.879468 0.5
13.814878 5.6324093 0.035826366 0.02113284 4.923104 0.5
8.4148008 8.5210046 0.0014385078 0.0081461172 5.350229 0.5
15.556382 12.980248 0.012356091 0.0011878698 1.508644 0.5
26.999206 10.727626 -0.00557398 0.0075644047 4.32761 0.5
23.110451 12.405496 0.0048680229 0.0023732033 1.3724 0.5
6.9620351 9.7334242 -0.061433939 -0.078445484 2.64206 0.5
9.7160687 6.3444784 0.036797583 -0.023341275 2.466218 0.5
15.025209 14.328821 0.021131834 0.0095535165 0.69625 0.5
23.582554 16.905033 0.030438199 -0.0033836984 0.502972 0.5
19.325826 13.078031 0.041440141 -0.00052097567 4.066135 0.5
13.480706 7.9166983 0.003048538 0.01496151 3.026607 0.5
21.835515 4.5363878 0.00099682755 0.0025007678 6.171553 0.5
16.061465 8.3262822 0.00017592715 -0.0012546701 3.767955 0.5
21.987279 3.3364566 0.00060009495 -0.0040755291 5.349705 0.5
7.72187 3.0226751 0.0091346088 -0.0059268139 3.28374 0.5
15.763682 20.209034 0.0037008411 0.0076056875 1.964272 0.5
21.818592 21.569561 -0.0098711216 -0.011152979 1.170799 0.5
16.13838 1.8208716 0.048314192 0.019854774 0.802835 0.5
11.840752 9.7391647 0.025265077 -0.05969697 5.063896 0.5
20.862863 8.884293 0.040379496 -0.00094600935 2.243796 0.5
24.829841 14.072041 -0.0031368718 -0.00078732046 5.270568 0.5
19.610975 11.906759 0.0042068556 0.005360792 5.757172 0.5
6.2859479 3.2056751 -0.044683125 0.013355721 5.271397 0.5
24.152191 9.3096141 0.012184711 -0.010363602 3.151318 0.5
0.73174918 12.090138 0.22649041 -0.097240177 0.221595 0.5
23.097719 4.2036589 -0.00012089046 0.00017178937 1.510648 0.5
11.078756 7.1273453 -0.02867659 -0.025046833 5.29405 0.5
24.409053 16.04194 -0.003496316 0.0015755123 2.737677 0.5
22.554334 6.5879161 0.00082918664 0.005093436 4.134415 0.5
24.17142 5.2610238 0.0005787796 0.00064345008 1.432456 0.5
13.570593 24.323242 -0.016622862 0.10080599 2.840655 0.5
9.8878406 12.234236 -0.00030628689 -0.0019462756 2.899005 0.5
18.356654 8.3840747 0.026526598 -0.0094922216 4.137855 0.5
22.512163 8.9510171 -0.00060167612 -0.004760589 1.992807 0.5
20.154464 17.275377 0.017068232 0.042629074 0.375558 0.5
17.645956 9.2822546 -0.0016643633 -0.03373639 0.629977 0.5
18.296279 5.9960771 0.0039687334 -0.049573256 5.301885 0.5
7.1213878 24.559086 0.029647934 -0.066670107 1.197725 0.5
15.338286 10.404275 0.024328879 -0.011410847 2.939026 0.5
26.099838 11.53517 8.2916301e-05 0.00076646907 3.912909 0.5
26.999628 12.263763 -0.00085063911 -0.0088380694 3.115045 0.5
8.4258674 5.7776057 0.052357416 -0.033321369 1.662001 0.5
20.000058 2.0504244 0.00047534496 -0.00019304561 0.131507 0.5
