# x y vx vy theta radius
8.9783253 21.399833 -2.1765905 -0.70832821 4.021215 0.5
5.1692226 16.350845 0.075007564 0.13672259 1.764168 0.5
23.878596 14.469056 0.01031728 0.020023118 3.951996 0.5
8.9901029 15.408633 0.02815062 0.036469622 4.259518 0.5
13.193956 5.2252293 0.01527346 -0.054488131 1.882067 0.5
19.533975 15.599634 -0.064368939 -0.20169123 0.92276 0.5
18.924201 24.727024 0.022705953 0.21981254 4.981497 0.5
13.097397 2.0822623 0.019463008 -0.028682122 0.663689 0.5
4.5394942 19.27851 0.036063536 -0.28530107 4.599871 0.5
7.8272169 5.1212845 -0.007237498 -0.10934453 3.315122 0.5
5.337061 15.240656 0.00077058566 -0.067642567 5.224588 0.5
10.60057 3.0771463 0.0092114502 -0.0028841037 4.739779 0.5
11.236496 4.1291996 0.0052800442 -0.0022184133 0.624425 0.5
11.816425 3.1223997 0.026491138 -0.0019352857 0.734434 0.5
14.266713 8.3725904 0.075466866 -0.070025841 4.989084 0.5
6.2903391 4.1904705 -0.0073607581 0.020713837 2.508867 0.5
10.278431 9.3099976 0.030143427 -0.050830472 5.939565 0.5
21.527358 19.920325 -0.00021232561 0.0030558514 0.028815 0.5
16.806317 21.940736 -0.026993271 0.1205065 3.449449 0.5
12.633925 4.1231511 0.0182956 -0.0021003862 0.592282 0.5
7.6970964 10.125969 -0.014936154 -0.043069308 6.045768 0.5
9.5955773 3.6609091 0.047896768 -0.004380821 0.890473 0.5
9.9880663 6.6968831 0.073022123 0.0069658878 2.353219 0.5
24.989583 14.34993 0.049931716 0.017159935 1.672869 0.5
11.567803 9.0146298 -0.0078939881 -0.036897693 4.21507 0.5
2.4475127 9.5427845 -0.014467545 -0.097575404 0.4829 0.5
4.525956 8.1196645 0.02883874 0.016289874 6.274711 0.5
10.192896 11.951049 0.0088159451 -0.0094827932 1.301021 0.5
3.1905389 10.473786 -0.045091483 -0.0013859493 3.538852 0.5
7.2984802 13.890498 0.0031281618 0.074819744 1.72413 0.5
20.595184 12.569426 0.022637621 -0.0039468022 0.779811 0.5
4.7019615 6.4335666 -0.058144407 -0.090206631 1.209651 0.5
25.786552 11.851913 0.013410888 0.0057573951 5.377079 0.5
20.104148 9.3334921 -0.005013034 -0.018942036 3.122843 0.5
6.2399916 3.0466612 0.022202023 -0.030575665 4.105439 0.5
7.493031 3.7908577 0.033933047 -0.040337892 2.246795 0.5
21.834643 11.571976 -0.050163323 0.018514424 3.468535 0.5
15.815287 5.2948928 0.024807781 -0.024266918 5.532293 0.5
10.789402 7.6568927 0.02180949 -0.058323167 0.531572 0.5
26.645069 16.405038 -0.14879961 -0.01505043 5.261584 0.5
10.526897 23.818733 -0.21072362 0.40501489 0.040113 0.5
1.8796628 19.771881 0.11770863 -0.10440345 4.576591 0.5
26.109866 14.281304 0.025785496 0.0029305681 0.209824 0.5
4.6546316 21.777434 0.12846527 -0.093008829 1.770879 0.5
15.260583 8.9083584 0.083018524 0.044621547 4.791815 0.5
23.160087 10.535035 0.12162684 -0.11052273 2.522673 0.5
9.5828554 2.3878482 -0.00084367856 0.0085866855 3.232151 0.5
11.935013 6.4737391 0.085120149 -0.032996674 0.943125 0.5
3.2216184 21.775682 0.019887253 -0.14949702 1.031271 0.5
17.933538 14.566715 -0.1894232 0.021080439 1.523797 0.5
2.8805233 11.706548 -0.054429545 0.0049034189 1.787492 0.5
3.089768 8.2861477 0.044176726 -0.020886441 3.056837 0.5
3.0104409 17.074103 -0.0013714402 0.058729388 3.332967 0.5
21.46137 14.446852 0.0060137791 -0.0082139609 3.889918 0.5
5.4879484 5.0890091 -0.13926458 -0.04033232 1.775857 0.5
19.03882 6.1165142 0.076152264 -0.072826754 4.33857 0.5
24.948319 8.5126293 0.0013070192 -0.0095412092 2.652322 0.5
21.711164 12.838517 -0.032157397 -0.026561749 1.360759 0.5
2.53779 7.2479491 -0.0050272962 -0.063203941 1.350476 0.5
7.0858822 20.794652 -0.20780879 -0.18522214 3.139709 0.5
7.6803402 17.172601 0.010540746 1.7200378e-08 3.877928 0.5
3.8903488 13.139807 0.0035512999 -0.029379312 4.111005 0.5
2.0015496 15.444933 -0.13296322 0.055674025 4.354529 0.5
25.885918 10.693734 0.0051812469 -0.14294287 1.958136 0.5
18.822727 3.3473171 0.045740945 -0.044576852 1.935129 0.5
24.649381 6.3870158 0.0007648231 -0.0073646947 0.983243 0.5
11.125466 25.038745 0.13298684 0.44707477 4.524452 0.5
15.925434 2.9308435 0.020228139 -0.010928542 4.628506 0.5
1.6627427 12.858968 -0.006153551 0.020433827 4.619789 0.5
19.625973 4.7428853 9.1547621e-10 1.4135773e-09 6.246698 0.5
4.171505 17.028634 0.022654752 0.016739171 2.597917 0.5
15.66687 6.62933 0.023883553 -0.096481346 5.540445 0.5
6.2632378 13.159466 -0.094715322 0.05252725 1.135786 0.5
5.5971771 18.81074 0.0019854765 -0.18016332 0.649744 0.5
11.064514 2.0364341 0.017095818 -0.033956335 4.647872 0.5
15.145668 14.358095 0.10666255 0.12972473 3.116928 0.5
8.8864705 9.4392369 0.050026437 -0.020957759 1.058365 0.5
6.8745232 19.614916 0.11088083 -0.037145032 1.223223 0.5
17.325168 11.748236 0.053386809 -0.037593048 6.185729 0.5
5.5229032 7.4693889 -0.015600218 -0.077660852 5.03693 0.5
6.7486286 7.5440345 0.021178063 -0.0099558919 0.158334 0.5
21.767705 7.4836604 0.0020010939 -0.0046320699 0.09489 0.5
2.7885586 12.869578 0.028431989 -0.029980729 3.182579 0.5
8.0449041 8.1214433 -0.029168138 -0.089671828 5.999337 0.5
13.355172 3.2132416 0.0037612536 -0.0038512667 0.712677 0.5
22.248217 18.01579 -0.0092529714 0.032473854 1.70588 0.5
1.7612213 11.689355 -0.0029731924 0.0070531756 5.092516 0.5
12.954063 23.779469 -0.039365344 0.007900472 0.506989 0.5
24.439051 19.018016 0.0073687977 0.043263177 4.452103 0.5
22.310595 16.023236 -0.0132486 0.032944512 3.429354 0.5
6.0208562 23.412401 -0.15252594 0.10121203 5.942963 0.5
13.297965 6.4600264 0.15157593 0.018102204 2.062723 0.5
1.1039209 17.586199 -0.12193781 -0.049231438 2.598321 0.5
14.936582 20.871075 0.0358882 -0.00031289835 6.159219 0.5
9.0661155 25.737676 -0.031574451 0.05137808 1.488917 0.5
10.976591 5.6782446 0.092299683 -0.052248672 1.927238 0.5
8.3936526 20.281042 0.12615325 0.043564875 3.98558 0.5
25.154507 17.873629 -0.052747508 -0.095711022 3.515453 0.5
20.644856 5.2333052 0.0040504408 -0.020087363 3.362574 0.5
21.468678 22.023994 0.12326711 0.15404846 2.617045 0.5
5.1071191 12.275542 0.045888108 -0.018614816 4.416501 0.5
18.470506 4.4026999 0.18064484 -0.10204865 2.357123 0.5
0.71411192 12.152614 -0.073121049 -0.038098492 0.027213 0.5
6.0505031 24.672847 0.00088756561 0.19568092 3.270335 0.5
18.192792 8.6306506 0.041739218 0.032840505 5.133302 0.5
5.5331661 10.620877 -0.002487083 0.043224058 4.163048 0.5
7.48411 12.563425 0.053799351 -0.14611815 3.93618 0.5
14.363552 4.7350195 0.024842993 -0.022165898 5.951127 0.5
24.575422 10.908954 -0.0091372792 0.0077544554 4.082451 0.5
23.71029 16.234318 -0.024140921 0.0075501345 1.780305 0.5
8.1146827 19.066768 -0.035148082 -0.026045573 2.847882 0.5
13.009162 11.482228 -0.016994883 0.0061340836 1.767937 0.5
0.93681138 10.902896 0.0067773705 -0.066047741 0.00135 0.5
7.3622065 24.443544 0.26635189 0.11696506 5.312468 0.5
0.76504779 16.206269 -0.030384432 0.20945354 0.320289 0.5
23.899441 13.194748 0.011944694 -0.068024466 0.581132 0.5
3.1128933 14.02915 0.029307741 0.036916078 3.087421 0.5
4.144098 14.482034 -0.022337139 -0.31626529 3.560403 0.5
4.887337 17.898428 -0.01362221 -0.0088683702 0.555117 0.5
0.72391262 13.63013 0.033037895 0.029335422 6.220608 0.5
4.148136 15.623959 -0.0083576751 0.097978431 5.652715 0.5
22.442748 13.692142 -0.0076833815 0.00020881827 0.827952 0.5
4.0516676 11.391504 -0.016232086 0.093433563 1.054048 0.5
18.19466 11.051584 0.031883681 -0.0071506405 0.319962 0.5
9.3330654 23.674392 -0.1345157 0.087650025 2.464344 0.5
6.0099057 17.361737 0.12356964 0.062257772 3.780782 0.5
25.209597 20.32894 0.020345619 -0.022425284 0.745414 0.5
8.6354507 12.134504 0.0072437198 -0.055848479 3.348875 0.5
25.624245 15.326565 0.014245767 0.0079077534 5.365761 0.5
17.290355 23.87593 0.15204002 0.076466748 0.445642 0.5
22.353091 21.240995 0.0044178598 0.0007491797 2.979068 0.5
8.5635764 6.9354627 0.0039506602 0.0045245829 2.813895 0.5
6.436161 9.9651204 -0.025926288 -0.0029440058 4.039246 0.5
18.223108 6.8950057 0.1036265 0.098103951 4.602055 0.5
5.865104 8.6105343 0.049433827 0.048968497 1.676583 0.5
3.7065883 9.3011588 0.021522918 0.011334375 1.207935 0.5
14.696 27.378494 0.052276085 0.17142437 6.164191 0.5
26.133211 8.5125605 -0.022632882 -0.001521712 1.491784 0.5
17.10806 6.4413926 0.020268749 -0.093265448 6.269379 0.5
7.6962971 15.548833 -0.048731435 0.12870975 0.35856 0.5
5.189018 20.707695 0.23606302 -0.15627061 0.326238 0.5
12.626575 10.025858 -0.048411736 -0.0099985486 1.608548 0.5
4.966655 9.3152954 0.026855604 -0.0042143297 2.616667 0.5
25.118607 16.331497 -0.0021156005 -0.005029376 0.410672 0.5
24.644718 12.045426 0.0087323415 -0.0038533431 3.210668 0.5
14.664395 9.9599234 0.04501985 -0.079526652 0.309541 0.5
17.058457 3.731146 0.046071878 -0.16367377 1.761874 0.5
17.078168 1.374647 0.029357686 -0.0040147653 4.731547 0.5
11.82789 0.97371557 0.0040477515 -0.0012285895 0.313065 0.5
26.663344 9.5569793 -0.0063852084 0.011978937 0.087229 0.5
1.8324009 14.197058 0.064101631 -0.030771552 5.713071 0.5
20.557039 6.3864706 0.01731447 -0.020189183 0.34983 0.5
23.387424 20.306207 -0.23687806 -0.0032884604 2.015368 0.5
10.043048 5.0284348 -0.025585539 -0.097123118 0.42176 0.5
2.6108458 20.74284 0.026431238 0.018427223 5.580866 0.5
6.2452105 11.936939 0.065451939 0.016427295 4.066321 0.5
12.607332 25.66772 -0.0063408062 0.0013582095 5.863794 0.5
5.8058009 22.141443 0.03754627 -0.036807575 5.355125 0.5
7.9227227 25.970597 -0.076536092 0.13170965 5.404824 0.5
14.431689 6.3588007 0.00080347252 0.0046853897 1.361005 0.5
27.364584 15.076038 0.026671166 0.0068723819 5.19755 0.5
16.046465 13.120919 0.13779309 -0.087075221 5.853071 0.5
4.59886 22.899864 0.19496168 0.18573872 2.830697 0.5
20.267077 22.296287 0.13039224 0.079353213 3.251414 0.5
3.4294643 18.126607 0.035496207 -0.10699634 3.305262 0.5
8.4270788 14.20339 0.047164276 -0.04357509 3.841898 0.5
12.922377 8.8884787 -0.029296428 -0.02931767 4.917041 0.5
9.5054582 20.330154 -7.958891e-06 -0.017090219 1.726803 0.5
8.6060268 3.0933184 -0.050629868 -0.039132373 2.534849 0.5
26.769411 18.002331 0.055990343 -0.075342641 1.985571 0.5
13.037141 0.77907418 0.020218049 -0.0021510955 5.636684 0.5
16.864466 9.1854155 0.033918591 -0.0094944189 0.642493 0.5
12.34243 27.088702 0.068863211 0.07150604 5.796573 0.5
23.232229 12.13095 0.0022699195 0.0075814186 4.738871 0.5
16.200041 8.2536578 -0.0052960116 0.020827683 1.568073 0.5
11.539274 26.095962 0.08919956 -0.044108205 2.749741 0.5
26.069637 18.897587 0.044445712 0.10232274 1.171823 0.5
0.87391374 14.831846 -0.042742628 0.0068747335 2.226958 0.5
23.214761 22.208187 -0.045512861 0.1217103 1.548545 0.5
23.760735 4.9140117 -0.014750041 -0.016590498 3.653333 0.5
14.808281 1.8252604 0.013621558 -0.01871749 4.394256 0.5
7.0284259 8.8850828 0.025176349 0.086798412 0.605652 0.5
9.1034979 5.6211322 -0.042521779 -0.024523512 3.106146 0.5
17.578886 13.24092 0.0043341635 0.0018618427 3.095002 0.5
20.154215 10.857124 0.010589755 -0.001434176 1.841384 0.5
7.2402064 6.4742337 0.021933472 0.012957365 6.034028 0.5
8.6473749 4.3198108 -0.0072380658 -0.031692509 1.857551 0.5
14.690004 11.371446 0.055869889 -0.018247739 1.702664 0.5
8.3678579 1.9510174 0.0078443079 -0.020203305 1.16125 0.5
2.01111 10.581763 -0.01096301 0.0096155398 4.720586 0.5
9.0653599 10.636544 0.014373322 -0.1086532 0.205718 0.5
7.8200361 21.62042 0.09758429 -0.0023467375 5.820667 0.5
7.4415493 23.34543 -0.063438305 0.12094597 3.894129 0.5
27.070898 11.076997 0.0029832147 0.010317267 3.074393 0.5
25.593789 7.3073676 -0.0068578519 -0.0051102555 0.467747 0.5
2.897264 19.121309 0.17399294 -0.016324361 5.60533 0.5
9.6332586 13.272129 0.026658186 -0.026234482 6.227367 0.5
21.675492 6.2129904 0.0014941398 -0.006743645 5.177094 0.5
20.871654 8.4067371 -0.0067749756 -0.0038552151 0.203779 0.5
3.578201 5.9499521 0.022775827 -0.028304354 6.095105 0.5
4.2757608 4.7262932 -0.0051131613 -0.024492232 5.150288 0.5
6.3558748 14.771993 -0.020496726 0.071502673 3.059892 0.5
6.8290658 16.343233 0.23872331 -0.14582394 3.692189 0.5
19.948317 14.484724 0.0031616366 0.0030192743 3.246869 0.5
14.447143 0.65433761 0.0036242598 -0.004357234 2.032293 0.5
1.897688 8.3969688 0.022114227 -0.049337576 6.136396 0.5
7.2947179 11.22887 0.016946334 0.022494701 4.563161 0.5
23.351149 7.0131642 0.010533984 -0.0032490851 5.916686 0.5
4.9486247 13.541286 0.061724118 0.045780105 1.344992 0.5
9.3502089 16.911502 0.023212806 -0.016400435 3.633442 0.5
12.051853 5.3535054 0.057791861 0.023259086 2.78777 0.5
17.381681 25.87494 0.069453281 0.054630028 1.483056 0.5
2.2702331 17.980217 -0.043173734 -0.12585504 0.879468 0.5
15.772639 1.0221025 0.01454877 -0.031621998 4.923104 0.5
3.8661873 20.470658 -0.15821861 -0.32065557 5.350229 0.5
15.174596 22.433697 0.015077525 -0.037020021 1.508644 0.5
21.650301 4.4850293 -0.00077239129 -0.028291801 4.32761 0.5
22.726788 3.8015756 -0.020205439 -0.013364782 1.3724 0.5
27.163413 12.408081 -0.0027809725 -0.051434205 2.64206 0.5
21.66933 10.387104 -0.0038376278 -0.074917761 2.466218 0.5
14.119474 12.732555 0.051443386 0.059791313 0.69625 0.5
25.278638 9.6601255 -0.00037641842 -0.003240625 0.502972 0.5
8.5080376 22.961193 -0.097367877 -0.051566855 4.066135 0.5
6.606375 5.3101143 0.032937884 0.014427212 3.026607 0.5
4.3468236 10.293884 -0.016848961 -0.02289241 6.171553 0.5
9.9762084 1.2674418 0.0355427 -0.0068287818 3.767955 0.5
6.0284471 6.467918 0.044029238 -0.03162352 5.349705 0.5
10.407563 26.395137 0.0338029 0.014535302 3.28374 0.5
5.1852564 3.8902728 -0.036764141 0.010688225 1.964272 0.5
3.7455343 7.1279143 -0.024501846 -0.027960794 1.170799 0.5
16.912811 4.8989581 -0.095426954 4.5404626e-05 0.802835 0.5
1.8154812 16.690266 -0.03681059 -0.16091902 5.063896 0.5
6.7839966 18.215443 0.13497466 -0.066542775 2.243796 0.5
17.564836 2.4935074 -0.0085934491 -0.014677912 5.270568 0.5
9.3011678 8.1749124 -0.021603784 -0.0039125649 5.757172 0.5
27.323052 13.508491 0.014854697 -0.064343943 5.271397 0.5
11.894978 11.200649 0.030870727 -0.013638811 3.151318 0.5
23.88548 9.6557479 0.017593621 -0.022298797 0.221595 0.5
18.753439 9.7556896 -0.0025763898 0.0079368798 1.510648 0.5
14.495966 3.5391174 0.03637286 -0.0074816273 5.29405 0.5
11.474137 13.313629 0.093020029 0.031898596 2.737677 0.5
22.352027 9.2925734 0.0070984434 0.0038924545 4.134415 0.5
17.157457 7.6869368 0.071723533 0.040088834 1.432456 0.5
5.0123165 23.952373 0.026785317 0.14295107 2.840655 0.5
19.36898 7.8543032 0.00538881 -0.010259697 2.899005 0.5
10.201198 10.808792 0.01984874 0.053637941 4.137855 0.5
1.3405626 9.657933 -0.069279373 -0.0097777497 1.992807 0.5
22.827331 5.6018288 0.00012411586 -0.01053513 0.375558 0.5
19.459328 13.131954 0.0087341637 0.011084746 0.629977 0.5
3.0858782 15.147554 0.0045491984 -0.1439198 5.301885 0.5
9.8940593 25.002024 0.31024712 0.3546564 1.197725 0.5
7.3092733 2.5801409 -0.017848461 0.012203707 2.939026 0.5
1.4225945 18.706157 -0.03299351 0.001920336 3.912909 0.5
23.938747 17.672842 -0.096753385 -0.056214806 3.115045 0.5
25.653841 13.010115 0.061918386 0.02127105 1.662001 0.5
23.325638 8.6006859 0.0038956971 -0.0075740861 0.131507 0.5
