# x y vx vy theta radius
10.571926 20.945395 1.2137083 0.94665381 0.17763477 0.5
23.93728 11.399361 0.0042549853 -0.035403669 1.764168 0.5
21.759513 15.306861 0.042193077 0.038763103 3.951996 0.5
14.054319 14.191406 -0.04771359 0.013664191 4.259518 0.5
15.913817 5.4383565 -0.0061517386 0.0022915929 1.882067 0.5
15.129457 19.07429 0.009037481 -0.025523557 0.92276 0.5
19.215609 22.220937 -0.0025420241 -0.028584436 4.981497 0.5
20.344979 9.6232125 -0.0026148374 -0.0040037561 0.663689 0.5
20.587882 10.936971 -0.02085337 0.0046839047 4.599871 0.5
19.364959 4.1844253 0.0045580108 -0.0001982595 3.315122 0.5
9.9841415 3.5378163 -0.0031730715 -0.005746285 5.224588 0.5
17.230976 14.809975 -0.011352091 0.039983705 4.739779 0.5
13.556013 7.297811 -0.0088815912 0.00079358222 0.624425 0.5
9.8412052 24.982129 -0.055798718 -0.24056245 0.734434 0.5
12.254472 16.540378 -0.044530583 -0.00055858784 4.989084 0.5
15.87658 3.2163928 -0.012188695 -0.0049306311 2.508867 0.5
18.51987 1.5000718 -0.014840587 0.0012275564 5.939565 0.5
18.738368 6.6708536 -0.018111385 -0.08267456 0.028815 0.5
11.810422 23.251898 0.38778894 -0.31329563 3.449449 0.5
17.84406 4.2163583 -0.0057679196 -0.0024383154 0.592282 0.5
23.492587 8.1397367 -0.0094839508 -0.013443395 6.045768 0.5
12.148387 26.099174 -0.063381301 0.038577808 0.890473 0.5
16.754078 16.271217 -0.013834033 -0.014116146 2.353219 0.5
13.906358 8.758725 -0.0040596507 -0.00032099766 1.672869 0.5
23.518394 16.699588 -0.050322869 0.0056008488 4.21507 0.5
11.006229 19.275269 -0.00062615107 -0.54983372 0.4829 0.5
15.698131 8.9861732 -0.020235588 -0.0049934431 6.274711 0.5
22.969871 12.092366 0.022755175 0.007913256 1.301021 0.5
10.957852 25.746277 0.095670897 0.050114461 3.538852 0.5
23.074314 22.02769 0.042093196 0.0015424213 1.72413 0.5
15.325339 0.66870534 0.00070255427 -0.0014563523 0.779811 0.5
11.221846 2.0657229 -0.0024098271 0.00409604 1.209651 0.5
19.635339 12.490044 0.078105139 -0.0084564383 5.377079 0.5
20.748826 12.450276 -0.07074986 -0.046821556 3.122843 0.5
24.064439 15.671522 0.004797415 0.0079657089 4.105439 0.5
19.547522 20.284274 0.040989492 -0.056188675 2.246795 0.5
13.114251 3.3208042 -0.0074510958 -0.0036597278 3.468535 0.5
26.948268 17.395857 0.013694963 -0.064606427 5.532293 0.5
16.690422 22.640032 -0.044770365 0.042647017 0.531572 0.5
23.329907 6.0017791 -0.00038173813 -0.0047953703 5.261584 0.5
22.517401 5.1251473 -0.008981842 -0.014531805 0.040113 0.5
20.434586 15.429048 -0.035942889 -0.068796104 4.576591 0.5
11.818676 9.9456044 0.058081731 -0.034854784 0.209824 0.5
10.018726 26.648277 0.0351325 0.12638844 1.770879 0.5
21.040322 8.3241831 -0.011972897 -0.022303925 4.791815 0.5
24.491218 5.740408 -0.0024311198 0.0012468982 2.522673 0.5
5.4661158 5.1681931 0.0024584511 -0.0004047233 3.232151 0.5
12.814011 10.895985 0.047825338 -0.10167481 0.943125 0.5
15.341768 23.622642 -0.011201313 -0.15268992 1.031271 0.5
24.192488 14.558988 -0.032846469 -0.088071099 1.523797 0.5
18.872094 17.147646 0.0016443647 -0.05382278 1.787492 0.5
14.058072 27.380959 0.017717519 -0.064368224 3.056837 0.5
15.320255 26.934457 0.23017647 0.13204226 3.332967 0.5
23.683051 18.804356 0.066935617 0.050615498 3.889918 0.5
13.494035 18.167661 -0.011753453 0.093054118 1.775857 0.5
21.031571 23.887644 -0.030795763 -0.087756002 4.33857 0.5
11.22006 8.8598992 -0.076028121 -0.0021604857 2.652322 0.5
19.533225 11.345074 0.032560727 -0.036374752 1.360759 0.5
19.904638 8.3623399 -0.0067731154 0.0009191431 1.350476 0.5
25.185481 6.6519895 0.0056072798 -0.0046340341 3.139709 0.5
18.562091 14.079251 0.14057342 -0.046224126 3.877928 0.5
13.022819 15.054937 -0.033988187 -0.013789915 4.111005 0.5
19.704622 24.35672 -0.064664609 0.080712696 4.354529 0.5
14.456965 21.670838 -0.072055246 0.032272547 1.958136 0.5
23.375761 19.885735 0.016137437 -0.030700871 1.935129 0.5
6.4122002 7.4057958 -0.0063633613 -0.016448975 0.983243 0.5
23.895946 21.112993 -0.010648448 -0.0050581413 4.524452 0.5
24.786103 21.89483 0.02742374 -0.052129456 4.628506 0.5
21.729477 4.2361103 -0.0021885991 0.0024208714 4.619789 0.5
16.608595 27.126824 0.1160914 -0.023582105 6.246698 0.5
17.889561 5.8888256 -0.0085409505 -0.0011867656 2.597917 0.5
16.636875 23.977704 0.057424649 -0.1879944 5.540445 0.5
25.945052 10.704683 -0.00056596031 0.00077916807 1.135786 0.5
13.805283 22.806871 -0.042350707 -0.069175282 0.649744 0.5
19.94008 21.337818 -0.038557088 -0.025386076 4.647872 0.5
22.746207 17.5988 0.019203945 -0.021502905 3.116928 0.5
22.348495 16.48321 0.052960288 -0.038166525 1.058365 0.5
12.622612 21.639731 0.0066146406 0.0061526644 1.223223 0.5
11.522065 3.6658846 0.0062117841 0.0062248799 6.185729 0.5
21.634 9.3033837 -0.009555574 0.0022679805 5.03693 0.5
8.1194216 3.2277323 0.00012275294 0.00031833924 0.158334 0.5
17.160452 20.668256 -0.03267246 -0.05939634 0.09489 0.5
5.7714601 14.013711 0.090017852 0.009464292 3.182579 0.5
13.533416 4.4209846 -0.0099759271 -0.0097617691 5.999337 0.5
18.142205 26.768376 0.055750291 -0.019465192 0.712677 0.5
9.8915837 14.958087 -0.054685454 -0.18252948 1.70588 0.5
17.690273 22.170601 -0.033941 0.011575495 5.092516 0.5
24.814346 8.2855479 -0.009913938 -0.0098808168 0.506989 0.5
19.484406 18.223612 -0.062713599 -0.039471931 4.452103 0.5
19.962975 7.1641799 -0.0017358972 0.00051907864 3.429354 0.5
21.875945 21.853198 0.018018895 -0.075445053 5.942963 0.5
20.979463 18.580362 -0.027275159 0.0014603689 2.062723 0.5
17.356044 12.035226 0.032587109 -0.17324117 2.598321 0.5
19.404971 16.157421 0.010781592 -0.052270349 6.159219 0.5
24.481125 17.872342 0.12076542 0.0048059522 1.488917 0.5
18.381812 11.34611 0.085342514 -0.050778301 1.927238 0.5
20.287474 25.8362 -0.0067549188 -0.031070661 3.98558 0.5
15.027789 25.865247 0.099243196 -0.052825017 3.515453 0.5
11.333748 7.6756197 0.013319981 -0.14376536 3.362574 0.5
14.282226 24.818655 0.026178446 -0.069118333 2.617045 0.5
22.7727 9.4032821 0.0049739719 0.0047739662 4.416501 0.5
21.825789 3.0997948 -0.0009749442 -0.0024549301 2.357123 0.5
17.841196 8.6933795 0.011320123 -0.071177443 0.027213 0.5
26.070149 16.550994 -0.0099629436 0.010693897 3.270335 0.5
2.7187533 6.9675664 0.098863786 -0.020457411 5.133302 0.5
15.813691 1.9898571 -0.0074826301 0.0012746732 4.163048 0.5
18.848407 19.399962 -0.090853991 -0.074237195 3.93618 0.5
16.155375 17.631915 0.039272427 -0.069127249 5.951127 0.5
21.48295 14.093435 0.052062583 0.059279315 4.082451 0.5
24.921303 16.838955 -0.039643626 -0.08426302 1.780305 0.5
12.344664 7.1045061 -0.0046349026 0.0023076978 2.847882 0.5
17.053592 1.4371219 -0.0022407966 0.0028757108 1.767937 0.5
22.926041 15.493119 0.05981509 -0.05458282 0.00135 0.5
11.105377 13.877774 -0.040984113 -0.018944279 5.312468 0.5
18.577013 23.287971 0.022529585 -0.0028274163 0.320289 0.5
17.036571 5.1272444 -0.0016057858 -0.0049700699 0.581132 0.5
22.961085 3.9954081 -0.0011560314 0.0011608316 3.087421 0.5
23.060235 7.098214 0.0059360879 -0.0035665429 3.560403 0.5
17.664406 17.245181 -0.026057632 -0.032197261 0.555117 0.5
16.696335 8.3792334 -0.040238024 -0.00017601198 6.220608 0.5
25.059348 11.573238 0.04307654 -0.032033372 5.652715 0.5
24.182152 12.516044 0.0064831085 -0.045249846 0.827952 0.5
12.39646 8.2688085 -0.0072444288 -0.0012236388 1.054048 0.5
20.99382 6.4083038 -0.014047913 -0.0072961756 0.319962 0.5
6.1741781 3.3842218 -0.0012113946 0.0047500686 2.464344 0.5
20.044 19.201412 -0.0047936462 -0.026424339 3.780782 0.5
21.611649 17.345949 0.036558799 -0.015353274 0.745414 0.5
7.9221666 7.5608056 -0.25739394 -0.31305322 3.348875 0.5
14.680843 9.597859 -0.0033891286 -0.0027512731 5.365761 0.5
26.425049 14.29212 0.018320618 -0.058375683 0.445642 0.5
8.7883083 5.2894167 -0.0078876998 -0.00064035254 2.979068 0.5
19.197899 26.07235 0.025869595 -0.14133301 2.813895 0.5
21.003329 20.768877 0.041348634 -0.023914112 4.039246 0.5
26.716117 9.6801885 -0.00079536998 -0.0061510315 4.602055 0.5
12.750737 23.82708 0.10454535 -0.065882128 1.676583 0.5
16.972396 18.56312 0.005903469 0.011343998 1.207935 0.5
15.372658 13.229057 -0.066237764 -0.016341899 6.164191 0.5
27.37634 15.047716 0.0013523442 0.00089756562 1.491784 0.5
18.851574 5.2707619 -0.0056926023 -0.0044999332 6.269379 0.5
15.83385 24.988037 0.0042584992 0.07831266 0.35856 0.5
9.3015219 8.786567 0.085063424 -0.096898727 0.326238 0.5
17.852309 15.73754 0.037616836 0.066342629 1.608548 0.5
23.1039 23.610869 -0.012707134 -0.038227986 2.616667 0.5
18.363934 12.712121 0.080387829 -0.0032982175 0.410672 0.5
12.031755 18.967259 0.51220675 -0.18986043 3.210668 0.5
14.850577 8.0063792 -0.0026068622 0.00088635539 0.309541 0.5
9.6107332 22.477015 -0.091620597 -0.32495929 1.761874 0.5
22.274178 8.3485252 0.0040081457 -0.035545586 4.731547 0.5
22.217187 6.22517 -0.0044230405 0.0042794834 0.313065 0.5
16.148133 11.459643 -0.053104587 -0.051099032 0.087229 0.5
21.776711 7.3429719 -0.0012121314 0.010895989 5.713071 0.5
25.55609 9.5489323 0.0065249491 0.011393189 0.34983 0.5
13.513294 0.8087395 -0.002638168 0.00062983288 2.015368 0.5
15.846572 10.26063 -0.022951097 -0.016053462 0.42176 0.5
26.01673 19.848426 -0.058359219 -0.0046702703 5.580866 0.5
17.439537 13.712526 0.025685541 -0.030257893 4.066321 0.5
18.799346 7.8621 -0.0066858853 -0.0080379709 5.863794 0.5
18.452651 2.659807 0.004097826 0.0028951649 5.355125 0.5
1.922483 8.4684044 0.029012053 -0.068499198 5.404824 0.5
18.423323 20.82857 0.061059705 -0.004849193 1.361005 0.5
15.547945 22.195472 0.0051138085 -0.015281781 5.19755 0.5
20.247831 17.229546 -0.019883072 0.020249682 5.853071 0.5
6.0143071 22.581037 -0.037694188 -0.086370603 2.830697 0.5
15.886371 20.67112 -0.0060617064 -0.045663428 3.251414 0.5
4.5275001 20.741575 0.082780837 -0.60853505 3.305262 0.5
8.5470404 25.661129 -0.12833344 -0.24362295 3.841898 0.5
12.823381 27.198509 -0.085562075 -0.024041275 4.917041 0.5
22.148336 24.573958 0.097262921 0.013734695 1.726803 0.5
18.222438 18.272523 -0.059987338 -0.015464397 2.534849 0.5
19.747398 6.0163328 0.14103102 -0.10346752 1.985571 0.5
24.577413 20.033019 0.031559783 -0.059923741 5.636684 0.5
16.478462 12.909867 -0.046688877 -0.029547711 0.642493 0.5
17.673947 7.0146096 -0.030349454 -0.05831329 5.796573 0.5
25.790182 17.669771 0.039334478 -0.045488034 4.738871 0.5
26.28244 11.919537 0.061259161 -0.070603599 1.568073 0.5
16.74191 6.3941562 -0.018683873 -0.014868235 2.749741 0.5
11.87982 24.846455 0.16102675 0.33535519 1.171823 0.5
22.072052 23.055558 0.017746188 0.0048672303 2.226958 0.5
27.407455 13.711067 0.024887706 -0.056759641 1.548545 0.5
16.099358 4.3315311 -0.0015926224 -0.0029606994 3.653333 0.5
17.734656 24.155254 0.14790122 -0.16315673 4.394256 0.5
17.077748 10.667686 0.044949441 -0.063468519 0.605652 0.5
11.505296 12.739861 -0.16707008 0.020130153 3.106146 0.5
14.94127 4.6576668 -0.0073717047 0.001020594 3.095002 0.5
22.19204 18.760136 -0.041599631 -0.069962327 1.841384 0.5
26.231204 8.6502641 0.0060650991 -0.0081634387 6.034028 0.5
8.3276218 12.486013 0.016512518 0.056064103 1.857551 0.5
17.922371 9.8700068 -0.027130109 -0.050438731 1.702664 0.5
24.158129 9.2960383 -0.0057373383 -0.0062300003 1.16125 0.5
15.373702 6.851019 -0.0042416663 -0.0029706889 4.720586 0.5
23.643174 4.8992347 -0.0012626512 -0.0086646101 0.205718 0.5
26.459102 13.058354 0.016620483 0.0033571909 5.820667 0.5
14.025359 12.541505 0.012674384 -0.027125238 3.894129 0.5
17.740517 25.723499 0.13732624 0.038371812 3.074393 0.5
20.855339 2.4524887 0.0013328303 0.00058375796 0.467747 0.5
25.320602 18.788231 -0.01948331 0.081985367 5.60533 0.5
21.403122 5.3607468 -0.00041962585 -0.0094957843 6.227367 0.5
22.586455 20.949942 -0.001188365 0.0087515639 5.177094 0.5
27.146111 11.219899 0.037760715 -0.02299573 0.203779 0.5
14.541066 2.8577558 7.1959636e-05 -0.0016782748 6.095105 0.5
23.980305 22.716983 0.074792409 -0.0057572516 5.150288 0.5
23.582471 13.46226 -0.0045547604 -0.055592283 3.059892 0.5
16.766361 9.5255381 0.0053920079 0.0040593335 3.692189 0.5
7.6293454 5.4557029 -0.0042924122 0.00042161411 3.246869 0.5
21.59328 10.426902 0.020995306 0.0049622202 2.032293 0.5
23.662103 10.298873 0.026063447 -0.037184346 6.136396 0.5
24.795622 13.575333 -0.014507067 -0.019819063 4.563161 0.5
21.715224 11.577865 -0.0093185552 -0.010590052 5.916686 0.5
13.920569 26.217062 0.18490558 -0.14522464 1.344992 0.5
25.375244 20.856795 -0.010022103 -0.031924022 3.633442 0.5
11.223916 26.97481 -0.1169078 -0.091289574 2.78777 0.5
18.802638 25.011455 0.24055907 0.11303335 1.483056 0.5
26.456142 18.816059 -0.015484325 -0.059114864 0.879468 0.5
17.676922 19.478693 0.032635734 0.01263717 4.923104 0.5
14.223226 16.199494 -0.025658167 -0.030431375 5.350229 0.5
22.630817 14.413557 0.0010633819 -0.051631889 1.508644 0.5
19.710612 3.0138972 0.0019764044 0.0011490268 4.32761 0.5
25.415032 12.630607 -0.0072760106 0.01129028 1.3724 0.5
19.714513 1.8599677 -0.0090182102 -0.004453691 2.64206 0.5
21.146413 25.055642 -0.033773142 -0.018860434 2.466218 0.5
15.615038 15.735724 -0.020159269 -0.018840645 0.69625 0.5
20.239909 4.9454454 -0.00021417922 -0.0018380398 0.502972 0.5
19.213528 10.256555 0.099592518 0.031985168 4.066135 0.5
16.414245 26.009435 0.067947605 -0.020941927 3.026607 0.5
21.165483 16.302867 0.017162547 -0.0049262063 6.171553 0.5
3.8580764 7.3350233 0.00021134143 3.3846933e-05 3.767955 0.5
11.865813 20.544117 -0.027994714 -0.15416603 5.349705 0.5
16.171481 14.466581 -0.0094781511 0.036574336 3.28374 0.5
22.63006 10.896091 -0.069836881 -0.05664901 1.964272 0.5
26.285996 15.405777 0.019193629 -0.037824138 1.170799 0.5
20.622548 3.7634554 -0.0066950872 -0.0041717332 0.802835 0.5
6.9771248 18.023658 -0.063931616 -0.18453448 5.063896 0.5
27.186452 16.272532 0.031314551 -0.0052129365 2.243796 0.5
13.822468 19.300575 -0.019458841 0.0082782633 5.270568 0.5
20.367146 14.101428 0.048015063 -0.021137714 5.757172 0.5
25.731824 7.6337039 0.038800764 -0.033858537 5.271397 0.5
24.851875 10.447215 0.034439812 -0.012755464 3.151318 0.5
12.854959 9.4514145 -0.067500393 -0.10300392 0.221595 0.5
22.489008 13.173148 -0.018527154 -0.013248442 1.510648 0.5
19.227699 15.010414 0.11079682 0.059427372 5.29405 0.5
13.450789 20.849504 0.11992749 -0.17676327 2.737677 0.5
25.337308 14.556497 0.048531437 0.00015122499 4.134415 0.5
25.182931 15.737362 0.065263597 0.0045959623 1.432456 0.5
18.908528 9.0713657 0.027001637 0.015820635 2.840655 0.5
7.2654181 11.467636 -0.11663372 -0.06980362 2.899005 0.5
21.826146 19.962286 -0.012106104 0.027496237 4.137855 0.5
20.532498 22.656581 0.080943857 0.037965935 1.992807 0.5
24.204461 7.2345912 0.0082413807 0.00033678644 0.375558 0.5
17.066103 2.7943428 -0.0030898245 -0.012924418 0.629977 0.5
12.249598 5.8471294 -0.0032302144 -0.0083668587 5.301885 0.5
13.590543 1.9914395 -0.016655093 -0.0062135431 1.197725 0.5
10.061728 9.9350861 0.045177879 -0.039809916 2.939026 0.5
27.334127 12.33492 0.012173001 0.0046680393 3.912909 0.5
6.8534563 16.528159 0.053997674 -0.0034157721 3.115045 0.5
14.032948 10.957071 -0.011162148 -0.16897504 1.662001 0.5
13.766157 5.7149753 -0.0020877638 -0.0032021058 0.131507 0.5
