# x y vx vy theta radius
16.086918 16.054349 0.013818643 -1.7357123 5.1713092 0.5
17.811042 25.911314 -0.01250063 0.029345371 1.764168 0.5
12.028601 2.485849 -0.0010314622 -0.0015618648 3.951996 0.5
14.607455 26.510448 -0.12223177 0.13510409 4.259518 0.5
2.9334844 8.354895 -0.00026821232 -8.7334467e-05 1.882067 0.5
3.8147527 13.545387 0.0022433515 0.0040426033 0.92276 0.5
18.929487 18.114012 -0.14458331 -0.0044592992 4.981497 0.5
1.7824754 8.5844026 0.00055524428 0.00036525689 0.663689 0.5
2.5541632 18.791718 -0.031207266 -0.031561834 4.599871 0.5
18.077789 22.236977 -0.0053836371 0.04344248 3.315122 0.5
9.4089439 9.7031821 -0.065347469 -0.067090249 5.224588 0.5
5.4497719 17.531933 0.0037387416 -0.015055485 4.739779 0.5
6.2504464 3.0515682 0.00011328288 0.00013349624 0.624425 0.5
8.0303341 14.319116 -0.041040541 0.018304659 0.734434 0.5
2.9373241 15.692692 -0.0020287036 -0.023103568 4.989084 0.5
12.26414 26.708702 -0.079452131 0.48913443 2.508867 0.5
4.0218996 23.003708 0.024890956 0.024054399 5.939565 0.5
21.041678 5.9289593 -0.14204322 -0.067606604 0.028815 0.5
3.9263303 14.732026 0.00016599985 0.012165801 3.449449 0.5
5.796251 24.600113 -0.2222146 0.12857279 0.592282 0.5
14.68955 3.3458864 -0.0082885407 -0.025720685 6.045768 0.5
14.007443 14.036741 -0.022639059 0.041085341 0.890473 0.5
11.628477 19.340567 -0.092764982 -0.041191249 2.353219 0.5
10.538431 9.6707455 -0.042727401 -0.015318907 1.672869 0.5
8.9854786 1.6114242 -0.0094023426 -0.01453261 4.21507 0.5
15.565383 11.239745 -0.025028606 0.00055205526 0.4829 0.5
1.9378984 16.523805 0.0002309856 0.0012398627 6.274711 0.5
8.5670735 8.7417552 -0.017952662 0.016562686 1.301021 0.5
24.005022 15.804146 -0.080557079 0.049632269 3.538852 0.5
1.5993417 14.085238 0.0012741186 0.0001417415 1.72413 0.5
20.710512 22.747606 0.60275673 0.13661424 0.779811 0.5
13.518566 8.5766227 -0.033247736 -0.083927359 1.209651 0.5
6.3565569 18.189209 -0.025152475 -0.038473113 5.377079 0.5
13.390511 12.794354 -0.021304632 -0.018693976 3.122843 0.5
11.668626 23.432378 -0.12201635 0.083667343 4.105439 0.5
9.695146 10.808097 -0.13052448 0.02058308 2.246795 0.5
11.121808 7.4275143 -0.18853401 -0.054195497 3.468535 0.5
10.579298 11.530228 0.016997438 -0.05359109 5.532293 0.5
7.8769392 20.876739 -0.051181787 0.11045245 0.531572 0.5
14.564065 19.514278 -0.020333664 0.10966144 5.261584 0.5
10.236836 20.823328 -0.16315145 0.11300537 0.040113 0.5
9.0843133 26.494309 0.019627123 -0.32470227 4.576591 0.5
7.7315056 7.5584924 -0.082492941 0.055588906 0.209824 0.5
8.6735968 6.8642112 0.0018078196 -0.052658859 1.770879 0.5
10.86417 22.121451 0.0061407082 0.0042273701 4.791815 0.5
15.053807 9.1245688 -0.015273632 0.016614135 2.522673 0.5
3.3201528 21.924023 0.0082870573 -0.023730247 3.232151 0.5
6.4558682 9.7843979 0.00097411974 -0.0027815753 0.943125 0.5
14.796684 13.056519 0.081073819 0.056330897 1.031271 0.5
2.6063299 20.974428 0.0083306968 0.0054755646 1.523797 0.5
11.477284 4.0212554 -0.081297187 -0.032910649 1.787492 0.5
9.3272163 12.233645 -0.04437637 -0.021122238 3.056837 0.5
9.1194303 21.106935 0.0093136329 -0.0087468684 3.332967 0.5
6.2340403 15.901649 -0.018938705 0.0010770705 3.889918 0.5
7.9671176 2.775725 0.00029320605 -0.00040808353 1.775857 0.5
4.5891659 11.230807 -0.021501041 -0.025269476 4.33857 0.5
4.4638714 19.818013 -0.040612006 -0.029238333 2.652322 0.5
24.051235 11.510566 -0.098846918 0.11423357 1.360759 0.5
4.1422668 15.866146 -0.0065044895 -0.0035537772 1.350476 0.5
11.595454 20.508577 -0.39627578 -0.055025468 3.139709 0.5
26.581095 11.265364 -0.00022253166 -0.035340987 3.877928 0.5
18.499339 2.5427925 -0.2307314 0.10696477 4.111005 0.5
4.7391549 6.3005993 0.00083733336 -0.00085614421 4.354529 0.5
18.629487 4.3232615 -0.081066176 -0.11791154 1.958136 0.5
20.605984 21.473045 -0.0087800887 -0.028241059 1.935129 0.5
3.8139815 20.806114 -0.06313103 0.086136315 0.983243 0.5
16.292545 4.6547922 0.026045 -0.0058387627 4.524452 0.5
21.050864 17.430964 0.64430521 0.21411784 4.628506 0.5
2.4573338 7.1666802 0.00014754967 0.00057703421 4.619789 0.5
12.751092 14.036303 -0.058047139 0.077949731 6.246698 0.5
2.3208801 10.680555 -0.00036547844 0.00020771679 2.597917 0.5
23.166457 5.8521937 -0.080234832 -0.00027152351 5.540445 0.5
3.4032284 17.917296 0.014531877 -0.0081865402 1.135786 0.5
8.2256933 16.951863 -0.075857348 0.015330887 0.649744 0.5
6.6441432 5.4019003 0.00021461902 0.00018119975 4.647872 0.5
21.031031 24.024937 -0.0013018919 -0.017328516 3.116928 0.5
15.719101 23.789064 0.17530256 -0.062800593 1.058365 0.5
6.738769 24.016767 -0.063532227 0.025211398 1.223223 0.5
9.6275237 2.5614255 -0.0025960877 0.0024067488 6.185729 0.5
10.024323 8.5316635 -0.085573509 -0.060581139 5.03693 0.5
14.310205 22.81153 0.1008898 0.091545072 0.158334 0.5
2.8631822 14.14629 -0.0084427057 0.0046004322 0.09489 0.5
16.599228 22.066354 0.16795815 0.083159037 3.182579 0.5
19.603159 3.0305944 -0.062065195 0.17236454 5.999337 0.5
11.552759 15.954596 -0.019179292 0.028688591 0.712677 0.5
4.2501465 12.487335 -0.0033860089 0.0060155885 1.70588 0.5
20.004219 19.694404 0.12663074 0.031736488 5.092516 0.5
15.382948 20.64726 0.12320765 0.080509246 0.506989 0.5
10.288108 4.8617771 0.0027154164 -0.027931526 4.452103 0.5
13.2919 19.086013 0.12307234 0.074515176 3.429354 0.5
17.518694 5.1114027 -0.0049503348 -0.054202823 5.942963 0.5
6.1518001 7.6481801 -0.012579545 -0.0035621045 2.062723 0.5
1.1432154 10.752125 -0.00023159432 -0.00018334721 2.598321 0.5
4.2902193 17.160564 -0.0052559927 -0.0076097372 6.159219 0.5
3.4678798 10.519492 -0.00037877668 -0.015063096 1.488917 0.5
15.985071 25.306112 0.097189329 0.24709266 1.927238 0.5
9.8416134 7.2776741 -0.06209273 -0.044952723 3.98558 0.5
7.3896215 18.885448 -0.17259327 -0.0075067345 3.515453 0.5
14.400985 11.254076 0.02470313 -0.0021907653 3.362574 0.5
13.815907 9.9425459 0.062103501 0.0012145919 2.617045 0.5
2.581017 9.5663545 0.00039931475 -0.0019938263 4.416501 0.5
6.8478114 25.34536 0.011311946 -0.26893984 2.357123 0.5
14.715229 1.4339966 -0.0021819787 0.0019540124 0.027213 0.5
23.004763 7.10672 0.033668851 -0.062431187 3.270335 0.5
8.6067232 18.534598 -0.10171463 0.0076162668 5.133302 0.5
6.6240646 12.235022 0.0014013345 -4.7458924e-05 4.163048 0.5
13.539868 0.61004115 -0.0050397634 0.1239475 3.93618 0.5
5.4249486 4.0120775 2.4648081e-05 -0.00034557746 5.951127 0.5
12.734543 3.6172944 0.013942844 -0.15769019 4.082451 0.5
1.6236322 15.396925 -0.0026259212 -6.4329656e-05 1.780305 0.5
5.9397493 13.215881 -0.11674335 -0.031010474 2.847882 0.5
12.979881 22.997591 0.11606936 -0.015288966 1.767937 0.5
2.8422064 12.807851 -0.021930298 -0.015274638 0.00135 0.5
19.426958 8.061573 0.055144482 0.053101617 5.312468 0.5
16.549787 26.803426 -0.032264741 -0.024219392 0.320289 0.5
11.422547 6.2740042 -0.091493768 0.0057199667 0.581132 0.5
12.406248 15.10343 0.057935704 0.0027746134 3.087421 0.5
20.281684 24.955553 0.0015449763 0.0086454064 3.560403 0.5
10.20305 15.236487 -0.0035731955 0.10709908 0.555117 0.5
6.8949116 6.7685238 0.019656525 -0.032945842 6.220608 0.5
24.092697 13.182585 0.0021204734 0.059722169 5.652715 0.5
25.26164 13.321947 0.00031144129 0.0011432941 0.827952 0.5
12.62121 7.6145144 0.044619257 -0.0404043 1.054048 0.5
15.452407 27.275149 0.11036182 0.10906486 0.319962 0.5
8.659023 13.231796 0.017846641 0.004270639 2.464344 0.5
8.1239361 21.970606 -0.10207736 -0.072789236 3.780782 0.5
10.584019 19.756283 -0.14001261 0.052047107 0.745414 0.5
12.679283 21.92047 0.11026297 0.048561899 3.348875 0.5
22.117222 11.683029 -0.11395336 0.015880776 5.365761 0.5
7.7773366 12.343875 0.017327822 0.024611727 0.445642 0.5
11.412793 10.754032 -0.051417054 0.0013001364 2.979068 0.5
18.324959 9.6446439 0.1617869 -0.082774749 2.813895 0.5
10.211286 13.801927 -0.30898653 -0.1219913 4.039246 0.5
5.7743607 21.783867 0.042427815 0.035741441 4.602055 0.5
12.223897 16.869054 -0.31272704 -0.11333659 1.676583 0.5
7.8698105 25.887504 -0.11149156 0.091715199 1.207935 0.5
7.2355531 11.088287 -0.0020607323 -0.0026587527 6.164191 0.5
9.9185542 25.524502 -0.0057197953 0.07624161 1.491784 0.5
3.6941166 9.3370905 -0.0012508402 -0.00097482776 6.269379 0.5
10.43888 16.37404 0.015925399 0.01322676 0.35856 0.5
8.6563151 15.916235 -0.0033862132 -0.0050703406 0.326238 0.5
13.146847 6.5961355 -0.033353844 -0.081929244 1.608548 0.5
27.175328 12.62485 -0.030183194 0.061958718 2.616667 0.5
4.9316615 13.829359 -0.008218813 0.017510891 0.410672 0.5
11.72215 24.795874 0.041025259 0.223108 3.210668 0.5
8.1851524 4.3679694 -0.0013237094 -0.0014995852 0.309541 0.5
6.6320368 21.03288 0.0026825953 0.024902096 1.761874 0.5
7.8706421 6.0878489 -0.031362096 -0.033919668 4.731547 0.5
10.59641 1.7176018 0.01503722 -0.014989572 0.313065 0.5
5.9529299 20.11976 0.0091179256 0.030051591 0.087229 0.5
12.112801 13.027038 0.12053474 0.015751567 5.713071 0.5
5.9990921 11.182005 -0.0022642402 -0.0023280131 0.34983 0.5
9.365494 17.076051 0.0014127543 -0.028072843 2.015368 0.5
13.471073 2.1099688 -0.054298008 0.0065186954 0.42176 0.5
12.184857 18.246904 0.1125931 0.1228718 5.580866 0.5
0.8168114 16.382682 -3.9199328e-05 -2.1204545e-05 4.066321 0.5
9.3175926 3.8590348 -0.02203333 -0.002237176 5.863794 0.5
7.2368306 3.7461052 -0.00041257293 -0.00034649444 5.355125 0.5
11.169682 27.022845 -0.0020244133 0.011557019 5.404824 0.5
8.4556879 10.895077 -0.0054067055 0.0067069681 1.361005 0.5
1.6928913 12.907759 -0.00062981596 0.0013099839 5.19755 0.5
16.663838 7.5485047 -0.023720324 -0.033904949 5.853071 0.5
2.1741109 11.826098 -0.01973372 -2.6940471e-05 2.830697 0.5
4.9273299 7.4328035 0.0008866652 -0.00069712543 3.251414 0.5
5.058422 20.841874 -0.013951353 0.0033297455 3.305262 0.5
16.837045 23.348773 0.0057885323 0.00083231915 3.841898 0.5
4.6050588 18.335043 -0.017889775 -0.019993487 4.917041 0.5
9.7247103 22.110746 0.023031883 0.038562191 1.726803 0.5
13.541389 17.597356 -0.033292936 -0.048135126 2.534849 0.5
26.817123 17.313831 -0.0056976248 0.0083744101 1.985571 0.5
6.2374037 14.495104 -0.0098433877 -0.0052861109 5.636684 0.5
4.8681114 23.8379 -0.0027863444 0.0028162214 0.642493 0.5
0.63192734 13.329416 -0.0008937985 -0.0008972517 5.796573 0.5
25.350794 21.007403 0.00033542694 0.00078892585 4.738871 0.5
5.4503968 19.119039 -0.12478148 0.008977948 1.568073 0.5
22.258089 19.353072 0.35592217 0.18534422 2.749741 0.5
7.7009933 24.629443 0.16675022 -0.16203757 1.171823 0.5
8.1722996 19.770543 -0.020008803 0.093037666 2.226958 0.5
3.2030909 16.815358 -0.0073653922 -0.014456667 1.548545 0.5
17.921524 18.645702 0.083294298 -0.013403387 3.653333 0.5
6.2259783 23.013129 -0.16050561 -0.33062449 4.394256 0.5
19.634021 6.5347626 -0.1001524 -0.058184621 0.605652 0.5
11.076238 25.810953 0.010485365 0.017950355 3.106146 0.5
7.6400317 9.9601794 -0.020558439 0.0051547274 3.095002 0.5
2.2946838 17.611266 -0.0013497089 0.0011483733 1.841384 0.5
0.7494033 12.179867 -0.0012901849 -0.00051973676 6.034028 0.5
12.751459 20.587682 -0.14875475 0.10492773 1.857551 0.5
17.852695 20.927027 0.039442868 0.22093493 1.702664 0.5
5.23997 15.253797 -0.0083916859 -0.011299634 1.16125 0.5
18.960735 21.094211 -0.091922727 0.193026 4.720586 0.5
10.099425 6.0990915 -0.016407382 0.0007019193 0.205718 0.5
8.7526812 25.1841 0.064324538 0.074470105 5.820667 0.5
12.775507 4.7721815 0.058009524 -0.040592848 3.894129 0.5
15.295262 7.5338301 0.05334192 -0.097307435 3.074393 0.5
13.690779 16.21406 0.023280601 -0.0027254382 0.467747 0.5
11.063105 17.432396 -0.030891563 0.044002744 5.60533 0.5
6.8778776 22.14166 -0.06576335 -0.074208939 6.227367 0.5
9.080913 14.75621 0.017564288 -0.062893164 5.177094 0.5
10.619068 24.609554 0.048295551 -0.12446377 0.203779 0.5
12.24058 9.834318 -0.086576265 0.012947459 6.095105 0.5
7.3446727 8.7928352 -0.01256631 -0.046250129 5.150288 0.5
7.0864874 19.999763 -0.020901447 0.032977011 3.059892 0.5
5.3956651 5.1931573 -0.00018114696 -0.00047157102 3.692189 0.5
7.4305975 17.770783 0.0085395069 -0.20111922 3.246869 0.5
11.247645 14.296498 -0.023129335 -0.01506161 2.032293 0.5
1.4066446 18.612543 0.0018643877 -0.00092886096 6.136396 0.5
18.533608 23.315429 -0.015841023 -0.022141916 4.563161 0.5
7.297638 16.244463 -0.036437916 -0.040983625 5.916686 0.5
14.634099 17.72884 -0.2549728 -0.0046437635 1.344992 0.5
5.7939798 8.7107669 -0.0094191387 0.026640802 3.633442 0.5
16.441044 19.516204 0.082406441 -0.013413312 2.78777 0.5
5.2078504 16.419552 -0.0017387639 -0.0097128634 1.483056 0.5
16.62867 3.2470143 0.10356705 -0.0002973111 0.879468 0.5
7.4918025 23.136264 0.014317445 -0.027578435 4.923104 0.5
9.3781837 24.103796 -0.048049643 0.2058554 5.350229 0.5
14.501719 6.6213895 -0.034147938 -0.13043174 1.508644 0.5
3.3740005 11.700846 -0.0027286956 -0.0034107837 4.32761 0.5
13.93445 21.071389 -0.037720456 -0.043659842 1.3724 0.5
25.250555 8.4236062 -0.017366711 0.0080282447 2.64206 0.5
3.2206117 6.069632 -0.00084620198 -0.00019765921 2.466218 0.5
7.1182212 13.48269 0.0034543887 -0.057477941 0.69625 0.5
4.5349562 8.4899223 0.00032476995 -0.00035398391 0.502972 0.5
2.9851349 19.91767 -0.0031469623 0.0015938583 4.066135 0.5
14.745105 25.337506 0.19334642 0.012337683 3.026607 0.5
9.8454233 18.536955 9.9019101e-05 0.033129999 6.171553 0.5
5.8842812 6.2620897 -0.13809534 -0.070270379 3.767955 0.5
15.857796 1.9132481 0.002667237 -0.029014362 5.349705 0.5
1.315517 9.640643 0.0001241827 -9.006935e-05 3.28374 0.5
9.0569632 5.5687996 -0.011334549 -0.043987169 1.964272 0.5
1.0827026 17.477976 -0.00032125717 0.00037931392 1.170799 0.5
7.2354236 15.12299 0.0013070819 -0.0027614014 0.802835 0.5
11.8437 8.7287986 -0.0015898966 -0.034317911 5.063896 0.5
9.4312631 19.658789 0.0069055541 -0.056349571 2.243796 0.5
4.4371943 21.85765 -0.007774538 0.048974181 5.270568 0.5
13.522858 27.263025 0.07777576 0.22767357 5.757172 0.5
11.899836 11.852796 -0.011863347 -0.0093931807 5.271397 0.5
5.1866008 9.7176954 -0.00012927062 -0.00075223615 3.151318 0.5
5.1725897 22.734598 -0.19849534 -0.053234575 0.221595 0.5
4.0936161 5.1746801 0.0004883988 -1.4120105e-05 1.510648 0.5
8.7415914 22.989289 -0.02347636 0.016430999 5.29405 0.5
12.07961 1.3203116 -7.1214616e-05 -0.00089822947 2.737677 0.5
5.3715546 12.162424 -0.046720622 -0.014882461 4.134415 0.5
1.8807609 19.693728 -0.014421338 0.011307972 1.432456 0.5
10.421583 23.337842 -0.090557328 -0.051905101 2.840655 0.5
3.6898832 19.010382 -0.011140158 -0.038086651 2.899005 0.5
0.60897175 14.622592 -0.0013952145 -0.0021339549 4.137855 0.5
13.024747 24.255143 0.032716478 0.23707534 1.992807 0.5
22.043371 4.2675853 -0.15057116 -0.0036385729 0.375558 0.5
18.303001 14.523022 0.033471374 -0.17600616 0.629977 0.5
3.7803852 7.2259075 -0.00050811803 -5.8190325e-05 5.301885 0.5
19.672787 12.393291 0.16759692 -0.12556714 1.197725 0.5
16.799196 14.527974 -0.0023144922 0.02227051 2.939026 0.5
6.514545 17.044183 0.013426285 -0.037231476 3.912909 0.5
10.850978 12.697854 -0.016895259 -0.068507695 3.115045 0.5
17.722579 24.321639 -0.012574174 0.0017745606 1.662001 0.5
19.921719 5.2806074 -0.035959466 -0.091799078 0.131507 0.5
