# x y vx vy theta radius
15.332644 21.23116 0.31340478 -0.72781857 5.8493461 0.5
21.160105 9.7146068 -0.046408918 -0.10647893 1.764168 0.5
25.372516 7.3509062 0.052831324 0.0053198389 3.951996 0.5
25.235877 13.405209 0.055610753 0.014078166 4.259518 0.5
16.201549 4.5510601 -0.0090599089 -0.20693951 1.882067 0.5
18.77518 26.535696 -0.076744409 0.14309439 0.92276 0.5
26.346934 19.124618 0.0088444366 0.0060030349 4.981497 0.5
17.239638 24.323527 -0.043037655 -0.18832713 0.663689 0.5
23.697712 17.846651 0.10792629 0.030536836 4.599871 0.5
14.752011 24.882877 -0.060652434 -0.12448851 3.315122 0.5
18.100945 23.389696 -0.073271292 0.0038592873 5.224588 0.5
26.56325 14.079899 -0.013837791 0.041201074 4.739779 0.5
21.530794 4.0337439 0.23122009 0.20907574 0.624425 0.5
14.571723 26.259377 -0.10842337 -0.37633211 0.734434 0.5
2.3946058 10.101957 0.00304111 0.0038591054 4.989084 0.5
22.262281 20.879843 0.042115403 -0.41658314 2.508867 0.5
8.8321349 8.3608005 0.0036420953 0.03482125 5.939565 0.5
26.588879 9.3425263 -0.011095446 -0.055851983 0.028815 0.5
14.426545 2.0518342 -0.0010303588 -0.0033497086 3.449449 0.5
23.69725 5.1030962 0.27311317 0.032926404 0.592282 0.5
8.8909297 15.778574 0.035678297 -0.033312079 6.045768 0.5
10.352129 24.179946 -0.11840506 -0.21310518 0.890473 0.5
21.285857 25.22799 0.016864819 -0.30214829 2.353219 0.5
4.9973068 8.7449182 0.02525167 -0.011246997 1.672869 0.5
13.546196 2.8167827 -0.0015497953 0.0079754405 4.21507 0.5
6.8047967 3.5048501 0.007350287 0.0047876925 0.4829 0.5
17.212625 7.9551868 -0.0071308659 -0.11852013 6.274711 0.5
12.89734 11.320431 0.011641055 -0.09407787 1.301021 0.5
10.207792 21.998075 -0.042552652 -0.051472308 3.538852 0.5
15.102507 4.2564407 0.0072986641 -0.052286614 1.72413 0.5
3.0647811 21.614039 0.015841177 -0.011569711 0.779811 0.5
22.222751 22.15235 0.20357469 0.082145653 1.209651 0.5
18.842167 21.018517 -0.0053181203 0.0097515903 5.377079 0.5
22.979292 4.1396959 -0.16699965 0.33695984 3.122843 0.5
22.178594 15.387797 -0.015511341 -0.061383172 4.105439 0.5
4.2251575 22.819516 0.022293125 -0.014264729 2.246795 0.5
7.0383111 23.74847 -0.0045837301 -0.0031164453 3.468535 0.5
26.814526 10.744415 0.013108943 -0.025772084 5.532293 0.5
0.85155092 16.429603 0.034402296 0.017999058 0.531572 0.5
12.575658 6.7485432 -0.2704797 -0.25559552 5.261584 0.5
23.243793 6.2849485 -0.015206903 0.21226622 0.040113 0.5
15.758852 19.997685 0.22734934 -0.18091831 4.576591 0.5
19.616793 21.822156 0.18077162 0.16460444 0.209824 0.5
22.282881 6.8444756 -0.044095666 -0.011346674 1.770879 0.5
4.4994886 7.1575175 -0.0023276587 0.0092594559 4.791815 0.5
5.5134715 10.101516 -0.0011528565 0.0018532627 2.522673 0.5
4.7330519 15.327084 0.022468236 -0.012571564 3.232151 0.5
11.457691 25.091253 -0.22434014 0.14562369 0.943125 0.5
11.082306 3.5769289 0.011932424 -0.0094476275 1.031271 0.5
2.4723459 14.0318 0.01584366 0.0050956231 1.523797 0.5
9.327141 24.932455 -0.81805778 0.54735442 1.787492 0.5
11.702436 10.421467 -0.13662896 0.18464252 3.056837 0.5
13.984304 4.209409 -0.09969297 0.0026496406 3.332967 0.5
25.985396 8.3292483 0.11708094 -0.070939823 3.889918 0.5
6.9873215 25.379957 -0.0047726417 -0.0074004012 1.775857 0.5
7.3422838 9.6031854 0.035638787 0.01107506 4.33857 0.5
23.765901 21.582785 0.016158684 0.060215052 2.652322 0.5
18.278372 13.37869 -0.016364636 0.046007764 1.360759 0.5
20.551326 6.8552689 0.00893272 -0.11386195 1.350476 0.5
21.482282 7.7220917 -0.0038790883 -0.060496129 3.139709 0.5
12.432941 2.9573109 0.001220849 -0.0012232466 3.877928 0.5
20.16833 20.406611 0.012967635 -0.015747938 4.111005 0.5
20.12692 3.6755042 -0.10790637 -0.19152836 4.354529 0.5
16.516839 2.0716802 -0.16270736 0.14735256 1.958136 0.5
9.2670906 1.4478171 0.019437904 -0.007983559 1.935129 0.5
5.3272128 16.997575 -0.011138212 -0.0056670364 0.983243 0.5
15.046095 27.24514 -0.038620355 -0.52086172 4.524452 0.5
9.2094302 11.986171 -0.41971114 0.12380973 4.628506 0.5
8.1628914 7.060714 0.017821188 0.021250665 4.619789 0.5
14.652434 3.2324022 -0.001827933 -0.015754445 6.246698 0.5
19.768735 10.510391 0.080772677 -0.054406515 2.597917 0.5
7.6412111 4.7204538 0.0071486583 -0.017607646 5.540445 0.5
25.16765 18.819494 0.0065503945 -0.019543308 1.135786 0.5
8.0487373 24.479114 -0.012962915 -0.0010060683 0.649744 0.5
5.5490786 5.9040559 -0.0066300122 0.0035390923 4.647872 0.5
11.413461 22.582879 0.0098955474 0.17041704 3.116928 0.5
9.3686589 20.541603 -0.2083145 0.10287525 1.058365 0.5
1.1536141 10.301686 0.0035003243 -0.0020910314 1.223223 0.5
21.031795 21.237623 0.036050243 -0.018901717 6.185729 0.5
17.741714 21.476832 0.18864152 -0.33084052 5.03693 0.5
10.041875 19.669678 -0.031177902 -0.049147656 0.158334 0.5
16.372203 0.78218015 -0.18400755 0.025788151 0.09489 0.5
22.424915 9.1413388 0.073821969 -0.081285366 3.182579 0.5
23.014175 7.8480232 -0.072380885 -0.070123285 5.999337 0.5
16.350802 18.666489 0.077090078 -0.15808834 0.712677 0.5
21.116894 22.774423 -0.11081582 -0.0057906504 1.70588 0.5
25.014517 21.673615 -0.017141453 0.0068686485 5.092516 0.5
9.7105125 13.12345 -0.0025881579 0.018698988 0.506989 0.5
20.427443 8.2507501 0.021172318 0.024081431 4.452103 0.5
17.492207 17.90993 -0.0085642188 -0.30821291 3.429354 0.5
23.631174 8.9983221 -0.01170327 -0.021986023 5.942963 0.5
16.343111 27.256783 0.28706764 0.46879491 2.062723 0.5
18.667412 22.41072 0.51631646 0.55828663 2.598321 0.5
21.384033 13.165394 0.0029282874 0.10398731 6.159219 0.5
17.993148 25.79851 -0.087402972 -0.073502296 1.488917 0.5
27.324091 13.126106 -0.0090355176 -0.073250226 1.927238 0.5
20.083139 19.2366 -0.060147501 0.010565009 3.98558 0.5
27.189299 16.343268 -0.037078923 -0.094919839 3.515453 0.5
17.159933 3.1211957 -0.20456751 -0.12914204 3.362574 0.5
13.031011 1.820825 0.0083416999 -0.003023851 2.617045 0.5
24.091708 19.342311 0.079154049 0.084971954 4.416501 0.5
24.448817 20.698811 0.076203039 -0.010944182 2.357123 0.5
17.640666 5.92704 -0.06020921 -0.080221596 0.027213 0.5
12.254373 0.90300087 0.0013893761 -0.0024300673 3.270335 0.5
21.034499 24.196619 0.02259653 0.13663819 5.133302 0.5
7.9669601 20.783352 -0.40433695 0.052486389 4.163048 0.5
11.110209 14.447967 -0.2046175 0.17009219 3.93618 0.5
23.072422 16.18019 -0.024303824 -0.0058754231 5.951127 0.5
2.3765484 20.230848 -0.0068294743 -0.011178935 4.082451 0.5
23.334989 20.236597 -0.028047608 -0.05286695 1.780305 0.5
3.6473172 17.803509 0.012675627 0.026225781 2.847882 0.5
19.321849 11.67269 -0.078772153 0.023584256 1.767937 0.5
26.024001 12.411107 0.01672676 -0.046506517 0.00135 0.5
15.525069 1.5588721 -0.0060174259 0.0027979492 5.312468 0.5
9.5157494 10.503964 -0.042398748 -0.13769931 0.320289 0.5
16.860352 6.8221648 0.042291185 0.049726861 0.581132 0.5
18.283002 3.4618102 -0.045602628 0.18776762 3.087421 0.5
4.9450537 4.6504104 0.011966941 -0.022947162 3.560403 0.5
14.116781 23.119011 0.081559955 -0.14140572 0.555117 0.5
23.107383 11.46239 -0.096918761 -0.14387237 6.220608 0.5
12.416045 24.249554 -0.1150621 -0.10668743 5.652715 0.5
24.739164 8.598104 -0.021583291 -0.052401099 0.827952 0.5
5.9098588 13.394325 0.0058273899 6.8318385e-05 1.054048 0.5
20.145768 24.857595 0.13066721 -0.18153394 0.319962 0.5
8.664887 21.978884 -0.40307561 0.035614652 2.464344 0.5
22.280458 13.989081 -0.026235141 -0.16842715 3.780782 0.5
6.6636346 22.539218 0.00090292654 -0.010974207 0.745414 0.5
19.7305 16.925905 0.18457548 -0.22777827 3.348875 0.5
2.7541686 16.685264 0.00044912946 0.0069933578 5.365761 0.5
24.448255 15.103595 0.050620095 0.12587875 0.445642 0.5
12.499069 27.31222 -0.40073146 0.57738814 2.979068 0.5
8.5089555 5.4872687 0.020534533 0.026364537 2.813895 0.5
22.327064 19.68199 -0.0018772214 -0.031614079 4.039246 0.5
22.808367 10.33425 0.043137088 0.030692367 4.602055 0.5
14.528095 0.91433735 0.023644641 0.000246444 1.676583 0.5
24.333301 22.560838 -0.02333873 -0.033302389 1.207935 0.5
26.64508 18.034589 -0.074308093 -0.045842561 6.164191 0.5
22.778856 18.569917 -0.057752208 0.038488465 1.491784 0.5
6.0666783 24.641638 -0.0032225454 -0.012210033 6.269379 0.5
15.125954 9.3663115 -0.11781151 0.10708749 0.35856 0.5
1.628355 8.9604527 0.020407378 0.0067017201 0.326238 0.5
19.823958 12.792182 0.065145837 -0.064084341 1.608548 0.5
15.95972 24.421647 -0.17583169 -0.13185681 2.616667 0.5
18.745137 9.8250145 -0.046694596 -0.035051352 0.410672 0.5
22.041807 5.3390078 0.028515301 0.035355673 3.210668 0.5
20.971877 11.388431 0.098069941 -0.17680586 0.309541 0.5
20.619809 17.823913 -0.44388053 -0.47466322 1.761874 0.5
18.653914 5.1602319 -0.055412644 -0.028535614 4.731547 0.5
25.23379 16.462802 0.013090955 -0.064955856 0.313065 0.5
13.996001 9.8176969 -0.048122098 -0.0199185 0.087229 0.5
10.209418 2.6338366 0.016628123 0.011034554 5.713071 0.5
27.415381 14.830439 -0.032379119 -0.011709411 0.34983 0.5
15.877948 26.259771 0.24411661 -1.0027794 2.015368 0.5
15.864172 7.3582948 -0.10761398 0.014064617 0.42176 0.5
16.376524 5.7865783 0.15397864 -0.030500902 5.580866 0.5
24.185094 7.0855178 -0.019354918 -0.044433722 4.066321 0.5
5.5115142 23.052424 0.013416902 -0.034561743 5.863794 0.5
18.317089 24.601656 0.36434873 -0.18367777 5.355125 0.5
24.097503 16.721816 -0.056271204 0.05850762 5.404824 0.5
6.7305048 21.039796 -0.12205226 -0.035830584 1.361005 0.5
12.963034 25.697067 -0.064199197 0.16242393 5.19755 0.5
12.172037 20.133156 -0.0030586433 -0.25738482 5.853071 0.5
23.335358 12.914451 -0.02898407 0.0057726197 2.830697 0.5
6.6528962 19.045166 -0.0010326786 -0.0023641402 3.251414 0.5
15.336026 18.167282 -0.40211927 -0.22965857 3.305262 0.5
15.059923 5.9323921 -0.10965746 -0.13925747 3.841898 0.5
19.853708 9.407741 0.075241818 -0.0053892487 4.917041 0.5
12.808422 5.261572 -0.0076936633 0.016886333 1.726803 0.5
8.9965497 26.400337 -0.066716678 -0.049984719 2.534849 0.5
20.10769 25.971134 -0.096704275 -0.019685287 1.985571 0.5
9.7425547 6.8869699 -0.0010331291 -0.016124901 5.636684 0.5
21.44365 18.575089 0.47108791 -0.51017631 0.642493 0.5
13.882209 8.6038355 0.017193593 0.070567765 5.796573 0.5
25.498263 14.710714 -0.019920011 -0.052502144 4.738871 0.5
13.943858 5.5130091 0.0040968864 0.000546066 1.568073 0.5
17.592787 26.94399 -0.080778817 0.2335346 2.749741 0.5
16.395434 21.353231 0.28273761 0.089791304 1.171823 0.5
17.085613 15.468396 -0.056009236 -0.064686077 2.226958 0.5
23.229158 23.743333 -0.19883465 -0.49941769 1.548545 0.5
9.8965255 5.0772033 -0.0024079697 -0.020934706 3.653333 0.5
11.408708 5.0744337 -0.0037211203 -0.01195606 4.394256 0.5
20.97114 14.387165 0.035690336 0.026151212 0.605652 0.5
17.303112 4.2474193 0.040770522 -0.052320749 3.106146 0.5
23.209235 22.618476 0.14581673 0.072008976 3.095002 0.5
22.276782 12.241423 0.078362539 0.073437157 1.841384 0.5
14.827534 7.9028767 -0.050709387 0.027097324 6.034028 0.5
17.792157 10.588511 -0.017185074 0.034661694 1.857551 0.5
3.7788336 5.6217718 0.0097745609 0.0095210982 1.702664 0.5
10.34461 1.0851122 0.0066043967 -0.0098572649 1.16125 0.5
6.9697911 8.0198266 0.0051524937 0.0036880717 4.720586 0.5
10.102727 26.746358 -0.59183254 0.07828473 0.205718 0.5
24.500017 6.0031469 0.10698498 -0.0696387 5.820667 0.5
10.858945 9.5960675 -0.2034327 -0.075607014 3.894129 0.5
20.379439 15.759772 -0.050517799 0.070943273 3.074393 0.5
17.143533 14.199527 -0.11261582 0.037277819 0.467747 0.5
26.25959 16.982555 -0.026138567 -0.01753298 5.60533 0.5
22.053262 23.454832 -0.17591895 -0.045057503 6.227367 0.5
2.4155691 11.319259 -0.010896487 0.0063680879 5.177094 0.5
3.001681 15.532674 -0.0093217633 -0.0076286951 0.203779 0.5
13.863451 27.14186 0.02241424 -0.31073527 6.095105 0.5
10.915885 20.940816 0.054361281 -0.053138055 5.150288 0.5
19.861879 23.465115 0.17847951 -0.052179314 3.059892 0.5
12.765252 8.6490328 -0.090201427 0.0017429311 3.692189 0.5
11.176913 6.1858159 0.0084229945 0.019961011 3.246869 0.5
23.685501 14.266939 0.022143229 0.061189692 2.032293 0.5
11.411418 8.4508841 -0.079931536 -0.051326157 6.136396 0.5
18.520107 19.163512 0.086987975 -0.19509893 4.563161 0.5
8.2547838 3.7232164 -0.00066259648 0.004085385 5.916686 0.5
6.2872685 4.5750324 -0.013374266 -0.00064418426 1.344992 0.5
15.87284 3.2773273 0.0023958979 -0.0045184691 3.633442 0.5
16.85332 25.656409 0.037146971 -0.22182783 2.78777 0.5
16.567248 22.865097 -0.2138617 -0.072262028 1.483056 0.5
19.359024 2.7651677 -0.073534575 0.066534608 0.879468 0.5
22.538393 17.292775 -0.0028089316 -0.020631183 4.923104 0.5
18.040627 20.227654 0.21615382 -0.051734525 5.350229 0.5
8.1179489 25.604199 -0.065024935 0.0022195385 1.508644 0.5
2.5909999 18.793806 -0.016221111 0.0010738452 4.32761 0.5
11.670393 26.473001 -0.12222147 -0.18843443 1.3724 0.5
18.152903 8.8602312 -0.094905236 0.038069165 2.64206 0.5
10.640078 18.5142 -0.26814699 -0.23919926 2.466218 0.5
7.2504902 2.4767573 0.014104037 -0.027278519 0.69625 0.5
25.76582 10.082982 0.0038825376 -0.083589664 0.502972 0.5
14.082498 6.7516402 -0.045965314 -0.037290259 4.066135 0.5
25.160293 11.035063 0.10079448 -0.094354135 3.026607 0.5
3.972058 20.802617 -0.0068329474 -0.0050660505 6.171553 0.5
26.123575 15.687546 0.086514773 0.096362055 3.767955 0.5
12.823356 4.1168703 0.0067387603 0.023623525 5.349705 0.5
21.306428 20.136588 -0.0098304174 0.066776164 3.28374 0.5
9.457978 3.995573 -0.0018907765 0.0023229858 1.964272 0.5
9.724263 23.030392 -0.04979104 0.097928848 1.170799 0.5
24.41383 12.515186 0.051390733 0.029569311 0.802835 0.5
17.394844 1.3587874 0.066790888 0.072196446 5.063896 0.5
15.200952 23.545921 0.0023448981 -0.0021427276 2.243796 0.5
8.0922584 23.293158 -0.014556918 -0.07602497 5.270568 0.5
7.3507392 6.229975 0.001408606 0.0052821817 5.757172 0.5
19.219709 6.9399544 -0.053412514 -0.048567646 5.271397 0.5
13.414603 0.63224202 0.0007880236 -0.0010035822 3.151318 0.5
0.86600188 13.260356 0.0011379779 0.00037509084 0.221595 0.5
18.999232 17.720826 0.24759275 0.025983109 1.510648 0.5
19.308932 1.6598317 -0.12971037 0.12120637 5.29405 0.5
24.880995 17.684826 0.013115991 0.00097518153 2.737677 0.5
10.354565 8.0317396 0.019534794 -0.0047696545 4.134415 0.5
19.659977 5.6991928 -0.038837622 -0.0833203 1.432456 0.5
20.957091 2.9375145 0.042619856 0.033902475 2.840655 0.5
22.223219 24.594682 -0.070238055 0.19396593 2.899005 0.5
19.033626 25.46585 0.4399618 0.031692479 4.137855 0.5
4.5607645 12.343297 0.013332633 0.014411694 1.992807 0.5
16.900733 20.158566 0.037351569 -0.330792 0.375558 0.5
19.120104 8.2686086 -0.10951996 -0.040015012 0.629977 0.5
3.7059467 10.772277 0.00092359857 0.0078534335 5.301885 0.5
18.162332 2.2846861 -0.0018327868 0.05361953 1.197725 0.5
20.905224 4.9917638 0.020960407 -0.031955379 2.939026 0.5
4.1991506 13.990532 0.0049319988 0.015464466 3.912909 0.5
7.8781419 17.598667 -0.0081020079 -0.020271061 3.115045 0.5
1.8132827 15.14792 -0.01936147 0.032128793 1.662001 0.5
25.625443 20.27537 -0.011078186 -0.018754295 0.131507 0.5
