# x y vx vy theta radius
4.0341681 7.9356353 2.0489972 2.2621578 3.8040569 0.5
16.401991 16.99764 0.0081462191 0.035102784 1.764168 0.5
2.9034434 10.582041 -0.05904704 -0.29459586 3.951996 0.5
20.000298 13.88788 -0.0059518258 0.0096521022 4.259518 0.5
6.5029862 18.724716 0.00012328442 2.3490703e-06 1.882067 0.5
18.151293 23.99537 0.02749335 -0.030222685 0.92276 0.5
16.386505 12.416138 -0.071070883 0.022790409 4.981497 0.5
12.229458 12.29157 -0.023164147 -0.011058736 0.663689 0.5
19.207277 18.589819 0.01696348 -0.0030634099 4.599871 0.5
22.971584 15.096165 -0.045634975 -0.039793175 3.315122 0.5
10.062834 18.959949 0.056395973 -0.015771552 5.224588 0.5
16.284714 20.206058 0.0028459492 -0.055452002 4.739779 0.5
19.254679 16.457373 0.02134711 0.0011191864 0.624425 0.5
22.367275 13.070284 -0.046388106 -0.0054694265 0.734434 0.5
3.4637042 15.708439 0.24627007 0.0013255932 4.989084 0.5
25.706821 17.321451 -0.0099950752 0.0042585443 2.508867 0.5
17.046035 21.104277 -0.010460537 -0.0028165223 5.939565 0.5
5.4290326 15.933256 -0.0076268804 0.10886273 0.028815 0.5
12.228481 15.579917 0.057954564 0.029516015 3.449449 0.5
22.021243 20.399278 -0.012235075 -0.0014992616 0.592282 0.5
16.793238 19.120711 -0.021019435 0.0052973961 6.045768 0.5
20.454579 7.200271 -0.027723074 -0.024833609 0.890473 0.5
9.356338 6.383996 -0.051395707 -0.33693979 2.353219 0.5
4.2735652 19.421501 1.0317215e-05 -2.0617125e-05 1.672869 0.5
27.266013 15.63836 -0.022916627 -0.02286607 4.21507 0.5
13.336628 22.809918 -0.040322223 -0.044924533 0.4829 0.5
2.3590177 14.159013 -0.040983343 -0.17981399 6.274711 0.5
9.7044618 14.001154 -0.065079066 -0.10986856 1.301021 0.5
18.345942 26.708033 -0.0017021049 0.017420916 3.538852 0.5
21.90014 18.322404 -0.0066218516 -0.017202376 1.72413 0.5
8.7212507 21.515113 -0.0021209578 -0.0047017812 0.779811 0.5
26.760575 18.18369 0.012654946 -0.027776815 1.209651 0.5
4.9107091 21.480177 -2.9302729e-05 1.3958447e-06 5.377079 0.5
7.4919256 23.682719 -0.00074887604 0.0022934985 3.122843 0.5
21.579205 6.6943711 -0.011442978 -0.0055764696 4.105439 0.5
24.355398 5.4453502 0.0017618771 -0.0078971706 2.246795 0.5
13.059935 14.758949 0.17206475 0.080924004 3.468535 0.5
14.662675 15.599682 -0.041836701 0.015423928 5.532293 0.5
12.643051 3.6136585 -0.076798636 0.13041814 0.531572 0.5
27.146903 11.687727 0.0074286496 -0.0048237368 5.261584 0.5
25.849226 7.7300827 -0.00087595929 -0.027363687 0.040113 0.5
21.414925 19.400474 -0.013853826 -0.0066218464 4.576591 0.5
12.766105 21.773675 -0.016444794 0.026873501 0.209824 0.5
22.672905 19.237669 0.0036374316 -0.042955845 1.770879 0.5
24.352192 15.242833 0.013546973 -0.011772512 4.791815 0.5
21.12765 9.5413372 -0.00015973473 -0.026592731 2.522673 0.5
19.309695 23.937759 -0.0098762798 0.036126119 3.232151 0.5
3.0824193 19.298796 0.00099725914 0.0011285743 0.943125 0.5
16.120155 27.267651 -0.02781251 -0.014326105 1.031271 0.5
9.3541229 25.218154 -0.032248193 0.0042969378 1.523797 0.5
6.7972718 15.002174 -0.1913065 -0.055491714 1.787492 0.5
23.397045 12.597359 0.0096581344 0.028101997 3.056837 0.5
20.304967 3.9587335 -0.024771157 -0.0017300671 3.332967 0.5
19.364278 9.5978352 -0.040925304 -0.016937244 3.889918 0.5
25.579728 8.8344639 -0.021315979 -0.035036768 1.775857 0.5
2.1489993 13.038546 -0.069530155 -0.11550209 4.33857 0.5
5.5762377 14.511183 0.013979883 -0.00039986101 2.652322 0.5
19.765563 11.770026 -0.042766733 -0.032836077 1.360759 0.5
16.166329 26.083472 0.013774676 0.013979565 1.350476 0.5
24.033347 8.5077401 -0.018399846 -0.0071176485 3.139709 0.5
22.667889 21.317041 -0.00041442546 -0.019972039 3.877928 0.5
25.995698 16.109432 -0.0045364518 0.0060967539 4.111005 0.5
20.824616 22.369193 -0.0045391285 0.022524027 4.354529 0.5
23.30358 23.62268 0.0057294627 -0.010098397 1.958136 0.5
21.189222 17.287994 0.0075644629 0.015831258 1.935129 0.5
7.5774648 17.996267 -0.031679643 0.076582768 0.983243 0.5
11.485706 3.7520126 -0.081011549 -0.011626769 4.524452 0.5
11.103809 15.779699 0.096305825 -0.090538547 4.628506 0.5
20.339916 12.732527 -0.012836151 0.0077052376 4.619789 0.5
1.831707 19.604053 0.15327921 0.36813356 6.246698 0.5
18.121563 16.567894 -0.0023487159 0.014604658 2.597917 0.5
6.026145 5.9825011 -0.025233478 -0.0049254299 5.540445 0.5
2.7192013 17.003943 -0.16758176 -0.129983 1.135786 0.5
6.099733 13.467106 -0.27908458 0.4326625 0.649744 0.5
15.275525 16.688511 -0.0024859121 -0.0075289886 4.647872 0.5
18.352469 25.09773 0.00889164 -0.0038398042 3.116928 0.5
20.624119 18.363465 -0.032317143 -0.0099209954 1.058365 0.5
21.267428 13.440666 0.0016777673 -0.0095488406 1.223223 0.5
2.5338878 18.166553 0.14949386 0.15480557 6.185729 0.5
26.216286 13.749881 -0.00019820174 -0.0030457593 5.03693 0.5
4.1809314 18.179568 -8.2552248e-06 9.4249436e-06 0.158334 0.5
22.483672 11.927605 0.010559422 0.0040941406 0.09489 0.5
8.6872877 23.601489 -0.032384608 0.0039272047 3.182579 0.5
17.485399 25.8733 0.015126492 0.0033713287 5.999337 0.5
11.785913 21.18608 0.019806229 0.062034729 0.712677 0.5
9.1580806 4.1330445 -0.06740097 0.011877136 1.70588 0.5
12.610544 19.958151 -0.024848324 0.067549162 5.092516 0.5
12.129818 22.955313 -0.010179149 -0.0070691927 0.506989 0.5
24.868874 16.519905 -0.0035112468 0.023779073 4.452103 0.5
18.666332 19.573448 0.011155224 -0.028025384 3.429354 0.5
15.461125 21.386403 0.014808989 0.021362865 5.942963 0.5
16.130488 24.947499 -0.029145178 -0.033449508 2.062723 0.5
9.3449306 20.236846 -0.0060400515 0.0012373323 2.598321 0.5
18.014553 21.932489 -0.0078842846 0.017784153 6.159219 0.5
14.818739 18.058379 -0.01596458 0.05365763 1.488917 0.5
17.800025 12.885708 -0.04213256 -0.010946843 1.927238 0.5
5.8140155 22.562837 -0.036456653 -0.0070314313 3.98558 0.5
8.8725487 19.172626 -0.019060833 0.084266287 3.515453 0.5
17.224588 27.00997 0.0031687194 0.011650194 3.362574 0.5
6.1509839 21.464538 1.1325584e-05 7.212111e-06 2.617045 0.5
4.7252808 12.421409 -0.040425074 0.013797062 4.416501 0.5
13.21722 18.398312 0.0180114 -0.01014218 2.357123 0.5
14.953147 14.444713 -0.0038017052 0.011184458 0.027213 0.5
5.3515854 18.944109 -0.0061034641 0.0011879366 3.270335 0.5
13.576464 26.318986 -0.011026491 -0.013212327 5.133302 0.5
24.463325 17.6231 -0.0023745419 -0.010240884 4.163048 0.5
20.03405 19.480139 -0.040189963 0.0025961785 3.93618 0.5
16.172887 23.710682 -0.020701514 0.0059061855 5.951127 0.5
17.326841 14.5757 -0.032670124 -0.057018351 4.082451 0.5
20.465981 25.757813 0.0028741336 0.023494074 1.780305 0.5
5.1529655 20.214785 -0.071203343 -0.0038264208 2.847882 0.5
23.447891 16.113532 -0.0057372782 -0.019862814 1.767937 0.5
23.931926 19.237064 -0.0081893976 0.019397528 0.00135 0.5
23.339919 6.7814056 -0.017361798 -0.0042006692 5.312468 0.5
19.399027 20.42799 0.020085942 0.029466082 0.320289 0.5
19.084649 3.3822747 0.041273853 -0.0057145421 0.581132 0.5
8.627968 16.947107 -0.079332164 0.014020008 3.087421 0.5
4.5992838 23.052249 -0.013630159 -0.0096343751 3.560403 0.5
19.41969 26.237878 -0.0073418241 0.024531204 0.555117 0.5
11.226023 18.307991 0.062836554 0.0011166521 6.220608 0.5
27.314922 13.13015 -0.011291303 -0.028794816 5.652715 0.5
1.1174366 16.822192 0.28347736 -0.10554538 0.827952 0.5
24.810178 10.847761 0.00061087639 -0.013170782 1.054048 0.5
14.006292 24.008232 -0.012910489 -0.0054570605 0.319962 0.5
15.843672 1.3037098 -0.028478205 0.034000554 2.464344 0.5
23.718512 11.437879 -0.014561166 0.016529779 3.780782 0.5
18.104601 15.419745 -0.023204853 -0.021556202 0.745414 0.5
8.1219649 22.546441 0.00032027295 -0.012271345 3.348875 0.5
3.1806826 7.1145126 0.85713656 0.24443623 5.365761 0.5
9.8277127 23.955777 -0.0032139313 -0.0029976718 0.445642 0.5
22.722716 8.0086414 -0.014859463 -0.00059924637 2.979068 0.5
23.764294 21.592923 -0.031131023 -0.017109806 2.813895 0.5
5.0805058 10.587382 -0.02188784 0.0045538464 4.039246 0.5
22.368361 9.2679998 -0.011305828 -0.017163555 4.602055 0.5
21.336058 5.4475565 -0.032275478 -0.023684707 1.676583 0.5
6.8751824 16.290892 -0.078427309 0.010727108 1.207935 0.5
6.2334595 23.603357 -0.0055760958 -0.017342049 6.164191 0.5
12.408566 26.161127 0.0020635167 -0.01870383 1.491784 0.5
9.0034889 26.366661 -0.033483046 -0.013968121 6.269379 0.5
13.803457 17.147519 0.016997266 -0.0615623 0.35856 0.5
20.524784 24.61729 0.034478867 -0.0095577997 0.326238 0.5
13.7421 20.110207 -0.029195552 0.034903989 1.608548 0.5
11.43258 19.649073 -0.1010861 0.17269042 2.616667 0.5
8.9171468 18.023208 -0.029134107 0.0012422571 0.410672 0.5
19.775613 17.615059 -0.040485746 -0.025132275 3.210668 0.5
10.87574 25.845855 0.010617247 0.024954465 0.309541 0.5
6.9495885 22.519169 -0.024091598 -0.0039526323 1.761874 0.5
14.047968 2.9344539 -0.015334124 0.026758184 4.731547 0.5
26.993416 16.729075 -0.0075963573 -0.0090982632 0.313065 0.5
20.199709 5.3208182 -0.025970482 -0.0010484043 0.087229 0.5
9.4926523 22.580118 -0.020774465 0.043680436 5.713071 0.5
23.219812 20.246921 -0.051076301 -0.023094731 0.34983 0.5
1.3740386 18.444241 0.048979123 -0.026306486 2.015368 0.5
3.1712335 12.479111 -0.039255811 0.0097022903 0.42176 0.5
23.179898 5.3470543 -0.0033520784 -0.028270532 5.580866 0.5
15.816198 22.608038 0.010526346 -0.01979068 4.066321 0.5
16.079509 15.244795 -0.030821029 -0.047176142 5.863794 0.5
14.426632 19.150747 -0.00098760466 -0.064934098 5.355125 0.5
10.938989 23.163298 -0.029870023 0.010600749 5.404824 0.5
25.842624 11.509426 -0.014464422 -0.0021469945 1.361005 0.5
16.913773 22.21713 0.026706602 -0.0082685568 5.19755 0.5
3.3043849 22.076107 4.4617457e-06 1.0381068e-05 5.853071 0.5
22.479789 24.407048 -0.0048512522 -0.025968963 2.830697 0.5
15.025763 25.84888 0.0081769248 -0.00044117574 3.251414 0.5
24.84036 7.0502361 -0.014846615 -0.028299925 3.305262 0.5
20.353937 23.476194 0.0091232185 -0.029250865 3.841898 0.5
18.604845 22.906415 -0.014539283 -0.0021186789 4.917041 0.5
12.243182 17.740253 -0.036656487 0.13780943 1.726803 0.5
25.621813 20.715138 0.0022268231 0.0041694585 2.534849 0.5
9.6701114 15.211681 -0.00832786 -0.073935136 1.985571 0.5
1.440659 10.351688 7.1975556e-05 2.0137718e-05 5.636684 0.5
6.4972137 20.249085 0.00087754643 -0.011549656 0.642493 0.5
13.959871 21.203344 -0.025071159 -0.022431824 5.796573 0.5
6.1446792 24.841774 0.0015726344 0.00032587159 4.738871 0.5
20.069252 15.294284 -0.019276658 0.013594281 1.568073 0.5
25.156496 13.291836 -0.022430108 -0.0092303782 2.749741 0.5
21.954589 22.801196 -0.0021176058 0.017640589 1.171823 0.5
21.561397 25.067161 0.0080880137 -0.0070759819 2.226958 0.5
27.348346 14.334539 -0.014020689 -0.0068196932 1.548545 0.5
18.570411 17.66848 -0.0069558143 -0.00958597 3.653333 0.5
3.9391461 16.71482 -0.026647092 -0.10418505 4.394256 0.5
24.895874 21.843305 -0.013607195 -0.0086417978 0.605652 0.5
15.537409 19.315238 0.025700962 0.00189432 3.106146 0.5
6.2778698 17.53903 -0.014695602 0.10188577 3.095002 0.5
24.545756 12.306855 0.022730853 -0.017784143 1.841384 0.5
10.985957 22.0216 0.0025925657 -0.038814499 6.034028 0.5
5.1385365 24.032698 0.020324921 -0.043488068 1.857551 0.5
26.126393 19.224313 -0.0063134033 -0.0027006365 1.702664 0.5
21.410394 23.912613 0.0024642921 -0.0042439374 1.16125 0.5
25.037952 19.660721 -0.024635585 0.005147558 4.720586 0.5
10.67792 24.708982 -0.0017159749 -0.012770826 0.205718 0.5
10.22649 17.292011 0.014264466 0.090939953 5.820667 0.5
5.0567643 17.160701 0.0065760954 0.030261458 3.894129 0.5
10.167792 26.808888 -0.017629153 -0.0064329324 3.074393 0.5
7.6866078 19.4202 -0.069871059 -0.0025002299 0.467747 0.5
17.232789 23.292721 -0.0036517831 0.042716052 5.60533 0.5
19.163988 21.565207 -0.039424256 0.059270632 6.227367 0.5
13.834315 27.415595 -0.033552586 0.0012675311 5.177094 0.5
7.7874621 25.832058 0.015413332 -0.026351954 0.203779 0.5
26.878281 10.547574 0.00018490371 -0.023633249 6.095105 0.5
14.474574 22.320548 -0.011290332 -0.014540768 5.150288 0.5
19.058695 4.7799936 -0.0022363718 0.32136765 3.059892 0.5
12.582492 27.285286 -0.058465697 -0.022766364 3.692189 0.5
16.965778 15.994892 -0.011320689 -0.032209479 3.246869 0.5
17.541457 19.963768 0.0065405215 0.0049553265 2.032293 0.5
8.4012007 8.1729806 -0.019438757 0.0075182754 6.136396 0.5
20.279312 21.394002 0.093305066 -0.033251942 4.563161 0.5
12.992508 25.047449 0.014855214 0.047126604 5.916686 0.5
2.2701427 15.702439 0.016324036 0.13963845 1.344992 0.5
2.5484607 9.1481524 7.2322716e-06 -6.4942574e-05 3.633442 0.5
21.157583 14.573181 -0.015142109 -0.013661238 2.78777 0.5
26.128103 12.593421 0.0049323217 -0.0056054363 1.483056 0.5
19.496342 25.058047 -0.010962822 0.029260309 0.879468 0.5
19.966359 8.3944971 0.0092014977 -0.0490415 4.923104 0.5
15.008289 27.021807 -0.01211887 0.02338972 5.350229 0.5
17.198721 17.832856 0.078548618 -0.053803697 1.508644 0.5
11.844537 25.181175 -0.025945728 -0.0006090982 4.32761 0.5
22.446099 10.449357 -0.011640955 0.0042884846 1.3724 0.5
17.222259 24.669048 -0.012283625 0.0079348354 2.64206 0.5
18.262408 20.83679 -0.016225878 -0.022874136 2.466218 0.5
8.2428773 24.741761 -0.0018220828 -0.01115003 0.69625 0.5
14.90377 20.426286 0.14792451 0.035702334 0.502972 0.5
11.311006 26.903147 -0.055888043 -0.037779373 4.066135 0.5
17.063744 2.3140942 -0.14442924 -0.021529875 3.026607 0.5
11.616461 24.061779 0.019949982 -0.057937764 6.171553 0.5
7.4864644 21.31991 -0.053263518 0.36859107 3.767955 0.5
21.394673 12.192537 -0.017353518 -0.029378403 5.349705 0.5
16.00261 18.067793 -0.075649549 -0.04278143 3.28374 0.5
12.875944 23.886904 -0.0091874852 -0.047837435 1.964272 0.5
25.202144 18.483152 0.0093141603 0.047318786 1.170799 0.5
22.316573 17.276792 -0.0033124105 -0.0005108841 0.802835 0.5
15.066812 24.509182 -0.025629105 -0.010772283 5.063896 0.5
18.90749 14.560554 -0.031501895 -0.00057517855 2.243796 0.5
17.944949 18.685938 -0.070236635 0.017816409 5.270568 0.5
14.125968 25.14212 -0.039647753 -0.015120709 5.757172 0.5
1.5205741 14.865999 0.25266753 -0.15565131 5.271397 0.5
23.218465 18.256294 -0.013893132 -0.0071330366 3.151318 0.5
24.184669 22.756716 -0.019323242 -0.020764643 0.221595 0.5
25.170316 14.465036 -0.013239162 -0.0056932187 1.510648 0.5
20.732437 20.361534 -0.036472967 -0.030265109 5.29405 0.5
19.66835 22.558061 0.021356288 0.070891137 2.737677 0.5
21.971973 15.662922 -0.044282618 -0.0021181799 4.134415 0.5
23.504886 9.7686832 -0.0089791826 -0.0057907368 1.432456 0.5
9.8725721 21.426612 -0.035547178 -0.014830001 2.840655 0.5
24.4927 20.666287 -0.0156028 0.0035899514 2.899005 0.5
11.005042 12.842243 0.0020313775 -0.096600877 4.137855 0.5
21.533643 21.479184 0.045330678 0.028083021 1.992807 0.5
26.369573 14.888258 0.00073496036 0.014698165 0.375558 0.5
10.785583 20.547467 -0.034330807 0.017026301 0.629977 0.5
23.054288 22.491907 -0.0078112223 0.0045381942 5.301885 0.5
24.064997 14.09645 -0.010074948 -0.012001801 1.197725 0.5
22.481864 4.1839236 0.042338783 0.0075802698 2.939026 0.5
22.237731 14.232686 0.00032260574 -0.041238594 3.912909 0.5
21.314585 10.92196 -0.0015493027 -0.025209041 3.115045 0.5
18.879284 12.512483 -0.00046774848 -0.0079473106 1.662001 0.5
14.989432 23.383095 -0.048037754 0.021636131 0.131507 0.5
