# x y vx vy theta radius
11.255894 7.4255701 -0.53785795 -1.4882871 4.7368081 0.5
19.242843 2.8795025 -0.17799521 -0.20975616 1.764168 0.5
24.626587 5.9483084 0.088853426 0.11957943 3.951996 0.5
25.65408 11.786152 -0.0010495322 6.9313146e-06 4.259518 0.5
26.146183 15.408737 -0.00091307514 -0.0022107666 1.882067 0.5
20.734219 21.576561 0.010493122 -0.014563632 0.92276 0.5
16.319841 23.325905 -0.0051079674 0.039306948 4.981497 0.5
22.042617 21.395674 0.00015678409 -0.00014494282 0.663689 0.5
1.2301092 17.399254 0.035615151 0.13795479 4.599871 0.5
16.328476 27.115437 0.00027922606 -0.00021071116 3.315122 0.5
9.1019369 22.786852 -0.00018043965 -0.00075081356 5.224588 0.5
21.423938 4.3743763 0.080863388 0.044369712 4.739779 0.5
20.05274 25.630038 0.00058964499 -0.00044085458 0.624425 0.5
14.928264 1.8426209 0.065853689 0.12314016 0.734434 0.5
18.8858 15.497739 0.051077989 0.017102824 4.989084 0.5
13.702886 21.724028 -0.072768332 0.012149006 2.508867 0.5
17.595792 16.073465 -0.00064931442 0.002700202 5.939565 0.5
11.376152 0.90518476 5.8228167e-05 -7.4684895e-05 0.028815 0.5
24.741257 18.598325 4.8618037e-05 0.00088458152 3.449449 0.5
20.117902 20.279949 -0.0097021605 0.032921504 0.592282 0.5
20.423845 24.476152 -0.0079268126 0.0067037592 6.045768 0.5
8.8958028 7.7481466 0.21403541 -0.055275471 0.890473 0.5
27.333335 15.054978 8.2454744e-05 -0.00017108013 2.353219 0.5
14.382257 3.0551813 0.025927179 -0.050649076 1.672869 0.5
19.256686 6.8234552 0.0089020449 0.015923798 4.21507 0.5
19.014562 19.604811 0.089090307 -0.15782574 0.4829 0.5
18.391056 24.051184 0.022452163 0.021154449 6.274711 0.5
20.154798 6.1350031 -0.04521379 -0.029319048 1.301021 0.5
13.804316 5.205889 0.70296912 0.15420299 3.538852 0.5
24.600096 21.843277 0.0007083325 -0.00035626005 1.72413 0.5
25.677028 10.39974 -0.00042952193 -0.00015910238 0.779811 0.5
17.669214 18.902622 0.0091491835 -0.017036944 1.209651 0.5
4.2879486 20.689028 -0.039162479 0.075753431 5.377079 0.5
19.065207 24.955033 0.00047479126 8.8033305e-05 3.122843 0.5
23.885151 5.0367176 0.0093037871 0.074798601 4.105439 0.5
14.21954 27.401208 0.00075886174 -0.0002806714 2.246795 0.5
27.284667 11.991899 -0.00013232888 -0.00027239473 3.468535 0.5
19.053171 12.015062 0.00092822699 -0.00052536839 5.532293 0.5
0.82309518 14.600998 0.081233413 0.075234962 0.531572 0.5
13.361036 1.0453432 -0.1305712 -1.4134782 5.261584 0.5
26.304507 18.833092 -0.00044071427 -0.00014898906 0.040113 0.5
23.497155 6.2640204 0.11852308 -0.013892982 4.576591 0.5
16.766426 14.822697 0.011139447 0.23883836 0.209824 0.5
3.0395801 8.7714685 0.1032936 0.01573633 1.770879 0.5
7.7636286 4.344442 -0.00082070401 0.01031617 4.791815 0.5
5.4848383 12.566015 0.28003494 0.044294106 2.522673 0.5
19.03295 8.0911159 -0.00079837396 -0.00036034279 3.232151 0.5
27.12388 16.215798 -6.5927205e-05 -0.0022594851 0.943125 0.5
11.285216 5.8800665 -0.44520539 -0.17684751 1.031271 0.5
22.848713 20.525772 0.00040954647 -0.00071524309 1.523797 0.5
10.352366 1.494247 0.00434481 -0.004622484 1.787492 0.5
13.277616 6.4444443 0.11074691 0.060514953 3.056837 0.5
9.2159081 21.621134 -0.14732686 0.16810971 3.332967 0.5
26.954662 17.391322 -0.0002093715 0.00033856269 3.889918 0.5
11.543425 4.7957031 0.0051323045 -0.015109059 1.775857 0.5
3.6297484 17.792939 -0.011569056 0.1054545 4.33857 0.5
17.629473 20.388605 -0.023213927 0.02786847 2.652322 0.5
22.597241 9.0270768 0.013941404 0.034873358 1.360759 0.5
20.190724 4.8735638 -0.0060002788 0.00077332173 1.350476 0.5
12.705734 7.572501 -0.072955616 0.18225255 3.139709 0.5
24.691812 8.1893458 -0.0039233309 -0.049463188 3.877928 0.5
5.3370671 13.687679 0.070266764 0.10883856 4.111005 0.5
8.2736339 23.973424 0.00011270452 -0.00020732828 4.354529 0.5
13.083416 24.404753 -0.0087559779 0.0043109371 1.958136 0.5
24.930324 9.3907126 0.00064882303 0.0024217951 1.935129 0.5
18.986516 18.483585 0.015340944 0.0097919938 0.983243 0.5
16.678295 2.4505843 0.0022118972 -0.00045014738 4.524452 0.5
13.867813 4.0352994 0.030716119 -0.26614074 4.628506 0.5
25.615993 13.224992 -0.0012353595 0.00041853858 4.619789 0.5
11.251792 16.447796 0.045394688 -0.12026174 6.246698 0.5
10.639977 17.73116 0.08056155 0.16230971 2.597917 0.5
25.988369 19.948856 0.0011019948 -0.00031450671 5.540445 0.5
20.412058 11.320261 0.014645605 0.10788151 1.135786 0.5
26.574509 11.087472 -7.7462586e-05 0.00020437861 0.649744 0.5
16.547257 3.7809545 -0.007689201 -0.0020806271 4.647872 0.5
13.478183 12.511005 0.031844184 0.065076268 3.116928 0.5
20.437757 3.4517231 0.039981122 -0.07025985 1.058365 0.5
6.6284927 20.96612 -0.099584265 -0.00900951 1.223223 0.5
10.559279 20.740946 -0.021201116 -0.039310706 6.185729 0.5
15.985084 1.5748427 0.74494008 -0.17827525 5.03693 0.5
3.1373477 15.545576 -0.02632329 0.10786564 0.158334 0.5
19.35331 16.496651 0.1236264 0.2626091 0.09489 0.5
17.665669 6.1589751 0.0015858985 -0.0019333516 3.182579 0.5
24.852227 16.929335 -0.0014418376 -0.00069248424 5.999337 0.5
19.871023 12.878684 -0.00074583438 -0.0021949931 0.712677 0.5
16.511582 25.985561 -0.0012770659 -6.9852161e-05 1.70588 0.5
10.261423 22.31175 0.038233399 0.09204824 5.092516 0.5
22.684614 5.3351098 -0.21511199 0.064501343 0.506989 0.5
3.4670673 21.910615 0.22073896 0.054314166 4.452103 0.5
14.462004 17.062119 0.165617 -0.06028215 3.429354 0.5
26.276247 8.9475096 0.015076044 0.0339183 5.942963 0.5
20.266776 15.338506 0.034989143 -0.004558357 2.062723 0.5
20.280642 10.105102 0.0063483777 0.0044445788 2.598321 0.5
12.119396 2.0631109 -0.019780141 -0.12629439 6.159219 0.5
11.787901 22.439797 0.0049271912 -0.0087907753 1.488917 0.5
15.456326 4.1193949 -0.0031922725 -0.0046666488 1.927238 0.5
18.204904 13.010769 -0.001543492 0.00025716819 3.98558 0.5
14.819187 15.548147 0.036963427 -0.065209181 3.515453 0.5
22.748168 22.733069 -0.0011284495 -0.028097811 3.362574 0.5
22.550235 15.52355 0.0022310331 0.016792157 2.617045 0.5
5.4111998 20.821701 -0.076524446 -0.015679729 4.416501 0.5
18.517517 14.284558 0.51881138 -0.33060712 2.357123 0.5
25.607777 17.797926 -0.00035024461 -0.00044550148 0.027213 0.5
2.2699364 19.929162 -0.067391998 0.057829176 3.270335 0.5
19.692486 14.16762 0.00058146513 0.0006285595 5.133302 0.5
22.368654 14.414357 -0.0046740845 0.00046537263 4.163048 0.5
15.992913 11.729246 0.0078412778 0.002815675 3.93618 0.5
23.464561 10.946623 0.0032819729 0.078273999 5.951127 0.5
20.601432 16.726002 0.015216371 -0.021040526 4.082451 0.5
21.836984 16.855625 0.00025466386 -5.1374432e-05 1.780305 0.5
8.8262075 15.572556 0.19093856 -0.083960179 2.847882 0.5
23.666025 14.434868 0.031948108 0.0026269843 1.767937 0.5
13.223413 18.317087 -0.026113631 0.070047611 0.00135 0.5
24.650745 10.921057 0.00020485814 -0.00078956919 5.312468 0.5
21.17054 25.342197 0.0057544194 0.0069012752 0.320289 0.5
21.532925 5.5749085 -0.021700837 0.028831331 0.581132 0.5
15.190622 5.5208639 0.0054785646 0.0047268343 3.087421 0.5
17.948707 26.546756 0.00081835903 -0.00028262367 3.560403 0.5
23.885895 15.736347 -0.00036765997 -0.0011271158 0.555117 0.5
16.674312 6.7391063 0.0086959148 -0.033005909 6.220608 0.5
6.9411547 16.295523 0.11407291 0.042921842 5.652715 0.5
14.26775 19.213032 -0.01513518 -0.0018198419 0.827952 0.5
22.485888 17.944136 -0.000815851 -0.00082560016 1.054048 0.5
7.9729747 21.869024 0.053576626 0.37133279 0.319962 0.5
5.5722888 15.003907 -0.016437779 0.087438936 2.464344 0.5
24.471299 13.520528 -0.0006173003 -0.0015406011 3.780782 0.5
17.886273 22.243181 0.11909422 0.043337394 0.745414 0.5
21.233485 20.451067 0.20247341 0.031566543 3.348875 0.5
14.719233 25.464205 0.0010224968 -0.00027306187 5.365761 0.5
11.001364 25.168045 -0.22089969 0.21350915 0.445642 0.5
21.222231 18.016301 0.027162868 0.0025525727 2.979068 0.5
17.981598 2.1776575 -0.0042118555 -0.0028413572 2.813895 0.5
18.813593 5.6858327 0.027413085 -0.012687573 4.039246 0.5
21.302238 6.8604586 0.018476589 0.02575231 4.602055 0.5
20.572419 7.893283 -0.074204253 0.02057075 1.676583 0.5
18.404027 3.6203311 -0.085774611 0.064383529 1.207935 0.5
19.129479 10.892708 -0.001425922 0.0034505003 6.164191 0.5
11.565802 26.152065 0.10234906 0.20690627 1.491784 0.5
21.449165 10.332761 0.01235744 0.0681006 6.269379 0.5
23.90519 22.743038 0.024128152 -0.00016937448 0.35856 0.5
23.207794 7.7331623 0.017894174 0.034374226 0.326238 0.5
15.278488 26.499207 0.0004256541 -0.00032398627 1.608548 0.5
17.529691 10.274973 0.030526103 0.021436274 2.616667 0.5
17.644882 4.7037083 0.0006580606 -0.044453575 0.410672 0.5
13.548536 22.850687 0.00013383615 0.03574084 3.210668 0.5
24.484879 12.06246 0.0012002101 0.00024487056 0.309541 0.5
13.299116 26.382372 0.0040846235 0.16601062 1.761874 0.5
9.5892992 18.582601 0.10556888 0.1661053 4.731547 0.5
16.11936 10.249963 -0.024052109 -0.029142645 0.313065 0.5
14.565023 0.68298359 0.0039845511 0.0064485969 0.087229 0.5
22.901485 13.248983 0.0066982157 0.0027454492 5.713071 0.5
21.418999 12.249824 0.00018218919 -0.00059752455 0.34983 0.5
20.041822 8.977151 -0.012775678 -0.0023226106 2.015368 0.5
10.08674 7.2032143 -0.80390898 -0.18162499 0.42176 0.5
25.363353 20.951208 -0.00020132171 -0.0006521886 5.580866 0.5
10.239609 19.528614 -0.014764188 5.4420615e-05 4.066321 0.5
22.759139 4.1333148 0.0014968592 -0.030276552 5.863794 0.5
26.213381 14.259112 1.3609385e-05 3.0370989e-05 5.355125 0.5
15.550491 2.8129073 0.0036643643 -0.0027770723 5.404824 0.5
12.576569 20.651159 0.29242282 -0.039035062 1.361005 0.5
14.768011 9.7600562 -0.13148284 -0.057507469 5.19755 0.5
22.649666 10.166691 -0.017244973 0.058113659 5.853071 0.5
17.78827 11.587752 0.066235355 0.029562803 2.830697 0.5
18.934917 9.3030085 -0.04888343 0.0025031039 3.251414 0.5
21.298241 15.793923 0.0016713959 0.0026575661 3.305262 0.5
19.108429 1.6212325 0.0055571218 0.00045296538 3.841898 0.5
20.240897 2.1610227 -0.0049323647 0.017156882 4.917041 0.5
9.4889922 3.3724084 0.0050658627 -0.0075246708 1.726803 0.5
22.316103 11.389883 0.00097326727 -0.00014041427 2.534849 0.5
9.0062607 25.257644 3.7822496e-05 0.00021146383 1.985571 0.5
22.937395 23.944233 -0.019248575 0.0023084954 5.636684 0.5
16.319225 19.97168 -0.00092160753 -0.092524283 0.642493 0.5
1.4907104 16.310231 -0.11924964 0.12560065 5.796573 0.5
4.8198929 23.106249 0.13168134 -0.040807482 4.738871 0.5
5.1204074 4.5801106 -0.0077890703 0.0057436651 1.568073 0.5
24.810688 19.785378 -0.00022806027 0.00075951162 2.749741 0.5
25.282435 6.8831784 0.0081715052 -0.002171546 1.171823 0.5
18.457336 21.27239 0.054301689 0.032875095 2.226958 0.5
24.988703 14.552466 0.00018972663 -0.0008207504 1.548545 0.5
3.9335295 16.487256 0.012773648 0.077891679 3.653333 0.5
19.130265 22.464438 0.027393159 0.02071411 4.394256 0.5
17.131554 24.382508 -0.037842632 0.10750563 0.605652 0.5
23.348025 21.700816 -0.00069994229 -0.0010867903 3.106146 0.5
15.712187 13.595469 0.11369605 -0.35967518 3.095002 0.5
19.479271 23.708299 0.0002808102 -0.00032240446 1.841384 0.5
9.8822813 16.554704 -0.0033847312 0.048496935 6.034028 0.5
8.1729425 2.3420097 0.0013677754 -0.0010834543 1.857551 0.5
17.51328 23.304757 0.00093112021 0.042876386 1.702664 0.5
14.888747 23.787121 -0.041710002 0.026309837 1.16125 0.5
25.933739 16.588077 -0.00021514527 -0.00080597136 4.720586 0.5
23.711743 8.7828807 0.0087024545 -0.0057420767 0.205718 0.5
23.334479 16.74251 -0.00040473974 0.00071585293 5.820667 0.5
17.716412 8.6139897 0.018914947 -0.0026521531 3.894129 0.5
19.616819 21.303573 0.078586931 0.011226438 3.074393 0.5
21.726215 3.0366237 0.064512169 -0.20279306 0.467747 0.5
5.1258086 16.575456 -0.035076715 0.0062905522 5.60533 0.5
21.470644 22.596327 0.005788816 0.0055839955 6.227367 0.5
25.952135 7.8389155 0.18860235 -0.085541254 5.177094 0.5
16.737459 21.612967 -0.077800298 0.07115361 0.203779 0.5
17.889728 25.402669 -0.00047821977 -0.0004323528 6.095105 0.5
15.223217 18.057349 0.0080710952 -0.00032425152 5.150288 0.5
16.59459 8.617007 0.00015597843 0.017056476 3.059892 0.5
12.291957 3.1468084 -0.49745034 -0.079853215 3.692189 0.5
10.0215 24.662365 -0.10983156 -0.055282238 3.246869 0.5
6.9946269 19.601168 0.12599362 -0.07181489 2.032293 0.5
2.3994734 13.022067 0.028530916 -0.013369519 6.136396 0.5
14.729345 21.265518 0.02663134 0.10608422 4.563161 0.5
12.021848 24.087262 0.21276257 0.131038 5.916686 0.5
20.839625 19.265953 0.0019331715 0.00046006433 1.344992 0.5
24.199659 7.1585114 0.076050349 -0.04216315 3.633442 0.5
19.925209 17.681546 -0.0019671134 -0.0015481977 2.78777 0.5
13.930525 7.3890282 0.00093491792 0.0074750959 1.483056 0.5
15.183851 20.154106 -0.034112947 0.012565026 0.879468 0.5
17.710644 17.745182 -0.0010728661 0.032063213 4.923104 0.5
10.265744 26.265792 1.2147752e-05 -0.0013274147 5.350229 0.5
24.021368 17.711433 0.00032321103 2.2742654e-05 1.508644 0.5
10.382593 4.0907322 -0.0042801563 0.011139455 4.32761 0.5
17.096871 0.96845915 0.0080581067 0.011005935 1.3724 0.5
25.040828 15.684875 0.00027545418 -0.00079778237 2.64206 0.5
21.251792 9.1528514 -0.0051155619 0.0004519277 2.466218 0.5
5.6933144 24.20131 0.057126093 -0.0098282517 0.69625 0.5
15.386855 8.7848213 0.077227528 -0.1149993 0.502972 0.5
22.502844 19.427591 -3.3087489e-05 -0.00049084966 4.066135 0.5
11.050172 2.4149903 0.014462425 -0.0050641855 3.026607 0.5
7.12442 24.607919 -0.00054602562 -0.00014848652 6.171553 0.5
23.927078 9.8951687 0.045577482 0.0036704921 3.767955 0.5
26.791033 9.9689231 -0.00019584228 -0.00021194549 5.349705 0.5
13.419981 9.5167798 -0.0038804117 0.0089340862 3.28374 0.5
22.468036 6.8439919 -0.0061160716 -0.0068410141 1.964272 0.5
18.121326 7.2911031 0.0047644484 0.021015875 1.170799 0.5
2.4945521 17.723724 -0.037068935 0.022838078 0.802835 0.5
6.6937178 23.390189 0.20402723 -0.00070536402 5.063896 0.5
27.411787 13.904601 -0.00097147213 -0.0018160923 2.243796 0.5
20.987089 14.316263 -0.00050081028 0.0046332817 5.270568 0.5
23.254105 12.101468 0.0046097295 0.0011422906 5.757172 0.5
5.447101 22.017626 0.018412053 0.17818339 5.271397 0.5
23.592797 18.970129 5.4041845e-05 0.0012904458 3.151318 0.5
16.241054 4.9222553 0.0045920019 0.0015535973 0.221595 0.5
19.133252 26.414667 0.00099238106 0.00038968779 1.510648 0.5
16.654115 18.369051 -0.0055646713 -0.0046561479 5.29405 0.5
21.72748 23.733863 -0.0017494566 0.00097316315 2.737677 0.5
15.858879 16.251803 0.20075013 0.11380834 4.134415 0.5
1.9704974 15.109176 0.033094471 -0.1204984 1.432456 0.5
8.2370679 17.084741 0.12763392 0.076090762 2.840655 0.5
26.715861 13.001432 0.0022857549 -4.2548004e-05 2.899005 0.5
17.126627 12.673663 -0.027915595 0.075675978 4.137855 0.5
16.708158 17.227409 -0.013140818 -0.0035449293 1.992807 0.5
7.2825288 10.555831 0.0071857913 -0.0051007864 0.375558 0.5
1.9235591 11.584042 0.076886284 -0.030708976 0.629977 0.5
5.897409 19.259849 -0.064434241 0.088512452 5.301885 0.5
24.195535 20.791121 0.0012208968 -0.00015684902 1.197725 0.5
16.005598 24.843502 0.00012784649 -0.00057739637 2.939026 0.5
15.099786 22.393328 -0.00011555909 0.00019870051 3.912909 0.5
3.1722387 7.4449524 0.029944547 -0.029506944 3.115045 0.5
20.57005 23.333295 -0.010329165 -0.0020538424 1.662001 0.5
22.101336 7.9910191 0.0026202619 0.0062095943 0.131507 0.5
