# x y vx vy theta radius
9.5211108 13.090114 0.48247833 1.3599683 0.43352383 0.5
7.0213737 25.389889 0.049095379 -0.0081153052 1.764168 0.5
17.782291 13.444486 0.0065863477 -0.011801816 3.951996 0.5
21.314313 25.223136 -0.0010851524 0.003549701 4.259518 0.5
8.4757267 4.3114454 0.032582424 0.23488305 1.882067 0.5
20.800438 18.348359 -0.0055336248 -0.006167963 0.92276 0.5
7.6161603 2.233459 0.063887402 -0.041160516 4.981497 0.5
11.445902 27.186904 -0.0052685285 -0.23247121 0.663689 0.5
16.78519 8.9973057 0.0037498143 -0.012761315 4.599871 0.5
12.185285 14.501686 -0.0031982099 -0.002780172 3.315122 0.5
8.4288872 8.8048446 0.096296968 0.018638902 5.224588 0.5
18.960924 15.417904 0.009801817 -0.0027319904 4.739779 0.5
24.146032 13.754014 0.011620028 0.0018274689 0.624425 0.5
26.210919 15.021345 -0.0021366215 -0.01184106 0.734434 0.5
17.000216 23.823454 -0.013636569 -0.019777162 4.989084 0.5
24.680352 20.231904 -0.010784886 -0.014693073 2.508867 0.5
25.287738 13.800143 0.0002187456 -0.018409681 5.939565 0.5
6.3838662 5.2980614 0.057405193 0.045809327 0.028815 0.5
14.934321 4.7423873 0.10789247 0.18981092 3.449449 0.5
22.176641 18.306406 -0.01119307 -0.010930624 0.592282 0.5
18.059894 25.678471 0.0059806268 -0.0021093663 6.045768 0.5
8.2371199 5.8788421 -0.053014916 0.062058328 0.890473 0.5
17.76095 26.825873 0.00062505678 -0.0065545872 2.353219 0.5
17.870523 23.072507 0.0067642273 0.020489932 1.672869 0.5
11.091807 16.358024 -0.03681992 -0.0085206144 4.21507 0.5
22.513974 15.108351 -0.00051565281 -0.021078813 0.4829 0.5
11.699324 7.9188887 0.056226923 -0.022541916 6.274711 0.5
15.764689 26.228672 0.11126311 0.21699301 1.301021 0.5
15.149221 27.366216 -0.015013916 -0.00059040142 3.538852 0.5
17.397091 18.775845 0.059362245 -0.031307369 1.72413 0.5
6.5047637 18.373108 0.15075706 0.062568106 0.779811 0.5
12.727127 18.245585 -0.031801297 -0.038028891 1.209651 0.5
25.683165 10.129029 0.00037626309 3.6393946e-05 5.377079 0.5
21.88862 20.372183 -0.0077068402 -0.012625489 3.122843 0.5
6.8967436 24.046787 0.014827977 -0.015372293 4.105439 0.5
15.868497 6.1840336 5.1355449e-05 -0.00057638665 2.246795 0.5
6.259009 3.0394715 -0.092222445 -0.082372927 3.468535 0.5
22.374608 12.887828 -0.0081210198 -0.010687851 5.532293 0.5
17.968518 21.858519 0.0075535529 0.082280039 0.531572 0.5
7.9045508 19.227068 0.002368731 0.01967705 5.261584 0.5
5.9203644 23.477439 -0.0356744 -0.023901985 0.040113 0.5
1.2527132 15.234782 0.066664513 0.09091266 4.576591 0.5
21.275156 11.437894 0.0087204035 -0.0038079508 0.209824 0.5
11.707714 1.162861 -0.0012277275 0.14629814 1.770879 0.5
0.89883639 11.110696 -0.038500818 -0.014633227 4.791815 0.5
16.342185 24.912928 0.010065505 0.0036173307 2.522673 0.5
18.996444 10.631322 0.0038871672 0.0056632452 3.232151 0.5
14.618259 21.308997 -0.025557261 -0.054026634 0.943125 0.5
25.852975 12.549416 -3.647023e-05 -0.019291524 1.031271 0.5
19.217223 23.057432 0.023879997 0.0069220169 1.523797 0.5
19.259958 19.975622 -0.03396215 -0.017137114 1.787492 0.5
27.207922 11.628021 0.014640399 -0.022250765 3.056837 0.5
27.405773 14.124611 -0.0012345113 -0.02027865 3.332967 0.5
10.825407 25.766123 -0.088155915 0.14047568 3.889918 0.5
17.74026 6.5774343 0.00077825736 -0.0040167315 1.775857 0.5
21.3732 23.869036 -0.0037757035 -0.0063458601 4.33857 0.5
14.879498 7.052861 0.0097100717 0.015492952 2.652322 0.5
13.172879 0.89344416 0.13383428 0.011319864 1.360759 0.5
20.319989 17.318761 -0.0023550976 0.0067625992 1.350476 0.5
12.601401 27.222206 -0.08056625 0.24695597 3.139709 0.5
9.2811344 20.783021 -0.011948229 -0.020674792 3.877928 0.5
17.648809 11.267651 -0.0045256095 -0.020676208 4.111005 0.5
9.317599 7.6225483 0.10814471 -0.045490403 4.354529 0.5
4.6094414 23.111206 -0.049664119 0.003208212 1.958136 0.5
20.534508 20.082867 0.0011293575 -0.013591504 1.935129 0.5
23.175154 23.823945 -0.025840708 -0.075605524 0.983243 0.5
24.597306 7.3169137 -3.8365399e-09 -8.4795098e-09 4.524452 0.5
17.887355 7.7340278 -0.0053160102 -0.01433636 4.628506 0.5
27.319901 15.279356 -0.0041121917 -0.016222661 4.619789 0.5
20.298526 23.454187 -0.0035445466 -0.0088298646 6.246698 0.5
23.48552 12.723899 0.00043122599 -0.019373258 2.597917 0.5
14.515001 0.95932673 0.002169018 0.023856155 5.540445 0.5
16.043559 9.9574281 -0.0056131217 -0.0073933985 1.135786 0.5
19.173299 25.342292 0.0039030691 0.11124912 0.649744 0.5
2.824198 12.75773 0.10041582 -0.10762421 4.647872 0.5
10.464138 9.2577853 -0.020928393 -0.018831613 3.116928 0.5
17.197116 19.864685 0.017689038 -0.14093637 1.058365 0.5
13.316888 19.588414 0.073719524 0.013582647 1.223223 0.5
23.405738 18.289097 0.0018649694 0.0022696816 6.185729 0.5
1.8854458 12.13369 0.022787918 0.074441095 5.03693 0.5
11.90895 26.039195 -0.075531768 -0.039558734 0.158334 0.5
10.101349 23.403722 -0.013557379 -0.055408883 0.09489 0.5
9.8525392 26.643915 5.8196378e-05 0.012403665 3.182579 0.5
21.847883 7.3697646 4.1422553e-07 -7.6620618e-07 5.999337 0.5
19.924444 12.678083 -0.0079494136 -0.0059867373 0.712677 0.5
1.0647781 17.433986 -0.024441901 0.023980405 1.70588 0.5
0.78549002 14.20505 0.025446891 -0.018393992 5.092516 0.5
15.814044 4.0122647 0.14454869 -0.096926789 0.506989 0.5
21.549643 17.350505 0.00039727628 0.0013141806 4.452103 0.5
22.448693 11.529097 0.00020773983 -0.0054062553 3.429354 0.5
25.861177 20.139366 -0.0061158085 -0.00076605274 5.942963 0.5
18.232721 16.364489 0.015217568 0.0066446984 2.062723 0.5
15.895548 21.643062 0.022112714 0.087484414 2.598321 0.5
21.236405 22.7381 -0.0043149916 0.011580381 6.159219 0.5
21.960629 5.7520392 1.5347848e-05 -0.0042241494 1.488917 0.5
8.2186165 7.4229417 -0.044829858 -0.0091071235 1.927238 0.5
6.5625303 22.518518 0.0083520107 -0.05578632 3.98558 0.5
25.013188 15.015854 0.0014104532 -0.0095577752 3.515453 0.5
15.759299 2.1322399 0.19871882 -0.28445673 3.362574 0.5
2.4673687 14.991609 0.055164192 -0.025097823 2.617045 0.5
17.739498 2.9263082 0.068603479 0.0015502908 4.416501 0.5
22.830128 19.28102 -0.010549897 0.0084870036 2.357123 0.5
12.703122 10.252364 -0.0067471426 -0.015769092 0.027213 0.5
19.048925 5.1670314 -0.0014307784 -0.00034349684 3.270335 0.5
15.673406 17.661033 -0.021364309 -0.047909713 5.133302 0.5
21.309777 15.070147 0.0031471917 -0.016116948 4.163048 0.5
14.098812 17.888639 -0.032001548 -0.029850737 3.93618 0.5
6.1447059 20.643079 0.02459844 0.014935818 5.951127 0.5
11.294108 23.068931 0.013420162 -0.13548155 4.082451 0.5
23.92778 11.643312 0.0015802694 -0.0044503159 1.780305 0.5
22.730499 9.1004221 0.0060088597 -0.0089904573 2.847882 0.5
16.922305 17.132907 0.20806123 -0.11685274 1.767937 0.5
14.214997 10.145752 -0.0033620671 -0.024705131 0.00135 0.5
18.401956 19.258591 -0.010800831 0.0043041112 5.312468 0.5
14.746244 23.751494 -0.061818021 0.096906372 0.320289 0.5
21.629554 9.7995712 -0.0066015779 -0.0077407382 0.581132 0.5
27.373998 12.955321 0.007713871 -0.0021977016 3.087421 0.5
25.665847 18.165773 0.0056467425 -0.0018138679 3.560403 0.5
9.7222379 1.8939232 0.12040856 0.04196565 0.555117 0.5
20.207073 22.271282 -0.0042311053 -0.0205013 6.220608 0.5
15.968771 12.851854 -0.0034753343 -0.015140217 5.652715 0.5
23.669303 14.801583 0.0047359754 -0.010182544 0.827952 0.5
18.995703 26.448041 -0.0056105552 0.0037465461 1.054048 0.5
19.412789 14.179207 -0.0072113911 0.0040337832 0.319962 0.5
21.546145 19.267488 -0.0176014 -0.017591451 2.464344 0.5
27.186528 16.495981 -0.0084022478 -0.010132237 3.780782 0.5
17.318559 4.0864693 0.023147964 0.0017008002 0.745414 0.5
16.200254 19.301955 0.068403049 0.022762395 3.348875 0.5
14.598683 3.396218 0.05811403 0.052099889 5.365761 0.5
16.298584 14.371514 -0.0054467655 0.0074931951 0.445642 0.5
25.582554 16.028613 -0.016018027 -0.021608256 2.979068 0.5
20.102125 15.230523 -0.0094888617 -0.016548017 2.813895 0.5
24.045449 19.221831 -0.0028602864 -0.027464819 4.039246 0.5
23.245766 16.073418 -0.00068430906 0.00022204983 4.602055 0.5
10.115864 16.940148 -0.0020915913 -0.0038887778 1.676583 0.5
26.359588 19.086582 -0.0024277664 -0.0027282093 1.207935 0.5
20.572593 13.950089 -0.010046868 -0.017483013 6.164191 0.5
20.13964 24.675972 0.0016104747 -0.0089516524 1.491784 0.5
20.501156 10.341681 0.024945561 -0.019742916 6.269379 0.5
24.743766 12.80229 0.0028810505 -0.0048248371 0.35856 0.5
26.796101 17.942423 0.011923825 -0.0023271991 0.326238 0.5
19.53645 6.3055217 0.0053289705 -0.00047981505 1.608548 0.5
1.65734 18.534981 0.15678122 -0.012457611 2.616667 0.5
7.6306307 21.113407 -0.013398368 -0.015624807 0.410672 0.5
16.948099 22.376483 -0.0076701659 0.0055576103 3.210668 0.5
7.7543614 22.371946 -0.00057625074 -0.023367026 0.309541 0.5
13.39679 26.209266 0.086445722 0.10638672 1.761874 0.5
8.1054605 23.454107 0.0083465143 -0.013319621 4.731547 0.5
18.874983 13.162845 0.0055221546 -0.0153975 0.313065 0.5
16.948357 25.93842 -0.0090087989 0.014489251 0.087229 0.5
23.258984 10.543671 -0.001322688 -0.013081594 5.713071 0.5
19.147977 21.884148 0.016208012 -0.065899837 0.34983 0.5
5.1254384 8.505641 -0.024297526 -0.078362533 2.015368 0.5
14.252142 15.530654 0.0026464491 -0.010106009 0.42176 0.5
26.149159 17.017619 0.0031276773 0.0051046533 5.580866 0.5
19.073352 8.6193094 0.0026728266 -0.014059373 4.066321 0.5
18.762904 11.738944 -0.0030513633 -0.0051130764 5.863794 0.5
21.919381 21.806527 0.0044184669 -0.012186432 5.355125 0.5
23.738571 8.3520375 0.017015871 -0.013658814 5.404824 0.5
25.003982 17.05742 0.0037804755 0.0033751382 1.361005 0.5
2.6383123 10.086927 -0.034324696 -0.021384837 5.19755 0.5
13.351079 4.6888514 -0.080872876 0.23647343 5.853071 0.5
12.79198 24.961687 0.1343154 0.013082833 2.830697 0.5
16.472279 27.09841 -0.0037079863 -0.0038962581 3.251414 0.5
18.088275 14.623612 -0.0059671285 -0.0003007132 3.305262 0.5
24.616242 9.1624605 -0.0015508582 -0.0056512276 3.841898 0.5
25.054011 11.669325 0.006402909 -0.0047185763 4.917041 0.5
14.090886 8.7079561 0.008870198 0.014810243 1.726803 0.5
19.461253 4.0065829 0.0026957324 -0.0079779609 2.534849 0.5
10.913221 2.6196437 0.0056461802 0.3858698 1.985571 0.5
24.719638 22.103491 -0.0033162393 0.0033822482 5.636684 0.5
17.059692 21.194204 0.047073891 0.003942408 0.642493 0.5
22.743482 17.2779 -8.7498332e-05 -0.001730709 5.796573 0.5
12.642362 22.401685 -0.040626764 -0.010820353 4.738871 0.5
12.174452 2.1826988 0.15227987 -0.0030530884 1.568073 0.5
21.726574 14.024182 -0.0011115438 -0.0089071291 2.749741 0.5
13.999307 25.091068 -0.002154693 0.0036218498 1.171823 0.5
19.487984 16.411881 0.0049181757 0.0030498975 2.226958 0.5
16.623116 2.910575 0.036031034 0.047484821 1.548545 0.5
17.9636 24.489014 0.070577421 0.055005829 3.653333 0.5
20.984315 16.218202 0.006209782 -0.022454777 4.394256 0.5
10.120362 19.431298 0.021336982 -0.025730671 0.605652 0.5
13.072524 11.385793 -0.020046663 -0.018277515 3.106146 0.5
25.80783 8.9126989 0.003115391 -0.0019501717 3.095002 0.5
23.48078 5.9767498 0.010959596 0.00048924435 1.841384 0.5
13.344699 2.3280739 0.091750907 0.0092060188 6.034028 0.5
15.174997 25.026858 -0.031904579 -0.0096128749 1.857551 0.5
26.408222 13.532364 -0.0049994497 -0.010077604 1.702664 0.5
13.950031 22.795802 0.027510607 -0.033906401 1.16125 0.5
11.237166 24.67203 -0.082641769 -0.071595176 4.720586 0.5
4.4234926 21.786773 -0.042221303 0.001440848 0.205718 0.5
18.271846 20.573159 -0.0023183514 -0.017454066 5.820667 0.5
22.288018 23.149986 0.023514032 -0.042023368 3.894129 0.5
7.0371637 4.1158694 0.062300722 0.082334252 3.074393 0.5
15.855235 20.362363 -0.053901343 0.12006207 0.467747 0.5
15.146358 22.57388 0.069580583 0.0032023895 5.60533 0.5
23.119965 22.252223 0.012407876 0.00058333868 6.227367 0.5
7.9093023 24.59212 -0.040220358 -0.013108778 5.177094 0.5
13.607511 23.992623 0.014214507 0.00062857219 0.203779 0.5
17.83046 1.5163021 0.0046018109 0.0062637675 6.095105 0.5
17.848829 17.747255 0.047852136 -0.047487664 5.150288 0.5
19.83446 20.971743 0.0067274151 -0.074205262 3.059892 0.5
11.153498 18.337997 -0.028517533 -0.014593633 3.692189 0.5
3.6395115 8.8229812 0.10297427 -0.025109308 3.246869 0.5
22.261776 24.580776 -0.0022839771 -0.010029055 2.032293 0.5
19.226632 17.771124 -0.0066669551 -0.0081330152 6.136396 0.5
14.651881 26.186033 0.21072574 0.02256698 4.563161 0.5
22.986529 13.881031 -0.014872403 -0.0176427 5.916686 0.5
19.918161 19.060929 0.012578564 -0.01649489 1.344992 0.5
26.941312 10.394082 0.010356552 -0.010772519 3.633442 0.5
23.985866 22.966977 0.0094385673 -0.0042269981 2.78777 0.5
5.2665421 19.305135 -0.017441691 0.033360495 1.483056 0.5
12.275179 23.900187 -0.012320824 -0.085501345 0.879468 0.5
20.111767 11.545473 0.014020997 -0.014396623 4.923104 0.5
13.79368 27.250436 0.042587848 0.017245366 5.350229 0.5
3.2470312 21.975498 0.018687204 -0.018502699 1.508644 0.5
17.023898 5.6336803 0.015960312 -0.0014840601 4.32761 0.5
16.007412 23.298754 0.033823449 -0.077280944 1.3724 0.5
9.0998702 24.023612 -0.1206941 0.063743909 2.64206 0.5
16.416782 15.629322 -0.0038682989 -0.017655617 2.466218 0.5
24.422804 16.085357 0.0017667441 -0.0091618614 0.69625 0.5
10.226138 22.109829 0.0049398151 -0.023845469 0.502972 0.5
17.341046 9.995565 0.015272534 -0.034592952 4.066135 0.5
2.9053479 20.134658 0.045172014 -0.01464557 3.026607 0.5
11.446647 21.856083 -0.11859138 -0.060171016 6.171553 0.5
24.535924 18.207639 0.00042983689 -0.0096595696 3.767955 0.5
10.43606 20.645605 0.013442267 0.00068719564 5.349705 0.5
24.479101 10.649802 -0.0019534943 -0.010327174 3.28374 0.5
11.244709 11.01984 0.075946372 0.018620021 1.964272 0.5
20.920346 21.269974 0.080624151 0.021767888 1.170799 0.5
24.055235 21.194263 0.014147697 0.0022801366 0.802835 0.5
14.485947 16.813378 0.01532649 -0.058981571 5.063896 0.5
8.4223867 25.774153 -0.020170998 -0.04861448 2.243796 0.5
20.869721 8.9087944 0.019487371 -0.0061390599 5.270568 0.5
22.13451 16.238182 -0.007113136 -0.0040380404 5.757172 0.5
16.591489 1.3911661 0.027956238 -0.011378705 5.271397 0.5
23.848957 17.060024 -0.013995106 0.0060342466 3.151318 0.5
22.834922 21.154008 -0.0020585185 -0.014320028 0.221595 0.5
9.2050984 18.015317 0.0059813557 -0.00032175417 1.510648 0.5
21.058918 12.873851 -0.00038979066 -0.026007103 5.29405 0.5
9.1961591 3.0300381 0.033453686 0.062080287 2.737677 0.5
25.35882 21.160721 0.00071484196 -0.0068329139 4.134415 0.5
12.6544 20.856152 -0.12643598 -0.081577502 1.432456 0.5
15.981888 11.485599 -0.0002703113 -0.00077364493 2.840655 0.5
23.493706 20.200935 0.0023613872 0.00055882999 2.899005 0.5
9.6707186 25.026209 -0.020639962 0.044294294 4.137855 0.5
11.475673 19.787555 0.0072364727 -0.0058988111 1.992807 0.5
5.0233438 20.483984 -0.047059761 0.02330765 0.375558 0.5
4.0968696 7.15915 0.13820533 0.046256392 0.629977 0.5
14.910467 19.655128 -0.012329275 -0.016361071 5.301885 0.5
4.1394746 5.1852995 -0.21318271 -0.040996826 1.197725 0.5
26.113418 11.31033 0.013983186 -0.010567222 2.939026 0.5
19.107259 24.21736 -0.017113336 0.0076854425 3.912909 0.5
3.7603807 19.061169 -0.055403957 0.041517874 3.115045 0.5
25.216774 19.195405 -0.0091068454 0.0088294081 1.662001 0.5
20.274635 25.843952 0.0048218895 0.0028210035 0.131507 0.5
