# x y vx vy theta radius
9.2607055 23.812085 0.044691509 0.88121726 5.1393932 0.5
14.803369 15.752358 0.022269122 -0.0031145109 1.764168 0.5
26.362738 9.8544272 0.003124284 -0.028291031 3.951996 0.5
15.696118 26.669421 0.56462826 0.22506043 4.259518 0.5
4.081102 13.674323 -0.304904 -0.25910248 1.882067 0.5
17.363374 15.938529 -0.00088608136 -0.0016724134 0.92276 0.5
6.1076508 14.562138 0.025390873 -0.1519226 4.981497 0.5
11.241271 1.0240939 0.0083719664 0.011392774 0.663689 0.5
13.581166 15.389064 -0.055532777 -0.35956782 4.599871 0.5
18.68335 8.182823 -0.016989659 0.036208802 3.315122 0.5
7.000764 20.874236 -0.042610784 -0.03823929 5.224588 0.5
25.654602 17.664153 -0.0098396442 -0.12892121 4.739779 0.5
15.138074 21.291112 0.033407626 -0.058442087 0.624425 0.5
26.039417 8.493517 0.0033041918 -0.013843982 0.734434 0.5
18.794493 2.7525838 3.5405945e-05 -0.031365316 4.989084 0.5
23.142204 17.918413 -0.0096814921 0.0098221047 2.508867 0.5
13.208549 6.9478734 -0.0082246565 0.024220872 5.939565 0.5
3.3394606 9.0734086 0.1223557 -0.020258263 0.028815 0.5
4.7855019 4.2405588 0.0042971484 -0.012496772 3.449449 0.5
7.4810973 2.7699218 0.00039484305 0.0099746979 0.592282 0.5
17.359829 2.6601284 0.0094206852 -0.00070101042 6.045768 0.5
20.76319 23.036011 0.1173074 0.10224617 0.890473 0.5
21.978875 15.369882 -0.013182737 0.018307582 2.353219 0.5
19.444979 3.6703149 0.011312143 -0.0072698019 1.672869 0.5
11.754909 10.772366 -0.0062778907 0.045043018 4.21507 0.5
7.9063243 6.3109264 -0.021331518 0.0029482136 0.4829 0.5
2.5250618 19.948677 0.070304933 -0.35791331 6.274711 0.5
18.6693 19.121531 -0.0021572967 0.0056659634 1.301021 0.5
27.130733 13.185665 -0.016820068 0.031866942 3.538852 0.5
9.1767314 4.2223945 -0.010819022 0.0020788736 1.72413 0.5
19.202313 20.556181 0.03415862 0.086411706 0.779811 0.5
16.022723 16.180097 -0.11128582 0.01952413 1.209651 0.5
13.653975 11.431829 0.0036685766 0.017180842 5.377079 0.5
5.7315377 19.607401 0.044412198 0.10780714 3.122843 0.5
12.568011 2.5939506 -0.012429767 -0.0050551998 4.105439 0.5
10.424855 23.764514 0.77566579 -0.09520388 2.246795 0.5
26.469473 18.617982 -0.021895527 0.022893068 3.468535 0.5
2.9642551 7.9831946 -0.031288274 -0.082866245 5.532293 0.5
16.890353 6.1414362 -0.0077883989 -0.014953829 0.531572 0.5
13.449667 0.87306909 0.006143131 0.0065223109 5.261584 0.5
17.869732 17.557355 -0.0066971832 0.0096653152 0.040113 0.5
5.0158826 14.279389 -0.043199473 -0.18227138 4.576591 0.5
24.826773 20.083581 -0.057993043 -0.0035633558 0.209824 0.5
16.39789 25.535612 -0.0069352177 -0.0036725918 1.770879 0.5
20.464649 17.714765 -0.029136954 -0.034659966 4.791815 0.5
15.739642 1.4316514 0.0066467647 0.010270315 2.522673 0.5
5.5391473 7.2537808 -0.033975329 0.023900445 3.232151 0.5
1.3334653 11.803575 0.19475139 0.052623214 0.943125 0.5
16.480339 5.0576451 -0.0069322676 0.0098586747 1.031271 0.5
23.649531 8.1896293 -0.0067291087 0.019982223 1.523797 0.5
24.188041 21.129986 -0.024353234 -0.026580116 1.787492 0.5
18.668763 26.363977 0.0022516536 0.0063883682 3.056837 0.5
13.368979 19.827292 0.047322066 0.001151618 3.332967 0.5
22.911187 13.223325 0.052773746 -0.035515331 3.889918 0.5
22.106463 20.383708 0.17173149 -0.016261388 1.775857 0.5
4.7846664 11.203994 -0.18579661 -0.089562468 4.33857 0.5
8.159517 11.164544 0.086541263 0.03702177 2.652322 0.5
7.5678631 24.706441 -0.065581971 -0.20855436 1.360759 0.5
24.754757 10.820478 -0.02402067 0.02300128 1.350476 0.5
14.663767 26.39845 0.7877566 0.68982293 3.139709 0.5
17.38098 19.62122 -0.018193916 0.00047186599 3.877928 0.5
1.4392436 9.2489522 0.18975461 0.024937336 4.111005 0.5
19.889331 8.935586 -0.059615325 0.012162706 4.354529 0.5
11.466882 14.919489 0.28339943 -0.0064401476 1.958136 0.5
18.364367 7.0654961 -0.018257112 0.0045001383 1.935129 0.5
2.7385042 6.7106814 0.018336312 0.029389864 0.983243 0.5
22.782444 14.368951 0.0083640934 0.01643216 4.524452 0.5
10.064681 12.980661 -0.009179721 -0.17936192 4.628506 0.5
6.6729097 23.963889 -0.61809583 0.43581773 4.619789 0.5
4.444407 8.9719366 -0.0040093658 0.0062915086 6.246698 0.5
19.42135 13.028139 0.0017528272 -0.0011899562 2.597917 0.5
4.2592419 23.203425 0.091551586 0.23901792 5.540445 0.5
21.792314 17.686841 -0.015670066 -0.054073351 1.135786 0.5
12.623149 5.9595053 -0.00089547989 0.019285447 0.649744 0.5
11.813037 24.45368 0.1025058 0.040121652 4.647872 0.5
20.919101 8.0846769 -0.010678598 0.0024803728 3.116928 0.5
25.927291 11.577968 0.00084211083 0.011742449 1.058365 0.5
12.557748 4.2209857 -0.00067572009 -0.0063234526 1.223223 0.5
11.355893 2.4514147 -0.028407499 0.0088369931 6.185729 0.5
18.060213 20.747831 0.14372271 0.011773571 5.03693 0.5
22.245882 16.496362 0.013837535 0.044744138 0.158334 0.5
6.0592656 21.614656 0.10034726 0.055289222 0.09489 0.5
20.280737 19.282192 0.2123493 -0.1794663 3.182579 0.5
3.1430486 14.441603 0.0016808664 0.020631122 5.999337 0.5
6.8278668 4.0818678 -0.025193521 0.011933995 0.712677 0.5
11.647665 7.908472 -0.017607995 0.012745299 1.70588 0.5
19.523406 25.319305 0.0045101386 -3.744344e-05 5.092516 0.5
19.338859 16.329293 0.0026864384 0.035699724 0.506989 0.5
3.9440719 19.445361 -0.31767754 0.24250595 4.452103 0.5
17.116611 9.4416787 -0.038659187 0.028668352 3.429354 0.5
21.164032 24.36747 -0.0058098649 -0.0024726098 5.942963 0.5
25.062355 9.2347937 0.010890895 0.0088974097 2.062723 0.5
23.628012 16.733068 0.0083226963 0.024033695 2.598321 0.5
5.9684345 10.266916 -0.017052243 -0.0063879657 6.159219 0.5
15.883864 23.593989 -0.0098521835 0.0079855108 1.488917 0.5
9.4348908 15.011191 0.10853081 -0.16574599 1.927238 0.5
22.590438 7.3626505 -0.024636551 0.0034249179 3.98558 0.5
1.1633311 10.492147 0.011004288 -0.041651681 3.515453 0.5
20.460812 10.482796 -0.0012943711 0.014833091 3.362574 0.5
11.268331 9.150011 -0.025596906 0.0031950901 2.617045 0.5
7.6018414 5.026433 -0.0024981619 -0.0060227259 4.416501 0.5
20.596487 3.5704824 -0.019788908 0.017426968 2.357123 0.5
20.656973 15.868425 -0.031161644 0.017863683 0.027213 0.5
3.0209156 18.850858 -0.15611433 -0.095367001 3.270335 0.5
7.6411467 8.8349803 -0.0021383134 0.034537476 5.133302 0.5
6.0079169 23.006844 0.057642408 -0.092084184 4.163048 0.5
7.2277361 7.3151699 -0.0086237363 0.03209095 3.93618 0.5
20.371561 5.8604808 0.0085944313 -0.0027879609 5.951127 0.5
22.308925 8.5862769 -0.007973068 -0.013786142 4.082451 0.5
21.944946 23.238942 0.0032592306 -0.0029284317 1.780305 0.5
18.449322 14.661242 0.0017106028 -0.013241688 2.847882 0.5
10.735438 3.5298686 -0.029070767 0.0049856185 1.767937 0.5
14.58585 0.82778147 -0.0048417249 0.013069081 0.00135 0.5
18.383905 22.694955 0.022247038 0.1488072 5.312468 0.5
6.2268031 11.598982 -0.056926175 -0.037787875 0.320289 0.5
11.944448 27.098338 0.093187897 -0.14143809 0.581132 0.5
17.347614 26.618265 -0.010862994 0.0017432684 3.087421 0.5
22.659347 11.036834 -0.062045271 0.022425964 3.560403 0.5
5.6840134 24.337618 -0.39267965 0.11227673 0.555117 0.5
20.030654 24.17511 0.0024125864 0.00082197428 6.220608 0.5
12.476377 14.195883 -0.004104597 0.0022227676 5.652715 0.5
7.6800603 12.675165 -0.10264409 -0.46590922 0.827952 0.5
26.222816 16.672537 0.0098721091 -0.025574923 1.054048 0.5
22.443556 5.3155901 0.0088927556 -0.0097984774 0.319962 0.5
14.060225 20.760837 -0.0081823805 0.062586883 2.464344 0.5
14.886658 19.707016 -0.088658626 -0.088861073 3.780782 0.5
24.867146 6.2269996 0.028677155 -0.0046299112 0.745414 0.5
4.6614872 16.993113 -0.10221816 0.064597102 3.348875 0.5
2.2225671 16.547546 0.083152733 0.054848381 5.365761 0.5
9.4026151 1.3713526 0.00067541481 -0.005979803 0.445642 0.5
9.3844248 16.639525 0.24288446 0.052484562 2.979068 0.5
13.654488 3.4779595 0.0025899159 0.0070483775 2.813895 0.5
3.3957009 12.783448 0.09572084 0.035641237 4.039246 0.5
15.339552 5.1568726 -0.014493594 0.035890756 4.602055 0.5
18.463171 24.370178 -0.00260443 0.0063346205 1.676583 0.5
22.934904 21.50819 -0.010511694 0.027730332 1.207935 0.5
19.878874 22.37536 -0.014920208 0.14070555 6.164191 0.5
23.610263 6.3710787 -0.010798048 -0.036323624 1.491784 0.5
1.4892925 18.834153 -0.043410606 -0.31121393 6.269379 0.5
3.8587084 10.320941 -0.012911077 -0.0066559136 0.35856 0.5
24.340145 22.442262 0.016752967 0.079750587 0.326238 0.5
9.884703 2.7711727 0.00017824856 0.011134611 1.608548 0.5
26.019117 19.982725 -0.025075883 0.063988278 2.616667 0.5
20.761899 25.582993 -0.0060434222 0.0090546882 0.410672 0.5
16.617755 21.869217 0.17989488 -0.079804971 3.210668 0.5
15.83029 17.807122 0.026868562 0.0017218239 0.309541 0.5
24.528652 17.912405 -0.068633157 -0.079334011 1.761874 0.5
19.679169 4.8435971 -0.018601775 -0.010865342 4.731547 0.5
12.323165 1.3956103 0.0014474956 0.00086926911 0.313065 0.5
14.50687 4.4053626 -0.016246742 0.0056850462 0.087229 0.5
9.3672152 25.215222 0.0052547653 -0.06884871 5.713071 0.5
19.352955 17.998562 -0.0069187787 -0.0032100462 0.34983 0.5
2.023971 13.918101 -0.036092281 -0.19881774 2.015368 0.5
20.463124 12.505415 -0.020868722 -0.010539634 0.42176 0.5
23.194355 15.49391 0.064771491 0.049882849 5.580866 0.5
15.278488 24.999378 0.18655584 0.14801553 4.066321 0.5
15.701382 2.8472783 0.0027922804 0.025336851 5.863794 0.5
21.830072 13.608623 -0.038289339 -0.0073380545 5.355125 0.5
22.667579 19.389284 -0.046845834 -0.0095232642 5.404824 0.5
15.940618 6.977501 -0.014051766 -0.0029770043 1.361005 0.5
8.6646796 3.1697876 0.0062768918 0.015882252 5.19755 0.5
27.236868 16.193329 0.037784718 -0.011689575 5.853071 0.5
2.0266493 15.427233 0.048855187 0.00119978 2.830697 0.5
13.063891 8.518595 -0.0080305707 0.024652386 3.251414 0.5
19.42648 11.359315 -0.011360126 -0.2279514 3.305262 0.5
11.423536 22.710433 -0.048844718 -0.19691036 3.841898 0.5
3.2746138 15.874656 -0.11707133 0.076598438 4.917041 0.5
9.6707129 6.0596697 -0.0068347603 0.0068843505 1.726803 0.5
21.050526 11.455679 0.022832081 0.032953191 2.534849 0.5
20.030634 2.2310342 -0.0065321999 -0.0084787163 1.985571 0.5
6.6389657 5.8832172 -0.0083582956 0.014728477 5.636684 0.5
11.713611 25.967998 0.13577225 -0.0074357344 0.642493 0.5
3.7154296 11.590797 0.11677684 -0.25102452 5.796573 0.5
2.384314 10.014739 -0.0084609178 0.0072983869 4.738871 0.5
18.133168 13.200525 -0.085973934 0.0088780493 1.568073 0.5
27.03851 12.065473 -0.013009407 0.0070331607 2.749741 0.5
13.922821 2.0773429 -0.021426507 -0.0068063361 1.171823 0.5
10.91194 6.3458967 -0.0041182375 0.021462103 2.226958 0.5
1.4172996 17.707268 -0.063278113 -0.1247764 1.548545 0.5
16.816978 7.9672546 -0.014017662 0.048311565 3.653333 0.5
23.195961 22.598876 -0.10205613 0.019132703 4.394256 0.5
26.940138 17.561219 -0.022734364 -0.0075371722 0.605652 0.5
4.7120475 15.522259 -0.02954656 -0.35598434 3.106146 0.5
11.373778 4.9782058 0.011819487 0.0057531977 3.095002 0.5
14.723561 17.901991 0.18296492 -0.013665992 1.841384 0.5
4.5792325 12.4874 0.14799444 -0.074724936 6.034028 0.5
25.437114 21.055949 -0.032387148 0.057784483 1.857551 0.5
16.113029 20.541671 0.06685048 -0.014326893 1.702664 0.5
19.59819 14.39412 -0.0075458109 0.049913046 1.16125 0.5
9.1041281 7.0704007 -0.00015790412 0.010054669 4.720586 0.5
9.8358184 10.009592 -0.0038069792 -0.0078676271 0.205718 0.5
21.137549 14.552366 -0.019388082 0.035531978 5.820667 0.5
14.741836 22.79437 -0.051669482 0.05911608 3.894129 0.5
7.9291052 25.909274 -0.60628132 0.39297361 3.074393 0.5
21.390779 21.979799 -0.040080359 0.098507455 0.467747 0.5
19.785187 6.9755821 -0.011434724 0.010403612 5.60533 0.5
23.281284 20.428918 0.019009536 0.0063862117 6.227367 0.5
8.1362431 17.771153 -0.073840195 -0.070605482 5.177094 0.5
17.098325 1.2740074 -0.015147125 -0.0016097728 0.203779 0.5
21.946675 12.177871 -0.041943488 0.019578677 6.095105 0.5
4.0849508 17.933577 -0.048376841 -0.24217627 5.150288 0.5
16.893742 24.321207 0.080762292 0.060801926 3.059892 0.5
13.634872 25.52111 0.34149786 0.090005067 3.692189 0.5
22.53392 24.271405 0.0064464989 -0.0010419285 3.246869 0.5
17.113085 14.77247 -0.025401891 0.0060255179 2.032293 0.5
0.69511227 12.789401 0.070725534 -0.184391 6.136396 0.5
21.356466 4.5833184 0.016926136 -0.020236234 4.563161 0.5
22.840066 3.9881341 -0.02090673 -0.014596231 5.916686 0.5
13.485236 5.1697512 0.0063809193 0.00026777652 1.344992 0.5
13.716343 22.311443 -0.029721499 0.11562093 3.633442 0.5
10.147327 4.9568148 -0.0095358167 0.012090388 2.78777 0.5
25.904602 13.61423 0.015452649 0.033656975 1.483056 0.5
3.9447094 5.5654274 0.00091967193 0.038856222 0.879468 0.5
10.442394 26.806816 0.38153692 0.57369953 4.923104 0.5
2.5645776 11.541922 0.036201134 0.028606893 5.350229 0.5
13.298534 26.670764 0.21169981 -0.063038889 1.508644 0.5
11.16841 12.79284 0.0049570825 0.0091938832 4.32761 0.5
23.845508 5.2317904 0.015335383 -0.010930365 1.3724 0.5
12.312397 12.668308 -0.0018188421 0.010011415 2.64206 0.5
4.9990063 6.211832 -0.036962761 -0.0043651879 2.466218 0.5
14.436058 6.9417706 0.0041571542 0.026082736 0.69625 0.5
5.9585461 8.3391339 -0.0035824815 0.021981667 0.502972 0.5
26.936463 10.892955 0.012719607 0.024432529 4.066135 0.5
23.812891 11.783256 -0.042862802 0.053629425 3.026607 0.5
18.034296 5.0554591 -0.080223011 -0.0099885005 6.171553 0.5
24.412798 7.2626375 -0.0044699867 0.019928288 3.767955 0.5
12.450629 17.352667 -0.027220281 -0.04618548 5.349705 0.5
6.2628478 13.288726 -0.07326159 -0.26038361 3.28374 0.5
16.776967 13.610694 -0.030085269 -0.062181627 1.964272 0.5
24.892166 14.537206 -0.01651524 0.0046794296 1.170799 0.5
4.3201805 21.931691 -0.16032233 0.06360907 0.802835 0.5
18.983611 1.5216497 -0.0012895629 0.0081979113 5.063896 0.5
25.368608 18.979096 0.010234392 -0.11089721 2.243796 0.5
26.085611 15.340922 -0.011797599 0.058440921 5.270568 0.5
21.010426 20.750424 -0.091500616 0.02459812 5.757172 0.5
23.846348 18.809073 -0.050994809 0.033301387 5.271397 0.5
3.5461869 20.578274 0.25283991 -0.12377659 3.151318 0.5
5.7584715 3.6557713 0.0034487751 0.0025017919 0.221595 0.5
12.403733 21.800095 0.12465781 -0.15343376 1.510648 0.5
0.90188411 14.561807 0.12980338 -0.063923187 5.29405 0.5
8.4413205 1.9557416 -0.0031537949 0.0041118592 2.737677 0.5
24.949255 16.575433 -0.11303248 -0.034704781 4.134415 0.5
25.333576 12.630588 0.0017688157 0.035263544 1.432456 0.5
3.9968576 7.4802116 -0.013488107 0.036580827 2.840655 0.5
15.826053 4.0712 -0.023163096 0.0048562746 2.899005 0.5
5.6824874 5.0149491 0.010235725 0.0047640911 4.137855 0.5
6.9121119 16.394337 0.012509089 -0.10803887 1.992807 0.5
18.756261 9.5164287 0.033231186 0.018929306 0.375558 0.5
13.769889 23.442783 0.081021641 -0.02354398 0.629977 0.5
24.273478 13.52587 0.012180051 -0.027797948 5.301885 0.5
24.38063 15.550676 -0.052184534 -0.032552887 1.197725 0.5
7.1078098 10.827336 0.19343672 -0.28477261 2.939026 0.5
27.06809 14.795818 0.016875543 0.0077326311 3.912909 0.5
21.567499 19.127541 -0.0025901496 -0.013608171 3.115045 0.5
14.798887 11.049752 0.0082440073 0.0080255656 1.662001 0.5
14.435071 8.9251579 -0.016545083 0.035304977 0.131507 0.5
