# x y vx vy theta radius
15.20003 19.193531 0.83208312 -0.0028743896 0.24264568 0.5
15.750186 22.541048 -0.042857345 -0.067177176 1.764168 0.5
7.9235659 25.169343 0.34110222 -0.50874811 3.951996 0.5
20.66608 5.3327683 -0.00091061304 0.0013487552 4.259518 0.5
11.025604 26.967679 -0.11453145 -0.13944318 1.882067 0.5
18.525884 6.3429845 -0.019736436 -0.024380641 0.92276 0.5
26.02119 17.510399 0.025581805 -0.0064040945 4.981497 0.5
17.5409 16.9851 -0.024961525 0.027881909 0.663689 0.5
20.11299 22.989055 -0.054223185 0.051216847 4.599871 0.5
18.907146 24.814589 -0.0074742831 -0.046604835 3.315122 0.5
20.404982 25.322216 -0.0076430354 0.069030166 5.224588 0.5
21.875646 8.8203636 -0.01152952 -0.013986331 4.739779 0.5
13.914511 24.088516 0.030922345 0.033553798 0.624425 0.5
21.680779 16.519743 0.06704575 0.024578048 0.734434 0.5
19.906445 7.8411716 -0.020023236 -0.044413998 4.989084 0.5
27.24273 14.424849 -0.02153273 0.0062003334 2.508867 0.5
17.292095 22.86124 -0.018443611 0.060139147 5.939565 0.5
20.406108 2.5292321 -0.0099230329 0.0044031274 0.028815 0.5
6.7729134 11.62564 0.020591966 -0.023028827 3.449449 0.5
21.329695 24.00008 0.026536584 -0.036114536 0.592282 0.5
18.754437 3.9225632 -0.0041189306 -0.002827512 6.045768 0.5
23.937126 13.485332 -0.02069882 0.031906317 0.890473 0.5
24.450686 7.1661721 0.0036027825 -0.037465086 2.353219 0.5
22.393605 9.8323504 0.023458205 -0.079546773 1.672869 0.5
24.82502 19.891005 -0.029617395 -0.010021672 4.21507 0.5
23.155624 21.071106 0.0045972644 0.019051981 0.4829 0.5
12.793239 6.9923806 -0.018759115 -0.025112326 6.274711 0.5
16.862971 13.506101 -0.034632123 -0.012453668 1.301021 0.5
25.178616 13.092866 -0.011892253 -0.020843086 3.538852 0.5
27.072042 16.717887 -0.0024343395 -0.0021714148 1.72413 0.5
27.244746 11.974528 0.015068679 -0.037746316 0.779811 0.5
26.32146 12.608613 -0.027809299 -0.049866989 1.209651 0.5
21.266406 9.9051321 -0.013508466 -0.00044928354 5.377079 0.5
22.700675 6.6605244 -0.015320134 -0.067431872 3.122843 0.5
16.658657 3.0534787 -0.0088453926 0.0038681751 4.105439 0.5
10.276717 2.686627 -3.8521615e-05 -0.00017753871 2.246795 0.5
19.312541 12.279828 -0.0094639173 -0.041063996 3.468535 0.5
19.228989 15.18482 -0.00018327189 -0.014756866 5.532293 0.5
17.08766 24.091086 0.13761483 0.078764416 0.531572 0.5
26.335048 13.734475 -0.0077332074 -0.050379384 5.261584 0.5
23.567402 20.004238 0.0096005178 -0.087570682 0.040113 0.5
17.678661 26.801675 0.022814202 -0.18280392 4.576591 0.5
25.397405 20.921553 -0.035626388 0.026906002 0.209824 0.5
25.341971 9.3371624 0.0084304679 -0.0026448999 1.770879 0.5
15.773376 14.993966 -0.036343081 -0.052582072 4.791815 0.5
5.5164446 12.349323 -0.019524091 -0.017653456 2.522673 0.5
25.003649 8.2491986 -0.017901333 0.015771171 3.232151 0.5
23.286841 17.788765 0.058915229 -0.24269472 0.943125 0.5
25.244222 18.748144 0.0646122 0.029845506 1.031271 0.5
2.272243 10.980014 0.00016608394 -0.0028535348 1.523797 0.5
22.446436 20.055165 0.16168051 0.031054602 1.787492 0.5
22.467209 10.960166 -0.024810879 0.0031766409 3.056837 0.5
26.9715 10.518958 0.028395095 -0.015658454 3.332967 0.5
24.048225 16.806261 0.033374862 -0.023393077 3.889918 0.5
17.431804 4.8113225 -0.022582044 -0.026991899 1.775857 0.5
19.980203 10.043831 -0.068850106 -0.035830146 4.33857 0.5
25.191683 16.761577 -0.060531097 0.023875318 2.652322 0.5
16.416333 4.2078074 0.0016318589 -0.0094250374 1.360759 0.5
14.255116 7.8390558 -0.051272343 -0.025427095 1.350476 0.5
17.61526 3.6887117 -0.0048989955 -0.0047777227 3.139709 0.5
21.341509 18.479282 -0.1788762 -0.084859997 3.877928 0.5
20.654785 8.9491815 -0.021624661 -0.016681988 4.111005 0.5
1.9890967 7.995874 -0.003615222 -0.0043495694 4.354529 0.5
1.5961714 12.338347 -0.042668875 -0.051068153 1.958136 0.5
7.0166835 5.9876704 -0.0050847716 -0.0049338801 1.935129 0.5
22.06047 15.381567 -0.049774279 -0.0058207369 0.983243 0.5
24.797639 21.954775 -0.014928235 -0.10798828 4.524452 0.5
16.440975 10.164224 0.012116481 0.025266754 4.628506 0.5
10.981674 7.8839161 -0.008156016 -0.019626864 4.619789 0.5
17.699521 12.233387 -0.053107143 -0.00084112662 6.246698 0.5
7.6336835 21.214002 0.021346438 -0.12159153 2.597917 0.5
11.621177 20.444041 -0.22941556 -1.026526 5.540445 0.5
9.8985888 4.2950029 0.0075330758 -0.018665257 1.135786 0.5
23.761069 6.2735494 0.048956747 -0.0058811622 0.649744 0.5
11.605641 25.781959 0.041570319 -0.097887637 4.647872 0.5
21.630292 13.063032 -0.063408426 -0.056026516 3.116928 0.5
3.2922206 10.408992 -0.033020148 -0.0015212923 1.058365 0.5
21.076451 19.621469 -0.063511418 -0.023173029 1.223223 0.5
23.283661 15.397169 -0.082868063 -0.30057823 6.185729 0.5
17.190095 18.068478 0.28197192 -0.69385977 5.03693 0.5
19.919319 11.305032 -0.010177749 0.031262763 0.158334 0.5
15.189856 4.1908518 -0.012494141 -0.028498923 0.09489 0.5
6.9432091 13.277251 -0.0044336028 0.0080672343 3.182579 0.5
14.180178 4.7790223 -0.0023357106 -0.011924688 5.999337 0.5
23.515011 23.479855 -0.025580473 0.057827617 0.712677 0.5
15.447209 0.68224856 -5.1813061e-05 2.255063e-06 1.70588 0.5
16.073828 1.9998574 -0.004468105 -0.0045676432 5.092516 0.5
17.057753 0.91972213 0.0048221798 -0.0067566442 0.506989 0.5
16.012828 17.76445 -0.50937935 -0.27385685 4.452103 0.5
21.915838 21.08904 0.22093012 0.13239526 3.429354 0.5
24.869713 6.1054941 -0.013693729 -0.012902317 5.942963 0.5
13.027617 10.024358 -0.0026383449 -0.0024576213 2.062723 0.5
20.824149 12.159199 0.034511146 -0.011308807 2.598321 0.5
24.863829 15.683365 -0.019883819 0.022005763 6.159219 0.5
15.877597 5.1893604 -0.0065658108 -0.017375336 1.488917 0.5
20.05693 24.191042 0.018204978 0.0133139 1.927238 0.5
21.51167 25.105367 -0.20367194 -0.080860027 3.98558 0.5
20.569146 20.914188 0.073393015 0.033203827 3.515453 0.5
8.7259076 24.107896 -0.48709372 0.30038059 3.362574 0.5
8.1182067 6.3541348 -0.0041602153 -0.003279025 2.617045 0.5
15.586843 25.462042 -0.0072852448 -0.55708748 4.416501 0.5
17.162246 11.189628 -0.045402382 -0.050865216 2.357123 0.5
17.702538 21.042704 -0.6080069 0.21486014 0.027213 0.5
12.830794 26.526867 -0.11106611 0.084992327 3.270335 0.5
11.073511 11.77997 -0.0031696266 0.0054393166 5.133302 0.5
18.464693 1.3882429 -0.005578188 -0.0007871091 4.163048 0.5
10.453326 26.015646 -0.099118718 -0.0098404069 3.93618 0.5
15.713026 16.665691 -0.05710197 -0.032631286 5.951127 0.5
14.030772 0.68214696 -0.0039052043 -0.010267917 4.082451 0.5
21.282253 22.095898 -0.02891189 -0.049289783 1.780305 0.5
25.856387 10.368263 -0.017712499 -0.077524067 2.847882 0.5
24.080326 14.651317 0.13099955 -0.14287395 1.767937 0.5
25.179506 14.229753 0.0037387841 0.02483625 0.00135 0.5
27.379638 13.298819 -0.037591771 -0.061358985 5.312468 0.5
22.870548 16.545632 0.033831306 0.02341619 0.320289 0.5
6.1893574 24.609946 -0.17476809 0.032847183 0.581132 0.5
18.359597 25.775165 0.072505974 -0.12982843 3.087421 0.5
18.979058 20.892342 0.78861174 -0.11491826 3.560403 0.5
18.738204 11.282036 0.0074826592 -0.0067219222 0.555117 0.5
13.316722 5.5747433 -0.028581372 -0.020043079 6.220608 0.5
22.297226 7.7605209 0.019254907 -0.041684059 5.652715 0.5
19.772839 17.226803 -0.0047343022 -0.10606947 0.827952 0.5
22.098989 4.640293 -0.045481151 -0.013102803 1.054048 0.5
13.262167 2.7020112 0.00036590799 -0.00030424925 0.319962 0.5
21.522232 2.8743366 -0.013925216 -0.009286043 2.464344 0.5
20.512549 13.262155 -0.00055420656 -0.0087574668 3.780782 0.5
17.314589 25.375703 -0.029993804 -0.070038658 0.745414 0.5
13.740572 11.272818 -0.017717007 -0.0033046995 3.348875 0.5
19.335173 26.328937 0.12569374 -0.21418585 5.365761 0.5
26.538674 9.4622205 -0.029100649 -0.0061846704 0.445642 0.5
18.542677 18.633856 0.3405171 0.05466132 2.979068 0.5
24.947121 11.437297 -0.027530475 -0.017889622 2.813895 0.5
14.939618 26.524373 0.20863667 -0.33245866 4.039246 0.5
18.642645 17.460268 -0.077821128 -0.18947971 4.602055 0.5
18.830414 10.007801 0.023636238 0.025879727 1.676583 0.5
22.90369 5.5359838 -0.0036158631 0.0093871786 1.207935 0.5
18.546272 5.0260554 -0.0034901087 -0.0043316753 6.164191 0.5
26.144604 16.017666 -0.0025052562 0.027201101 1.491784 0.5
5.6062691 13.735081 0.038192137 0.0039214546 6.269379 0.5
3.6860367 16.580939 0.033265217 -0.021322554 0.35856 0.5
21.543882 6.8732619 0.014756449 -0.039883972 0.326238 0.5
16.57903 7.6312085 -0.036247935 -0.092201232 1.608548 0.5
23.291487 4.3462698 -0.00013351303 -0.0077500731 2.616667 0.5
11.235695 9.6872728 -0.0093681768 0.011354001 0.410672 0.5
18.223821 22.028179 0.29385625 1.0463802 3.210668 0.5
21.068394 4.1796362 -0.010138413 0.00043097345 0.309541 0.5
26.229675 19.53801 0.0095604679 -0.019466709 1.761874 0.5
6.4379678 7.7774081 -0.011156295 -0.010706742 4.731547 0.5
16.876279 8.7026219 -0.051197768 -0.028283338 0.313065 0.5
14.643915 6.6906734 -0.0056625611 -0.095703969 0.087229 0.5
18.755042 2.66901 -0.0022159158 -0.0074751565 5.713071 0.5
14.51045 3.1053064 0.0077874234 -0.0098531383 0.34983 0.5
17.690364 2.237509 -0.0071723025 -0.0027442044 2.015368 0.5
6.177099 17.932392 -0.40324647 -0.29807247 0.42176 0.5
22.236211 23.183927 0.0012560355 0.035159057 5.580866 0.5
18.027197 15.291168 -0.1319102 -0.15290957 4.066321 0.5
24.198999 12.27066 0.0048765617 -0.026663041 5.863794 0.5
20.408168 6.7510976 -0.021198995 -0.00094585306 5.355125 0.5
3.9429267 18.332997 -0.10584424 -0.063556696 5.404824 0.5
8.5996314 9.6253944 0.00947243 -0.012929403 1.361005 0.5
15.986222 12.045461 -0.01466043 0.0012154602 5.19755 0.5
12.085846 5.3981885 0.0012299285 0.0063803418 5.853071 0.5
26.170389 8.337874 0.006315303 -0.0099960367 2.830697 0.5
8.4257283 22.057861 -0.25524782 -0.21050094 3.251414 0.5
9.8906625 1.3638463 -5.1687567e-07 2.8918514e-07 3.305262 0.5
9.242229 26.396535 -0.090794187 -0.0078417576 3.841898 0.5
11.179147 1.6795697 -0.004309533 -0.0063937552 4.917041 0.5
22.855484 14.325448 -0.031948291 -0.063942043 1.726803 0.5
23.758855 22.368292 0.075008396 0.042041634 2.534849 0.5
22.478502 24.314844 -0.012017706 -0.022640614 1.985571 0.5
20.766775 15.065353 -0.10938502 -0.075443562 5.636684 0.5
22.208498 17.497655 -0.051468484 -0.089456815 0.642493 0.5
10.045571 6.8996783 0.0083963562 -0.014920875 5.796573 0.5
16.383188 26.610121 0.091581119 -0.28728869 4.738871 0.5
21.154155 7.9368527 0.001863705 -0.050393205 1.568073 0.5
20.059622 18.627618 0.16436008 -0.16338821 2.749741 0.5
13.960891 25.720396 -0.23994345 -0.021734917 1.171823 0.5
8.1145037 3.8418233 0.00082263421 -0.001073292 2.226958 0.5
16.748838 21.754732 -0.084411729 -0.17943769 1.548545 0.5
10.738504 5.0901912 -0.006611736 -0.0053887896 3.653333 0.5
11.738929 2.7959325 -0.014602787 -0.013703117 4.394256 0.5
17.033926 6.1676278 -0.012185296 -0.017464252 0.605652 0.5
15.103964 20.639801 -0.052581113 -0.25698452 3.106146 0.5
15.759209 6.6354367 0.024798176 -0.0063387033 3.095002 0.5
4.6555608 20.773824 -0.00066940932 -0.0035478892 1.841384 0.5
22.994562 8.7326648 -0.002699064 -0.004319636 6.034028 0.5
18.093918 13.828899 -0.019386631 -0.035793291 1.857551 0.5
9.1794004 3.3209094 0.0021467851 -0.0023262441 1.702664 0.5
24.179216 9.2127646 -0.0042022293 0.0041434934 1.16125 0.5
14.357247 9.6267179 -0.0023679758 -0.031131838 4.720586 0.5
12.649364 25.107247 -0.06182222 0.042035059 0.205718 0.5
12.229029 7.9896997 -0.040469349 -0.032734402 5.820667 0.5
13.16711 3.9191298 0.0061310951 -0.0053980977 3.894129 0.5
22.79052 13.189807 -0.0094877983 -0.018842033 3.074393 0.5
13.465245 12.412775 0.0085894194 0.0024820555 0.467747 0.5
3.3544071 20.85074 0.019074649 0.046132688 5.60533 0.5
19.268823 19.432632 -0.037679898 -0.070705651 6.227367 0.5
12.187611 12.157611 -0.0096806882 -0.00063352204 5.177094 0.5
15.365694 24.292223 -0.079825239 -0.016456681 0.203779 0.5
23.848899 11.193547 0.0016208493 -0.076440698 6.095105 0.5
19.588287 5.97768 0.00088915418 -0.029163135 5.150288 0.5
24.093182 5.2038328 0.002634858 -0.0068497404 3.059892 0.5
23.506132 10.120589 0.015132211 -0.024378333 3.692189 0.5
21.955531 11.96334 -0.010583301 0.046724966 3.246869 0.5
16.216171 20.614148 0.024635872 -0.096269694 2.032293 0.5
22.442928 3.5643611 -0.029999454 0.0083721756 6.136396 0.5
16.891991 15.088271 -0.039679594 0.01021513 4.563161 0.5
14.638362 12.525198 -0.054482133 -0.043432595 5.916686 0.5
14.513138 1.9472541 0.00037210125 -6.5626559e-05 1.344992 0.5
21.09718 11.072949 -0.011297433 -0.076408694 3.633442 0.5
15.220946 10.480948 0.010219984 -0.021386393 2.78777 0.5
18.972393 22.931407 -0.064287265 -0.032291747 1.483056 0.5
26.69396 18.414872 -0.0021306967 -0.0014218668 0.879468 0.5
17.364733 19.78489 0.52593912 -0.41895885 4.923104 0.5
18.703964 16.323361 0.01387034 -0.014062865 5.350229 0.5
24.694085 10.270705 -0.016419473 -0.0069902956 1.508644 0.5
19.339427 8.8954581 -0.025048957 -0.021770552 4.32761 0.5
24.496185 17.866711 -0.0015172745 -0.064499326 1.3724 0.5
27.280879 15.619389 0.038830866 -0.040764633 2.64206 0.5
17.64257 7.141095 -0.0048779103 -0.012258769 2.466218 0.5
20.073572 3.6273076 -0.013702564 -0.0073784976 0.69625 0.5
18.000249 8.4031463 -0.017432604 -0.054004029 0.502972 0.5
26.20084 11.463517 -0.010490478 0.055327557 4.066135 0.5
19.524128 1.7866834 -0.0045188895 -0.00024533243 3.026607 0.5
19.346894 13.783639 0.017037945 -0.012162468 6.171553 0.5
7.2787871 10.51847 -0.28048235 -0.22956011 3.767955 0.5
11.68863 6.5775626 -0.0071634528 -0.013517046 5.349705 0.5
22.475047 22.061879 -0.021953114 -0.063516717 3.28374 0.5
24.259862 20.882317 -0.050960054 -0.11663561 1.964272 0.5
20.583425 16.234284 0.00063449409 0.031113193 1.170799 0.5
26.142121 14.842475 0.006232026 -0.049634802 0.802835 0.5
12.668782 1.3297562 -0.0028892134 -0.0067779726 5.063896 0.5
23.087326 12.025356 -0.012880289 -0.045024076 2.243796 0.5
6.1687273 4.4119914 0.0052088153 -0.0002588606 5.270568 0.5
23.417766 7.6186505 -0.035991692 -0.002232941 5.757172 0.5
9.6617485 20.88103 -0.045612071 0.024162551 5.271397 0.5
21.769014 5.7511461 -0.0059693294 -0.065766006 3.151318 0.5
1.0468766 10.560976 1.698315e-06 -1.3435645e-05 0.221595 0.5
9.34299 7.8564744 -0.026203925 -0.012786477 1.510648 0.5
25.602249 7.2309368 -0.02804333 -0.033036012 5.29405 0.5
22.997742 18.955385 -0.0065407979 -0.084405183 2.737677 0.5
24.157292 18.987124 0.098142573 0.0037005621 4.134415 0.5
17.649322 10.002492 -0.00054516864 -0.023641694 1.432456 0.5
15.516892 8.3245756 0.020608789 -0.091629444 2.840655 0.5
4.8440543 4.9660879 0.0010088675 7.5341632e-05 2.899005 0.5
4.7093746 9.759824 -0.0031612194 -0.014798798 4.137855 0.5
10.560234 23.47008 -0.17850536 0.073647388 1.992807 0.5
3.338237 5.9002819 -0.060182559 -0.040972848 0.375558 0.5
0.91311016 13.37313 0.025072938 0.011902314 0.629977 0.5
11.01113 24.56039 -0.17691082 -0.060189669 5.301885 0.5
18.823582 7.557926 -0.029284214 -0.0004207048 1.197725 0.5
21.600989 14.192266 0.10147802 -0.19351426 2.939026 0.5
13.270008 8.5787587 -0.033468328 0.071388315 3.912909 0.5
19.644285 4.7012667 0.0059282207 -0.0082632514 3.115045 0.5
6.789094 23.210204 -0.086122721 -0.007287662 1.662001 0.5
5.0925454 8.4414301 -0.0021657697 -0.022034035 0.131507 0.5
