# x y vx vy theta radius
18.444537 17.939052 -0.59802471 1.4111647 5.7716634 0.5
14.336068 1.9508946 -0.015422729 -0.00041896839 1.764168 0.5
17.815779 12.341871 -0.12491597 -0.13996287 3.951996 0.5
1.5545285 8.9282473 0.12656518 -0.00095918167 4.259518 0.5
4.0378459 11.196867 0.014845644 -0.059121843 1.882067 0.5
15.14619 26.10257 -0.018169315 -0.21517578 0.92276 0.5
14.650687 22.305591 0.055315637 -0.13696367 4.981497 0.5
16.902408 25.017263 -0.032096248 -0.13212427 0.663689 0.5
6.7049069 8.7653301 0.043652511 -0.025376904 4.599871 0.5
1.880347 12.42077 -0.036750734 -0.037721112 3.315122 0.5
14.972359 21.109176 -0.003382036 0.24975904 5.224588 0.5
13.961469 19.712256 -0.084028934 -0.081925747 4.739779 0.5
1.0413636 10.481274 -0.0748973 0.033100131 0.624425 0.5
19.264571 20.373189 0.14744273 -0.011780744 0.734434 0.5
3.8835984 12.640777 0.056702036 0.024040646 4.989084 0.5
21.64871 4.0045863 0.0024801412 0.024682212 2.508867 0.5
11.118094 9.6800327 -0.036585327 -0.022079812 5.939565 0.5
13.430985 9.8517408 -0.026060427 -0.036820369 0.028815 0.5
8.7810279 23.776003 0.12033653 -0.0055058107 3.449449 0.5
5.3913444 9.4372156 -0.00874757 -0.0077093474 0.592282 0.5
16.425246 26.08224 0.0070454879 0.011940706 6.045768 0.5
11.331153 20.812273 -0.0059985313 0.030333743 0.890473 0.5
16.453424 27.201217 -0.080639329 -0.055377736 2.353219 0.5
23.992061 15.377447 -0.049873863 0.0021556255 1.672869 0.5
2.417625 17.614196 0.014617878 0.054681974 4.21507 0.5
12.68667 26.35448 0.10052301 -0.044489082 0.4829 0.5
9.0104326 21.297994 -0.12617474 -0.0072582059 6.274711 0.5
9.7327083 26.733731 0.026968953 -0.049127215 1.301021 0.5
10.493961 18.43464 0.0017186012 -0.16338401 3.538852 0.5
6.7480182 2.72631 -0.036952497 -0.066947211 1.72413 0.5
5.0929977 5.591954 -0.01858388 0.016120172 0.779811 0.5
22.987856 23.820144 -0.14030198 -0.07120703 1.209651 0.5
7.9864358 5.4551207 0.0074019066 -0.0010693115 5.377079 0.5
11.114159 5.6031527 0.0029979558 0.0090797387 3.122843 0.5
1.358191 18.571998 0.096822683 0.046113268 4.105439 0.5
15.412215 2.4815015 0.0036116779 0.0021413563 2.246795 0.5
15.877783 22.343593 0.080253013 -0.044447941 3.468535 0.5
14.051187 23.985537 0.0023067797 -0.077525762 5.532293 0.5
4.4015943 22.122495 0.01552542 -0.030069794 0.531572 0.5
10.198901 25.720784 0.020043417 -0.043248854 5.261584 0.5
3.9653764 10.065499 0.010516345 -0.020759931 0.040113 0.5
23.399519 22.704963 0.048813895 0.091851199 4.576591 0.5
2.5079816 7.0567969 -0.018588588 0.012287499 0.209824 0.5
5.432332 6.7945276 -0.00065131285 -0.019344518 1.770879 0.5
10.342153 2.8883667 -0.001515899 -0.0075216887 4.791815 0.5
10.885772 27.08155 0.042042648 0.015227483 2.522673 0.5
2.8047933 16.252556 -0.0287117 -0.074180712 3.232151 0.5
17.013788 21.739784 0.051359994 -0.14621911 0.943125 0.5
19.215473 25.247181 0.09181876 0.069804776 1.031271 0.5
5.8079678 4.6994312 0.095516256 0.014458422 1.523797 0.5
4.6068446 17.243541 0.049965332 -0.0047211405 1.787492 0.5
2.0839501 9.9857783 -0.0026172137 -0.019469849 3.056837 0.5
5.7574797 17.490008 0.054470723 -0.07352473 3.332967 0.5
5.1783944 24.119132 -0.12371705 -0.018732646 3.889918 0.5
17.712434 26.751438 -0.0091923869 0.0027285709 1.775857 0.5
6.5094014 7.5825114 0.072434804 0.052113705 4.33857 0.5
27.023373 16.813733 -0.017307498 0.10778816 2.652322 0.5
11.278684 8.053921 -0.011654655 -0.087533373 1.360759 0.5
20.256335 3.373169 -0.0039955879 6.1511644e-05 1.350476 0.5
16.883955 22.831533 0.071593997 0.0046492286 3.139709 0.5
12.517239 11.018544 -0.022713628 -0.043685033 3.877928 0.5
2.813375 13.015706 0.051138059 0.10412054 4.111005 0.5
7.6073768 25.594979 -0.11276871 0.10655047 4.354529 0.5
24.027776 18.719371 0.092928321 -0.081146852 1.958136 0.5
3.2711167 19.792065 -0.079711315 0.096055642 1.935129 0.5
11.08466 16.674541 -0.11624379 -0.11442732 0.983243 0.5
8.9690691 7.6148539 0.0048286347 -0.18858871 4.524452 0.5
10.238982 10.777593 0.058430667 0.023154238 4.628506 0.5
11.051215 24.842014 0.024809345 -0.18455145 4.619789 0.5
4.2211635 6.711607 -0.023777302 -0.022403428 6.246698 0.5
7.7048598 23.113237 -0.026625445 -0.060072528 2.597917 0.5
8.8325099 13.822846 0.025223322 -0.036612282 5.540445 0.5
5.722266 3.5360087 -0.049190101 -0.0090186471 1.135786 0.5
14.020989 7.5220561 0.0034624089 -0.043843356 0.649744 0.5
0.63315059 14.18233 -0.20105868 -0.073424342 4.647872 0.5
10.473339 15.059473 0.033725071 0.0036950626 3.116928 0.5
7.5302676 9.710065 -0.024827114 0.039904081 1.058365 0.5
9.966527 24.172283 0.10284684 -0.11168853 1.223223 0.5
9.9412525 16.653608 0.095173448 0.041767716 6.185729 0.5
13.266172 25.337333 0.057720598 -0.30723527 5.03693 0.5
10.18597 8.6403965 0.064171008 -0.047316528 0.158334 0.5
6.3132218 6.0949104 0.013707673 0.01481235 0.09489 0.5
15.274176 7.3242155 -0.010349614 0.042040928 3.182579 0.5
8.2524068 12.538632 0.017169709 0.048497822 5.999337 0.5
13.066232 1.4289391 -0.0015137425 0.006294399 0.712677 0.5
3.0605116 9.2317112 -0.018809418 0.0033264612 1.70588 0.5
2.4462972 8.1930488 -0.0218577 0.017180038 5.092516 0.5
12.015546 22.774484 -0.074591317 0.16365096 0.506989 0.5
19.551054 22.800769 -0.12975566 0.19003309 4.452103 0.5
2.8922758 11.855599 -0.010075515 0.041904738 3.429354 0.5
15.676893 6.164582 0.011616819 0.0063738968 5.942963 0.5
4.8293965 14.759052 0.057546741 0.044454657 2.062723 0.5
3.518795 7.8579251 0.059293043 -0.016586382 2.598321 0.5
16.332127 20.733785 0.14929211 0.032946069 6.159219 0.5
21.574408 22.998911 -0.041142826 0.027877525 1.488917 0.5
3.897439 5.1933668 0.013551264 0.0097290871 1.927238 0.5
22.051421 11.336885 0.10000689 0.13670357 3.98558 0.5
6.8752055 5.0764525 -0.0078652481 0.011993108 3.515453 0.5
18.009406 25.426707 0.076666201 0.094038644 3.362574 0.5
23.958111 17.508133 0.19762377 0.20084842 2.617045 0.5
11.928567 0.98984429 0.042225068 0.098826076 4.416501 0.5
7.4576372 17.748225 -0.047007912 -0.0035503616 2.357123 0.5
11.505928 26.128064 -0.019621941 0.052832665 0.027213 0.5
12.720871 14.004396 0.020242115 0.020361607 3.270335 0.5
10.266644 21.808682 -0.0025884655 -0.0014030636 5.133302 0.5
8.3191386 10.623603 -0.0039719578 0.024379615 4.163048 0.5
19.34724 5.3330568 -0.0022627483 -0.016430046 3.93618 0.5
1.8434082 13.680298 -0.0011504898 -0.0068439909 5.951127 0.5
12.402268 9.2742547 0.026419938 -0.023633053 4.082451 0.5
4.1631397 8.9045447 -0.016079717 -0.0097575992 1.780305 0.5
13.909574 3.2774851 -0.0021757461 0.0032251821 2.847882 0.5
5.6874623 12.905756 -0.045629476 0.054770544 1.767937 0.5
2.6836132 20.745541 0.031091997 -8.5169955e-05 0.00135 0.5
3.0992161 21.834942 -0.058226582 0.13538095 5.312468 0.5
1.0162678 17.498167 0.001943201 -0.16036643 0.320289 0.5
24.092033 14.019674 0.022304442 0.0057506618 0.581132 0.5
11.360879 19.108721 -0.10907473 -0.024500336 3.087421 0.5
22.539899 15.164944 0.022749092 -0.014153683 3.560403 0.5
9.9738062 1.3788781 0.019169745 -0.078363385 0.555117 0.5
7.7337983 15.394306 0.05140964 -0.06883514 6.220608 0.5
17.599571 19.007893 -0.60188005 0.13565639 5.652715 0.5
0.64003297 12.974642 -0.06550489 0.025999408 0.827952 0.5
3.6864876 18.696275 0.021942362 0.13973707 1.054048 0.5
18.575735 23.646745 0.013019595 -2.9745718e-06 0.319962 0.5
7.1757212 14.338285 0.02806317 0.016556342 2.464344 0.5
15.061002 23.424805 0.030922064 0.060493891 3.780782 0.5
20.031905 24.183626 0.030437822 0.040333941 0.745414 0.5
7.382523 11.331557 0.037972682 0.075546337 3.348875 0.5
4.6320551 13.639028 -0.0060108656 0.072777243 5.365761 0.5
6.5715314 25.030642 -0.021656517 -0.035449915 0.445642 0.5
23.115588 19.607231 0.030163127 0.51626997 2.979068 0.5
12.86959 15.877166 -0.09303487 0.036041373 2.813895 0.5
18.814095 26.45441 0.00016059841 -0.0025001048 4.039246 0.5
24.514429 21.732651 0.1189825 -0.070790319 4.602055 0.5
12.544305 7.1118686 -0.0027629023 0.030817166 1.676583 0.5
5.6388108 8.3445533 -0.013793415 0.020786505 1.207935 0.5
7.9999831 3.3639547 -0.0068996214 -0.021166188 6.164191 0.5
20.969341 14.905065 0.36729442 -0.13609579 1.491784 0.5
10.845026 12.395247 0.023789254 -0.063474407 6.269379 0.5
23.064233 13.110114 0.016210165 -0.0022367037 0.35856 0.5
15.333409 27.242952 0.018954938 0.02801911 0.326238 0.5
11.990984 27.262787 -0.011298596 0.1136331 1.608548 0.5
13.891831 0.59516663 -0.0014184638 -0.001631924 2.616667 0.5
13.119971 27.39191 0.014322368 0.049173928 0.410672 0.5
4.2897597 23.273 -0.018180535 -0.01038311 3.210668 0.5
10.326744 23.103282 0.02356799 0.20138398 0.309541 0.5
13.291418 23.064256 0.026896649 -0.01154778 1.761874 0.5
14.383728 25.032128 -0.0095631832 -0.16868429 4.731547 0.5
7.1567194 19.941721 0.035197873 0.0028136211 0.313065 0.5
12.677771 19.546241 0.088168367 0.010204684 0.087229 0.5
12.853902 24.265882 0.089472312 -0.045002852 5.713071 0.5
20.337621 10.225717 -0.027701657 -0.052454115 0.34983 0.5
7.7160394 24.474447 0.016143794 0.068604811 2.015368 0.5
3.5385692 15.396828 0.068201031 -0.039726632 0.42176 0.5
1.5088025 14.988942 0.02210767 -0.24843876 5.580866 0.5
3.0153392 10.722283 -0.015223266 -0.009894873 4.066321 0.5
8.2671912 19.804485 -0.021079029 -0.0018437846 5.863794 0.5
16.878999 5.035211 -0.0021034748 0.0044824347 5.355125 0.5
7.7765357 2.1637322 -0.012214348 -0.062882709 5.404824 0.5
0.76875816 11.713351 0.36462996 -0.062547316 1.361005 0.5
18.119245 2.8272887 -0.0051645823 0.01545843 5.19755 0.5
22.337731 21.865058 0.029843891 0.1239671 5.853071 0.5
5.9588938 20.491497 0.087523852 -0.14043564 2.830697 0.5
11.329882 6.7305472 0.041109725 -0.0018019868 3.251414 0.5
3.1544824 6.0587708 -0.019614253 0.03515587 3.305262 0.5
12.143815 2.4485993 0.084282466 0.046431816 3.841898 0.5
12.131145 12.850973 0.055076379 0.023456674 4.917041 0.5
9.0747314 9.2048361 -0.039473677 0.036949275 1.726803 0.5
0.84691707 16.001555 -0.027319712 -0.0082312239 2.534849 0.5
4.6610566 7.7750907 0.04487011 -0.027577601 1.985571 0.5
8.8572756 25.074458 0.041809153 -0.10273272 5.636684 0.5
9.1602558 3.2092541 -0.0099275611 -0.040980457 0.642493 0.5
21.757136 24.148558 -0.061921018 0.095802578 5.796573 0.5
4.9129374 12.026151 0.045055981 0.059634894 4.738871 0.5
3.4866135 17.157388 0.039574436 -0.049552211 1.568073 0.5
10.039255 7.2020154 0.047814263 0.025092239 2.749741 0.5
2.524992 18.751898 0.091422693 -0.031898269 1.171823 0.5
22.084936 14.004814 -0.15964763 -0.054214885 2.226958 0.5
25.075689 11.698345 -0.0034877465 -0.028454671 1.548545 0.5
23.215734 5.7397373 0.013857918 0.020533245 3.653333 0.5
4.6968777 19.568054 0.028506512 -0.096723721 4.394256 0.5
9.3511681 12.146732 0.0053058282 0.021504083 0.605652 0.5
15.759096 25.15501 -0.03788963 -0.079054389 3.106146 0.5
6.6021465 16.47125 0.026598468 0.050756996 3.095002 0.5
5.5416226 15.954003 -0.096692942 0.17367792 1.841384 0.5
12.541919 17.753295 0.051030469 0.025056889 6.034028 0.5
22.952629 18.439059 0.21912861 -0.15897609 1.857551 0.5
7.7425589 16.624055 0.2060049 0.038336879 1.702664 0.5
17.038055 2.4481671 -0.0027433407 -0.0091653861 1.16125 0.5
9.597564 20.023481 0.0022368937 -0.0023753758 4.720586 0.5
4.990649 18.30596 -0.064403017 -0.075908739 0.205718 0.5
20.322993 20.689264 0.013336943 0.035436044 5.820667 0.5
16.053532 1.2357397 0.0040583732 -0.0073856909 3.894129 0.5
13.952686 8.6463215 0.10569446 0.013762452 3.074393 0.5
12.359621 21.508892 0.066389444 0.046961475 0.467747 0.5
25.787593 19.598853 0.0034211641 -0.023421836 5.60533 0.5
6.3853389 23.904069 0.094659332 0.074229844 6.227367 0.5
20.333473 21.875556 0.29792121 0.12228526 5.177094 0.5
9.04566 22.488105 -0.027899262 -0.0084584129 0.203779 0.5
6.2134183 10.235808 -0.0060068093 0.011040319 6.095105 0.5
17.54137 24.086536 0.031262227 -0.027903052 5.150288 0.5
23.49337 11.6986 0.02567523 -0.16629097 3.059892 0.5
20.421178 17.651159 0.48925106 0.23150267 3.692189 0.5
6.6344768 22.647251 0.13805871 -0.23478352 3.246869 0.5
11.602293 4.0978108 0.02132055 -0.046005489 2.032293 0.5
15.942998 13.864722 0.11119502 0.17336095 6.136396 0.5
12.160693 25.149105 -0.019586502 0.10829868 4.563161 0.5
23.39056 9.5592399 0.80489643 -0.91399001 5.916686 0.5
22.561415 16.593068 0.1085618 0.051030566 1.344992 0.5
25.936216 15.993482 0.0020663849 -0.032708889 3.633442 0.5
24.430081 12.840386 -0.023015982 0.036469742 2.78777 0.5
18.091291 22.62107 0.18172699 0.12166766 1.483056 0.5
21.412832 21.027321 0.23627293 0.080091015 0.879468 0.5
9.9151555 4.2039516 0.0029393379 -0.0099171117 4.923104 0.5
12.316976 5.8025657 0.027026626 -0.032041251 5.350229 0.5
16.92886 17.557389 -0.064684071 0.06184746 1.508644 0.5
2.6103587 14.731462 0.14654233 -0.16447835 4.32761 0.5
25.284525 20.745049 0.26831374 0.10836646 1.3724 0.5
6.0238743 11.830417 0.07613181 -0.081816897 2.64206 0.5
8.78635 17.143005 -0.16757925 -0.20077332 2.466218 0.5
24.664345 16.427914 0.40328823 -0.51193683 0.69625 0.5
5.8670603 19.21909 -0.015231377 -0.30537872 0.502972 0.5
1.9365041 11.192329 0.082376415 0.049390471 4.066135 0.5
6.0107714 14.747767 0.05157184 0.0213556 3.026607 0.5
8.7481308 4.555939 -0.02078463 0.017104649 6.171553 0.5
19.175552 21.58986 -0.10524461 0.40907632 3.767955 0.5
5.1664133 10.852724 0.0047323972 0.051709096 5.349705 0.5
13.952402 5.8343599 0.069567087 -0.059731227 3.28374 0.5
6.6028091 21.505782 0.15477772 0.10732796 1.964272 0.5
11.720682 23.847048 -0.12984786 -0.023437246 1.170799 0.5
13.456763 21.895294 -0.086174655 -0.076091524 0.802835 0.5
4.7355047 4.3284934 0.045495834 -0.057988371 5.063896 0.5
20.199052 25.920165 -0.030124805 -0.17019049 2.243796 0.5
19.033711 1.6045568 0.0084432991 -0.0014145642 5.270568 0.5
6.9604214 12.564776 -0.0027594926 -0.074633811 5.757172 0.5
8.4765969 18.421216 0.016539459 0.10651421 5.271397 0.5
20.986242 25.132635 0.0218315 -0.02048925 3.151318 0.5
8.9796907 6.4560905 -0.0056785062 -0.022776179 0.221595 0.5
4.494474 20.711715 0.28036068 -0.18219229 1.510648 0.5
5.439615 21.690122 0.051550773 0.056104538 5.29405 0.5
1.7679131 16.661668 0.15188576 0.10878534 2.737677 0.5
3.5604707 14.1497 -0.12674338 -0.04770642 4.134415 0.5
1.8351205 19.739498 -0.039771976 -0.18379429 1.432456 0.5
7.0245816 3.962363 -0.044658801 0.035701297 2.840655 0.5
7.8773729 8.4333912 0.031116514 -0.10252097 2.899005 0.5
21.39835 18.263894 -0.024095561 0.2142433 4.137855 0.5
15.102618 18.421753 -0.060997673 -0.096973074 1.992807 0.5
13.996926 26.679698 -0.098703045 0.037064167 0.375558 0.5
9.9030881 5.4000311 0.028072282 0.00015220533 0.629977 0.5
7.0500957 18.788402 -0.05681217 0.095573269 5.301885 0.5
5.5339142 22.936346 -0.030869973 0.0076844488 1.197725 0.5
7.7382255 21.885791 0.018785476 -0.051988125 2.939026 0.5
8.8369479 1.7549474 0.016158428 0.024550559 3.912909 0.5
7.3391866 6.6301425 0.00021938242 -0.052345713 3.115045 0.5
16.330163 24.021714 0.13213482 -0.17412636 1.662001 0.5
8.6665833 26.312396 -0.01233492 -0.071266729 0.131507 0.5
