# x y vx vy theta radius
14.763235 10.430292 0.99454965 0.58132239 2.5247224 0.5
26.296559 18.478046 0.020046692 -0.011580615 1.764168 0.5
2.6981295 9.7118054 0.051288403 0.14832231 3.951996 0.5
12.06072 24.121207 -0.060031715 0.0018787467 4.259518 0.5
5.5686118 17.831024 -0.00035693716 -0.00050009663 1.882067 0.5
6.9361932 20.218757 0.0010697727 -0.0013797503 0.92276 0.5
21.387663 18.369476 -0.037935635 0.01430059 4.981497 0.5
11.168985 18.849635 -0.057835773 -0.030920253 0.663689 0.5
10.499962 16.658375 0.01920503 0.017435047 4.599871 0.5
15.886975 12.952069 0.80147023 0.042609634 3.315122 0.5
15.028573 24.997031 0.0018774566 -0.0093445456 5.224588 0.5
2.9884546 14.535714 -0.050913835 0.034324497 4.739779 0.5
1.4750667 18.65 -0.072185541 0.083861528 0.624425 0.5
19.5276 12.407558 0.084514441 -0.048870354 0.734434 0.5
3.3006006 13.062566 0.1014015 -0.1045928 4.989084 0.5
4.5587166 16.796977 0.00074773483 -0.00023396791 2.508867 0.5
10.897946 23.802366 -0.020961822 0.059810506 5.939565 0.5
15.871026 26.048332 -0.040300719 0.031553792 0.028815 0.5
15.268475 27.360411 -0.0090265168 -0.0058142819 3.449449 0.5
20.253031 17.793321 -0.020711747 0.030011247 0.592282 0.5
27.266984 14.362293 0.0037667098 0.0090165826 6.045768 0.5
8.1465249 17.74429 0.0016054666 0.00083236466 0.890473 0.5
12.595241 18.541249 0.0020189 -0.025685413 2.353219 0.5
13.185606 24.141678 0.0056957476 -0.015223278 1.672869 0.5
18.746648 19.540078 0.031223153 -0.031975497 4.21507 0.5
24.275904 12.973408 -0.0066699883 -7.0338718e-05 0.4829 0.5
4.540837 21.133 -0.00024028739 -0.00064056143 6.274711 0.5
23.077888 19.972408 0.0071228843 0.016022155 1.301021 0.5
5.9524207 19.296479 -1.3170901e-05 0.00051871788 3.538852 0.5
6.8217004 17.308273 -0.00029953794 0.00014888145 1.72413 0.5
12.318689 22.990957 -0.032737961 0.02776381 0.779811 0.5
12.354638 11.202364 -0.041754682 -0.20723872 1.209651 0.5
10.896508 12.304492 -0.30581311 0.30477521 5.377079 0.5
8.4865187 5.84463 0.0041066369 -0.00092936744 3.122843 0.5
4.7933167 19.810053 0.00037203756 0.0012509127 4.105439 0.5
18.58226 25.572068 -0.027365476 -0.0010159792 2.246795 0.5
14.466641 23.997134 -0.016513141 0.013422783 3.468535 0.5
14.764286 20.837266 0.0075974066 0.016338754 5.532293 0.5
16.465921 16.888335 -0.050035168 -0.035654869 0.531572 0.5
5.793302 13.844185 0.0026555468 -0.0032415703 5.261584 0.5
17.968204 21.918978 -0.010933401 0.014059899 0.040113 0.5
24.215607 19.934056 0.0084994205 -0.013538041 4.576591 0.5
17.919483 23.125965 0.0090599248 0.0089466714 0.209824 0.5
19.462806 10.610766 -0.00035396505 0.0041176838 1.770879 0.5
10.062737 24.575643 0.0031624036 -0.0053373941 4.791815 0.5
11.238877 24.892597 -0.016120289 0.032410502 2.522673 0.5
8.2516345 22.752298 0.00067360706 -0.0013633209 3.232151 0.5
19.172489 18.405784 -0.017660552 -0.014379656 0.943125 0.5
15.201184 19.662445 0.015823476 0.031949225 1.031271 0.5
4.8389287 15.434189 0.00017882789 -0.00039501457 1.523797 0.5
9.7811832 14.00054 -0.071996589 0.055835386 1.787492 0.5
16.298056 24.999322 -0.02886356 -0.035398631 3.056837 0.5
5.8320049 20.421741 -0.00058053479 0.0016857419 3.332967 0.5
14.313706 12.332543 0.19146103 0.37335413 3.889918 0.5
25.300331 13.51101 -0.00013318041 -0.00750151 1.775857 0.5
17.795997 18.811838 -0.033245364 0.062174796 4.33857 0.5
24.80729 20.928863 -0.029420659 0.0087799868 2.652322 0.5
17.640933 20.030171 -0.0031775587 0.051892636 1.360759 0.5
20.817007 21.04392 -0.059004831 -0.048680781 1.350476 0.5
24.927643 8.1979912 -0.0069706041 0.0063161975 3.139709 0.5
16.419695 27.104301 -0.0083190882 0.00090324753 3.877928 0.5
15.842432 21.357336 0.0097288397 -0.019640729 4.111005 0.5
21.664356 14.478864 1.7900808e-05 0.0081643344 4.354529 0.5
7.9602885 19.426858 -0.052262043 -0.063054729 1.958136 0.5
9.3875804 26.572435 -0.0013439862 0.00035517868 1.935129 0.5
7.9998038 24.739306 -0.0061046844 -0.015726225 0.983243 0.5
11.494487 19.965046 -0.037455315 0.087320398 4.524452 0.5
22.475568 17.995287 -0.01229066 -0.0021613362 4.628506 0.5
3.4288646 19.890643 -0.0012969301 0.0019772686 4.619789 0.5
12.566308 25.120847 -0.044849411 0.0023318574 6.246698 0.5
9.4280154 17.469011 -0.10591125 0.12340517 2.597917 0.5
0.59803502 13.972249 -0.031377906 -0.013050794 5.540445 0.5
18.151107 26.758297 0.019535203 0.093057144 1.135786 0.5
15.684306 10.940795 0.13734896 0.098092256 0.649744 0.5
1.6608612 14.437712 -0.035579429 -0.051901072 4.647872 0.5
4.4462021 18.62355 0.00094673723 0.00031004369 3.116928 0.5
12.932268 19.733233 -0.062997193 -0.04545074 1.058365 0.5
21.290095 19.929308 -0.019390852 -0.010946499 1.223223 0.5
20.092198 22.465719 0.017314542 0.036416912 6.185729 0.5
2.2437252 19.921509 0.00012750013 -0.00029578634 5.03693 0.5
16.630514 12.028821 0.040887436 -0.0214944 0.158334 0.5
20.813942 12.32702 0.016720153 -0.020106115 0.09489 0.5
8.2773245 16.553309 -0.051520719 0.036090965 3.182579 0.5
7.0590031 22.362344 -0.104458 0.117105 5.999337 0.5
26.109811 16.193233 -0.0054774626 -0.0066124647 0.712677 0.5
9.2454223 18.767077 -0.00012786399 0.00020769222 1.70588 0.5
7.3410295 13.512265 0.058001109 -0.02670594 5.092516 0.5
10.654407 10.164751 0.001195719 0.016268915 0.506989 0.5
8.9728407 23.865028 -0.001639529 0.00098193734 4.452103 0.5
4.6743132 5.4477297 -0.00037729662 -0.0018615133 3.429354 0.5
10.030649 20.182703 0.000866019 0.0055144209 5.942963 0.5
22.695657 22.02467 0.022149802 0.028832725 2.062723 0.5
19.026185 16.621542 0.027833849 0.057481923 2.598321 0.5
8.3739493 14.143565 -0.092460966 0.056186953 6.159219 0.5
20.342126 19.06676 -0.012033838 -0.01934269 1.488917 0.5
18.708789 8.3869096 0.12480406 0.0080842872 1.927238 0.5
1.0177361 15.777463 -0.05500562 -0.013621324 3.98558 0.5
17.087172 21.140486 -0.034563989 0.029004186 3.515453 0.5
20.660142 24.41048 -0.01227067 0.007205521 3.362574 0.5
12.945324 27.335043 -0.03905617 0.0031367318 2.617045 0.5
5.4449372 21.816382 -0.00061241534 -0.00020620693 4.416501 0.5
9.2519838 21.978436 -0.010838088 -0.014658913 2.357123 0.5
13.551599 17.566446 -0.00052100148 -0.035207255 0.027213 0.5
25.628007 17.243919 0.023516663 -0.015470609 3.270335 0.5
23.106859 11.113371 -0.014633202 -0.016672502 5.133302 0.5
11.307126 26.009494 0.0026888329 0.03455996 4.163048 0.5
22.327482 19.130297 -0.0019464448 0.0028725822 3.93618 0.5
2.2303183 17.797051 0.060248162 0.052070784 5.951127 0.5
24.007617 16.322687 -0.010218147 0.0065662099 4.082451 0.5
15.664308 24.023738 0.025980185 -0.0030370198 1.780305 0.5
23.78664 5.7256198 -0.035118789 -0.027760039 2.847882 0.5
11.700191 21.701525 -0.04268873 -0.0018662395 1.767937 0.5
12.918811 22.0263 0.0064187664 0.010893969 0.00135 0.5
10.222698 25.699174 -0.0024622228 0.0012364399 5.312468 0.5
24.947692 18.862333 -0.0011665058 -0.0036809874 0.320289 0.5
0.94103517 12.85231 0.0018532618 -0.00056191706 0.581132 0.5
23.324622 21.093681 -0.041096337 0.0064344213 3.087421 0.5
13.874201 25.21478 0.0027369479 0.022812756 3.560403 0.5
3.0911718 18.589332 -0.0004447381 0.00066648593 0.555117 0.5
13.632761 26.304635 -0.01429055 0.027306819 6.220608 0.5
5.355167 3.8520524 -0.10655471 0.23109308 5.652715 0.5
9.9229286 22.887346 -0.02926446 0.023848214 0.827952 0.5
15.455485 22.600273 0.079883664 0.035425868 1.054048 0.5
18.724688 24.015946 -0.0046849216 -0.0014117368 0.319962 0.5
18.709013 5.25689 -0.078461113 0.06199575 2.464344 0.5
24.638222 22.17159 -0.0041536785 0.0052778463 3.780782 0.5
6.5364677 21.310192 -0.00099116287 -0.00085445504 0.745414 0.5
24.612081 6.6459137 -0.0069902639 0.033708952 3.348875 0.5
24.344315 11.284164 -0.022538164 -0.018610126 5.365761 0.5
22.693574 24.178224 -0.00015204779 0.015909495 0.445642 0.5
23.806131 8.5520304 0.0037946851 -0.015941804 2.979068 0.5
11.075854 22.699325 -0.046377718 0.0082003774 2.813895 0.5
27.291906 13.045342 0.033260936 -0.011855976 4.039246 0.5
14.140348 27.361937 -0.0070597949 0.023787412 4.602055 0.5
17.356176 25.731393 -0.048674619 0.034811587 1.676583 0.5
1.2258382 11.609504 0.18497937 0.11730996 1.207935 0.5
23.245304 9.6188404 -0.03923994 -0.026860118 6.164191 0.5
7.4203996 14.736795 0.050267659 0.011650737 1.491784 0.5
26.644431 9.9691839 0.021346746 -0.00080976566 6.269379 0.5
2.3007193 15.438967 -0.087491798 0.08480236 0.35856 0.5
14.428391 18.607508 0.043799357 -0.053301039 0.326238 0.5
7.1594423 15.995553 -0.079707748 0.21331718 1.608548 0.5
15.497354 14.107578 -0.089782152 0.48114066 2.616667 0.5
22.312334 23.110544 0.0047274671 0.017570784 0.410672 0.5
23.663611 18.555843 0.01272126 -0.0098020181 3.210668 0.5
20.477281 13.561064 -0.0077469333 0.0060545573 0.309541 0.5
5.1087428 12.488508 0.0024536782 -0.0025176557 1.761874 0.5
20.421766 16.359661 -0.023701037 0.0084752556 4.731547 0.5
11.591757 3.4582928 -0.018290953 -0.063149005 0.313065 0.5
25.049543 9.4410592 0.0095086966 0.014001758 0.087229 0.5
6.6662931 9.4471217 -0.14222203 -0.12789767 5.713071 0.5
19.359803 21.477825 -0.049213605 0.017196682 0.34983 0.5
6.1534004 15.221895 0.017225282 0.058493369 2.015368 0.5
7.0569775 7.9557886 -0.026938742 0.015949424 0.42176 0.5
10.529087 26.82504 -0.01179886 0.014709896 5.580866 0.5
5.7090357 16.41548 0.0010983769 -0.0017076886 4.066321 0.5
21.603937 6.3069646 -0.039122085 0.0087822665 5.863794 0.5
22.922257 12.29185 -0.0091445229 0.013300445 5.355125 0.5
25.796392 14.553859 -0.0083733516 -0.013689845 5.404824 0.5
3.7279108 17.551565 -2.3232159e-05 3.3304211e-05 1.361005 0.5
18.120248 6.5140254 -0.028420963 -0.081813576 5.19755 0.5
11.135684 17.638602 -0.0487466 0.032722234 5.853071 0.5
19.586037 24.856442 -0.00048831081 -0.013386764 2.830697 0.5
27.095348 11.347465 -0.030209143 -0.01096893 3.251414 0.5
8.2986979 26.150556 -0.021055807 0.011646577 3.305262 0.5
22.72463 4.7210541 -0.013385805 -0.026330556 3.841898 0.5
15.67254 18.259224 -0.035279516 0.04604981 4.917041 0.5
12.848925 12.189213 -0.24289962 0.27015406 1.726803 0.5
21.440208 16.872467 -0.010941251 0.0015728767 2.534849 0.5
22.222483 3.4171926 -0.0089019139 -0.025178394 1.985571 0.5
6.3548181 11.930114 -0.072068635 -0.0063116513 5.636684 0.5
5.7374815 23.016749 -0.00010175399 0.0001523817 0.642493 0.5
23.760214 23.181596 0.0012195195 0.0100798 5.796573 0.5
12.808587 16.518184 0.062219411 0.1264259 4.738871 0.5
24.862214 15.240179 0.010511344 -0.00026867207 1.568073 0.5
17.514997 24.219067 -0.018168198 0.020900569 2.749741 0.5
9.7708281 15.514428 -0.072086213 -0.092496656 1.171823 0.5
22.153598 15.57334 0.0027442601 -0.0089290783 2.226958 0.5
14.778628 26.294347 0.0049041522 0.064373066 1.548545 0.5
3.5483341 16.246314 -0.00041136593 0.0011981265 3.653333 0.5
23.026138 16.976225 -0.034189098 -0.0075126783 4.394256 0.5
20.654385 25.553029 -0.0052598541 -0.017820703 0.605652 0.5
12.459916 26.248368 -0.0058221247 -0.0031117962 3.106146 0.5
7.2503091 25.593066 -0.0015258734 -0.0021001356 3.095002 0.5
16.923596 17.937533 0.033691336 -0.011623224 1.841384 0.5
22.099909 20.897389 -0.020303442 -0.00031328255 6.034028 0.5
16.648774 22.25517 0.0317657 0.039702523 1.857551 0.5
6.8137189 23.524582 -0.0024011288 -0.0029749023 1.702664 0.5
10.55213 21.450261 -0.00070077449 -0.0022306348 1.16125 0.5
14.409078 22.18333 0.033485606 0.040569895 4.720586 0.5
21.411127 10.718126 -0.01438242 -0.0093226742 0.205718 0.5
6.5636113 24.635818 -0.0045777683 0.00080930076 5.820667 0.5
3.2823935 8.6184437 0.015685778 -0.06226942 3.894129 0.5
19.564081 15.517733 -0.0017958081 0.011559422 3.074393 0.5
16.515933 19.086513 -0.0082932442 0.027301182 0.467747 0.5
4.5540474 23.270546 0.00010627115 -9.1094679e-05 5.60533 0.5
19.68535 26.177155 -0.014060952 -0.05084463 6.227367 0.5
7.8632099 21.454944 -0.00093732835 -0.0023489335 5.177094 0.5
3.5747549 22.480161 0.00065315147 -0.0010136812 0.203779 0.5
11.67499 27.115213 -0.041990294 0.046142243 6.095105 0.5
25.921987 20.092316 0.0024521389 0.0013403438 5.150288 0.5
8.6059542 8.3167548 0.025608811 -0.036932121 3.059892 0.5
16.771062 10.61705 0.014855663 0.044944797 3.692189 0.5
13.416482 20.840556 -0.02058104 -0.012933889 3.246869 0.5
20.693915 15.037086 0.019830356 -0.0070353369 2.032293 0.5
2.3982597 7.5289628 -0.1144203 -0.12458782 6.136396 0.5
5.3720037 24.22362 -0.0018345129 -0.0050483734 4.563161 0.5
2.7846637 21.003022 0.00095327366 0.0016778865 5.916686 0.5
25.266225 10.608217 -0.0047350533 -0.00046431263 1.344992 0.5
2.2950995 16.619238 -0.0029770097 -0.003818661 3.633442 0.5
21.628816 24.971968 -0.0086772647 -0.086382414 2.78777 0.5
13.567473 23.089027 -0.036350792 -0.021531812 1.483056 0.5
17.52446 16.115645 -0.038836337 -0.027180383 0.879468 0.5
9.0678444 25.337855 -0.020332318 0.015331835 4.923104 0.5
16.832643 13.457578 0.066248948 0.0062806174 5.350229 0.5
7.0503372 18.746138 0.00097397515 0.0019414342 1.508644 0.5
15.065273 17.306757 0.012329253 -0.033413819 4.32761 0.5
21.157259 23.262773 0.030187564 -0.0018918631 1.3724 0.5
2.0887303 12.455036 -0.059983718 0.11312844 2.64206 0.5
21.679714 13.096371 -0.0087936452 0.0024411738 2.466218 0.5
23.373911 15.265039 -0.018649631 0.0035105975 0.69625 0.5
24.265353 14.21329 -0.0089664904 -0.011888663 0.502972 0.5
1.0757798 17.246511 0.14593182 0.19240919 4.066135 0.5
14.819153 3.1231428 0.45093714 -0.3807687 3.026607 0.5
26.018088 11.726753 -0.012498354 -0.012038838 6.171553 0.5
12.308725 20.753633 0.01672476 0.054858175 3.767955 0.5
6.6960978 3.4556202 0.027790959 0.076297238 5.349705 0.5
16.215963 20.272563 0.0059304844 -0.073493485 3.28374 0.5
18.430391 20.842016 -0.026967608 -0.022650454 1.964272 0.5
21.307419 22.04776 0.035936207 -0.069710178 1.170799 0.5
19.850021 20.40891 0.010116123 0.013843224 0.802835 0.5
18.980639 22.568237 -0.0067400385 -0.00030220661 5.063896 0.5
10.858362 15.029285 0.015692538 0.02027325 2.243796 0.5
15.256098 15.991735 0.0077520955 0.040732952 5.270568 0.5
16.755281 23.389412 -0.013408647 0.01032543 5.757172 0.5
1.4644609 9.5093561 -0.072925855 -0.11686117 5.271397 0.5
6.3178474 4.853634 -0.0028774599 -0.00044673077 3.151318 0.5
4.6088059 14.288484 0.0065907165 0.021120787 0.221595 0.5
22.98406 13.420943 -0.02030554 -0.011947814 1.510648 0.5
18.321944 12.541616 -0.030227817 -0.079520614 5.29405 0.5
19.808799 23.610398 0.0055220465 0.03003913 2.737677 0.5
27.01553 15.478025 -0.021201866 -0.015882577 4.134415 0.5
20.358569 7.5503999 0.0037954277 -0.0040412657 1.432456 0.5
4.4321059 6.8859052 0.069660123 -0.19275456 2.840655 0.5
18.23304 17.576311 0.052883976 0.014641869 2.899005 0.5
18.190426 11.301857 -0.075849742 -0.0060534236 4.137855 0.5
6.369637 6.9091191 -0.033936763 -0.037481207 1.992807 0.5
17.877078 9.5802166 -0.067822885 0.037548891 0.375558 0.5
7.7906291 2.2671488 -0.048879532 -0.09296474 0.629977 0.5
27.047128 16.922027 -0.0070313783 -0.009351708 5.301885 0.5
16.722273 15.240097 0.0080464187 0.022450252 1.197725 0.5
17.822909 14.970838 -0.046794926 -0.011395621 2.939026 0.5
11.092568 13.627487 -0.057586277 -0.046534856 3.912909 0.5
8.4499592 11.796239 -0.018551747 -0.053035626 3.115045 0.5
8.720249 20.455115 -0.013166089 -0.015613616 1.662001 0.5
24.082361 17.474088 -0.013567747 0.020635072 0.131507 0.5
