# x y vx vy theta radius
5.5438313 18.178815 -0.7772369 1.4648311 0.62805327 0.5
24.554834 17.405242 -0.006095174 0.0021330039 1.764168 0.5
15.406598 26.880356 -8.9439418e-06 -7.3592925e-05 3.951996 0.5
10.910263 7.5120823 -0.026275593 0.043097553 4.259518 0.5
12.908533 11.483978 -0.0073665891 0.012987696 1.882067 0.5
14.394603 22.049697 0.0064115282 0.0079576141 0.92276 0.5
18.975333 18.614721 -0.0076628318 -0.0040867536 4.981497 0.5
13.385314 8.8000692 -0.0034130795 0.022121698 0.663689 0.5
11.710983 22.885691 0.026167132 -0.025401416 4.599871 0.5
14.734421 7.4512946 -0.01023923 0.002098946 3.315122 0.5
18.292755 23.07148 0.001352846 0.0030462429 5.224588 0.5
20.9315 5.2536007 -0.012235224 -0.0089567076 4.739779 0.5
23.251736 4.3115376 -0.0038856845 -0.025615653 0.624425 0.5
11.061078 18.176695 0.023025764 0.056704391 0.734434 0.5
18.444011 7.5863767 -0.015576524 0.0046120159 4.989084 0.5
24.810471 19.645401 0.0085238259 -0.0016061305 2.508867 0.5
17.095738 2.3692415 -0.0016362171 0.014780197 5.939565 0.5
13.196967 19.167873 -0.0048262038 0.0019139855 0.028815 0.5
12.403695 5.0056776 -0.012749024 -0.021362142 3.449449 0.5
12.738887 10.165644 -0.017480368 0.026895015 0.592282 0.5
27.305332 15.807913 -0.0093117333 0.056840126 6.045768 0.5
23.108225 7.5656813 0.010704719 0.003929832 0.890473 0.5
21.678803 9.9564444 0.02691226 0.0078708816 2.353219 0.5
11.211058 26.912085 -0.01095518 -0.0020813538 1.672869 0.5
26.31144 12.863166 0.0061828873 0.0044839386 4.21507 0.5
26.767756 17.996098 0.0023106251 0.0066672876 0.4829 0.5
21.994578 7.4166062 0.001597586 0.0099025371 6.274711 0.5
9.0103379 23.314661 0.070063798 -0.042552359 1.301021 0.5
21.196662 2.6591181 -0.0040833568 -0.0063540158 3.538852 0.5
24.659051 22.181762 -0.0036331267 0.0056328265 1.72413 0.5
13.96092 3.4685107 0.001222897 0.0042819294 0.779811 0.5
14.003582 10.475236 0.0031961051 0.012706784 1.209651 0.5
14.639654 8.5681096 -0.0036107742 0.021821085 5.377079 0.5
16.899661 21.175576 -0.00086058282 0.0025758502 3.122843 0.5
15.936991 16.440296 -0.015381837 0.0081405684 4.105439 0.5
13.348869 5.6218844 0.005380391 0.017817781 2.246795 0.5
21.343014 18.71476 0.011337409 0.0021139625 3.468535 0.5
23.111128 14.366057 0.00069309929 0.0044789372 5.532293 0.5
11.605202 25.840948 0.025043473 0.0036760733 0.531572 0.5
14.731063 13.864693 0.0022278445 0.030072439 5.261584 0.5
22.297143 22.945106 0.0044867321 0.0027187884 0.040113 0.5
17.534449 9.3911608 0.011793246 -0.068443223 4.576591 0.5
27.344138 13.441325 -0.0032577307 0.0051723425 0.209824 0.5
21.9898 6.0463591 -0.0072820934 0.013886114 1.770879 0.5
9.3670262 20.765061 -0.0014881129 0.0010802306 4.791815 0.5
27.027326 10.764537 0.0074375117 -0.011186063 2.522673 0.5
14.275351 12.139737 -0.0069906017 -0.0006203125 3.232151 0.5
14.393078 16.974148 -0.0054752472 0.0069180509 0.943125 0.5
19.042195 19.784373 0.0055132533 0.0059974698 1.031271 0.5
25.118163 11.831866 0.00057604444 0.019001484 1.523797 0.5
18.527151 6.2858002 -0.014161155 0.013579368 1.787492 0.5
20.014025 26.008541 0.00053740375 -0.0031304045 3.056837 0.5
22.825625 12.196497 0.0094769821 -0.0018668042 3.332967 0.5
15.996258 7.784535 -0.030432963 0.0052455207 3.889918 0.5
15.795111 20.116084 0.028483453 0.028845026 1.775857 0.5
21.346244 22.015295 -0.00090344698 -0.00030106558 4.33857 0.5
14.709741 2.3328158 0.0050498924 -0.017493119 2.652322 0.5
21.182118 23.127491 -0.0047050946 0.0048781942 1.360759 0.5
6.0883342 20.218466 0.040360199 0.2929821 1.350476 0.5
16.92462 24.147305 0.0026551272 0.00059525553 3.139709 0.5
1.4777023 18.255877 0.019104563 -0.073621866 3.877928 0.5
11.430203 19.26023 -0.029238018 0.091519526 4.111005 0.5
13.608975 15.983886 0.057568336 0.0022650381 4.354529 0.5
23.4199 17.599071 0.0020287753 0.0033138791 1.958136 0.5
15.429995 10.892522 -0.010083532 0.00098342397 1.935129 0.5
20.129734 18.615499 -0.010726897 0.014961314 0.983243 0.5
25.158587 13.237068 0.0013235266 0.00025088135 4.524452 0.5
23.297468 22.110499 -0.0031585466 -0.00021566729 4.628506 0.5
22.117645 17.760874 -0.0041755836 -0.0030023607 4.619789 0.5
23.849043 16.456496 0.003693156 0.0070418974 6.246698 0.5
6.7455986 22.524444 0.27894513 0.83564711 2.597917 0.5
19.919255 11.086652 0.01100957 -0.011191183 5.540445 0.5
19.092232 16.014267 -0.0096966565 0.0089793942 1.135786 0.5
14.218291 15.015124 -0.020443831 -0.0095588376 0.649744 0.5
12.113531 17.499338 0.0479068 -0.013064181 4.647872 0.5
7.2146878 18.245685 0.33293256 -0.23646151 3.116928 0.5
11.423823 20.414175 0.053700457 -0.11101956 1.058365 0.5
14.033755 20.357247 -0.024146755 0.02069144 1.223223 0.5
18.696132 24.225592 -0.0045988708 0.0019266497 6.185729 0.5
24.192264 21.003394 -0.009693634 -0.0055761506 5.03693 0.5
13.275503 13.45313 -0.025188281 -0.014019051 0.158334 0.5
25.991082 14.047167 -0.0018849569 0.0032963852 0.09489 0.5
26.355413 15.18923 0.002902448 0.0092644247 3.182579 0.5
15.90934 6.247347 -0.0014924196 0.010763276 5.999337 0.5
21.077971 8.8838987 -0.0077172533 0.0026679455 0.712677 0.5
19.850658 8.4470733 0.0082751207 0.0093856644 1.70588 0.5
18.529378 3.217633 -0.013845499 -0.0043855786 5.092516 0.5
25.619863 7.3327796 -0.0068513587 0.007949547 0.506989 0.5
7.6296861 25.205675 -6.085708e-05 -2.9349285e-05 4.452103 0.5
18.832252 1.9266144 0.024665969 0.016499711 3.429354 0.5
17.449657 8.2187543 0.0060647563 0.010215068 5.942963 0.5
18.633656 13.981498 -0.0011910908 -0.0013667111 2.062723 0.5
17.880407 21.901654 0.0033080962 0.00471463 2.598321 0.5
20.99929 6.6065535 -0.0012259171 0.0072799597 6.159219 0.5
16.268604 10.071013 0.0056681146 0.013238489 1.488917 0.5
7.1612139 10.994443 -0.029432269 0.023039576 1.927238 0.5
21.558287 15.355327 0.0018488922 0.011786303 3.98558 0.5
17.21392 14.560424 0.036497109 0.071348877 3.515453 0.5
23.052993 5.6195876 0.016533005 -0.0097836255 3.362574 0.5
25.933607 20.173954 -0.003087735 0.0044396544 2.617045 0.5
19.531952 23.274408 -0.0015052769 0.011103541 4.416501 0.5
25.705423 17.344485 9.1988089e-05 -0.0014655327 2.357123 0.5
15.057605 25.775766 0.0034237867 0.0069090213 0.027213 0.5
24.107369 18.63822 -0.00074251628 0.0016093729 3.270335 0.5
26.691095 9.6593043 -0.008872225 -0.017667383 5.133302 0.5
20.16292 22.221475 -0.0085569336 0.0065075411 4.163048 0.5
15.862466 18.852147 -0.012534346 -0.0014695454 3.93618 0.5
21.924483 14.261421 -0.0086996105 0.017615788 5.951127 0.5
12.021828 21.760188 0.050528842 -0.0084611491 4.082451 0.5
16.909306 19.731629 -0.021962303 0.00956567 1.780305 0.5
16.271501 25.208622 -0.0026318881 0.0036202553 2.847882 0.5
18.036994 17.916415 0.0040151735 0.019302297 1.767937 0.5
13.525917 2.0131085 -0.018839033 0.027109493 0.00135 0.5
19.762847 3.5162936 -0.011245221 -0.0038549282 5.312468 0.5
14.807973 5.3046384 0.00987269 0.042725792 0.320289 0.5
21.230034 11.133917 -0.0030275596 -0.0055048564 0.581132 0.5
17.392468 4.0077924 -0.0017883146 0.036647605 3.087421 0.5
19.017633 22.030328 -0.0060071842 -0.0002923025 3.560403 0.5
10.657693 14.979365 -0.0045357187 -0.024227007 0.555117 0.5
22.359629 3.4770044 0.014595158 -0.0070938368 6.220608 0.5
24.388957 9.5592504 -0.0014409558 -0.0029569179 5.652715 0.5
10.923894 21.985856 0.015075764 0.051517929 0.827952 0.5
20.18402 19.805509 0.0034993442 0.0016215921 1.054048 0.5
24.991778 6.385218 -0.0053482375 0.0051829086 0.319962 0.5
23.669578 13.207972 0.0088891243 0.042347143 2.464344 0.5
23.841102 6.4639262 0.008441377 0.013687745 3.780782 0.5
24.419325 14.165957 -0.0040454919 0.011757965 0.745414 0.5
26.266926 11.674981 -0.010463458 0.011950859 3.348875 0.5
12.499896 12.629194 -0.0012258707 0.012144754 5.365761 0.5
16.614438 27.10485 0.00012875205 1.9905257e-05 0.445642 0.5
9.5411394 19.277195 0.25855742 0.21667315 2.979068 0.5
5.6392863 9.1556414 -0.01869507 0.069736011 2.813895 0.5
21.060537 25.356583 -0.00065129162 0.0053149681 4.039246 0.5
20.705563 21.04577 -0.013375816 -0.0011423385 4.602055 0.5
17.157459 13.018465 0.010856031 0.0038041255 1.676583 0.5
6.2010479 24.52198 0.13318926 -0.070702937 1.207935 0.5
9.7699785 26.699887 -0.049414259 0.070778713 6.164191 0.5
7.1734101 15.184921 -0.056353304 -0.0097085314 1.491784 0.5
11.54647 11.256062 0.066862363 -0.062887898 6.269379 0.5
13.962297 26.177444 -0.0034083583 0.00037437484 0.35856 0.5
17.962456 11.995516 -0.010702166 -0.022775779 0.326238 0.5
16.535719 17.461047 0.01205814 -0.0060605201 1.608548 0.5
15.41219 15.435398 0.045665962 0.03840481 2.616667 0.5
27.29616 12.312102 0.0067766799 0.024690898 0.410672 0.5
22.356062 11.129162 0.022759251 0.0013220039 3.210668 0.5
13.173588 24.584171 0.00018545321 0.0090663268 0.309541 0.5
27.087322 16.912572 0.0094047245 0.0055468018 1.761874 0.5
26.152914 8.4263347 -0.0065299398 0.0043169829 4.731547 0.5
19.020809 25.379942 0.0045087364 -0.0027078455 0.313065 0.5
19.303714 12.118151 -0.018708908 -0.0022972643 0.087229 0.5
14.326056 18.269791 0.023087351 0.008846414 5.713071 0.5
18.613164 4.4964553 -0.0067766413 0.031868548 0.34983 0.5
16.869682 23.006154 -0.00093825541 -2.4919748e-05 2.015368 0.5
19.538805 20.835728 0.0093281053 0.016892946 0.42176 0.5
20.015857 6.0581284 -0.005413835 -0.0053792607 5.580866 0.5
22.486279 19.928341 -0.0033725137 -0.00055747954 4.066321 0.5
24.655546 10.742778 -0.013614801 -0.016338272 5.863794 0.5
20.915979 7.7593994 0.0022768539 0.0084206934 5.355125 0.5
14.815857 19.506072 0.0098211309 0.015165998 5.404824 0.5
13.147642 22.294882 -0.013701586 0.0045637347 1.361005 0.5
23.840167 8.4262804 0.0029742695 0.0088611798 5.19755 0.5
11.372146 15.953601 -0.023091128 0.0068583169 5.853071 0.5
12.980079 27.371532 -0.0025370749 0.042005917 2.830697 0.5
21.299414 16.459441 0.01414785 0.00026472764 3.251414 0.5
18.014848 19.308967 0.0025955459 0.013852232 3.305262 0.5
25.58844 9.4510909 -0.0090616849 -0.0017383612 3.841898 0.5
25.007758 8.3916801 0.0093525599 0.009457779 4.917041 0.5
22.869787 18.615262 -0.0005900656 0.0019982927 1.726803 0.5
20.319268 9.7889155 -0.0084112123 0.015858401 2.534849 0.5
17.160156 6.1324836 0.00462415 0.0098700466 1.985571 0.5
7.8717619 17.105631 -0.13952823 -0.11536327 5.636684 0.5
23.882229 23.080269 -0.0077610661 0.0019505821 0.642493 0.5
22.971527 23.860908 -0.004343856 0.002850385 5.796573 0.5
25.386781 18.537326 -0.0072828085 0.012123597 4.738871 0.5
10.83423 23.637376 0.037858928 0.068198649 1.568073 0.5
22.701557 15.50546 -0.0017221885 0.0023867532 2.749741 0.5
22.528805 13.313364 -0.0012884469 0.00095115618 1.171823 0.5
15.374803 21.281122 0.0012385978 -0.00059711235 2.226958 0.5
25.896787 10.607387 -0.013074316 0.0005246716 1.548545 0.5
24.952246 16.205486 2.0405609e-05 -3.8071164e-05 3.653333 0.5
23.053287 9.740354 0.0052541814 0.0025570346 4.394256 0.5
19.89189 7.1838022 0.011082239 -0.0062565168 0.605652 0.5
15.408177 17.568282 0.0020701117 0.011962273 3.106146 0.5
9.8126532 16.599841 0.35666612 -0.1159592 3.095002 0.5
20.763808 14.563237 -0.01229743 0.011712059 1.841384 0.5
19.13737 9.9488662 0.0025153686 0.017031776 6.034028 0.5
26.093696 16.290682 -0.0059597327 0.0045916735 1.857551 0.5
22.085202 24.651853 -0.0050750803 -0.00065969856 1.702664 0.5
10.249056 10.732942 -0.02545675 -0.012264993 1.16125 0.5
8.9141311 25.390234 -0.038684813 0.025197785 4.720586 0.5
17.518047 26.251534 -0.0082041357 0.0031542526 0.205718 0.5
11.09739 6.3845829 -0.03639044 -0.0080875016 5.820667 0.5
23.706254 19.94634 -0.00476654 0.0067658351 3.894129 0.5
15.074021 24.561234 0.0032181293 -0.00020872039 3.074393 0.5
19.85436 13.77164 0.0030415146 -0.00044015564 0.467747 0.5
18.795165 26.526431 -0.0055451976 0.0081010365 5.60533 0.5
15.906436 4.7785029 -0.006981374 0.0047513455 6.227367 0.5
19.959788 16.801125 -0.0039114238 0.0028802649 5.177094 0.5
5.1020501 23.81452 0.30990296 0.46755191 0.203779 0.5
20.958498 13.398406 -0.011394914 0.010819578 6.095105 0.5
27.359411 14.684399 0.0028312463 0.00065329284 5.150288 0.5
8.4202157 20.089487 -0.016544811 0.10894697 3.059892 0.5
19.827778 24.412751 -0.0092308092 0.0025448682 3.692189 0.5
13.1568 23.438918 -0.0017180979 0.0045747642 3.246869 0.5
12.394087 2.8796784 -0.01542163 -0.018903113 2.032293 0.5
8.8280986 6.2630984 -0.035240892 0.033882011 6.136396 0.5
23.988003 12.100105 -0.038557259 -0.0015535115 4.563161 0.5
18.846748 17.12255 -0.010185894 0.020729584 5.916686 0.5
21.352308 19.85328 -0.0021582755 -0.010309373 1.344992 0.5
18.383835 15.082991 -0.00034326932 0.016425894 3.633442 0.5
25.308814 21.235082 -0.0011036281 0.00096960889 2.78777 0.5
16.050936 1.4388377 -0.0033296612 -0.0016283042 1.483056 0.5
16.006216 14.466619 0.0096815784 0.018577284 0.879468 0.5
21.723847 12.534196 -8.8642336e-05 -0.01797887 4.923104 0.5
22.99472 20.986886 -0.0051384925 0.0081118179 5.350229 0.5
17.857525 20.549525 -0.002327532 0.0064547897 1.508644 0.5
8.9254844 21.985973 -0.050561409 -0.083025345 4.32761 0.5
16.360759 8.9245984 -0.0056726503 0.021571676 1.3724 0.5
22.437905 8.7666557 0.00068991632 0.00073299036 2.64206 0.5
12.461143 15.392178 -0.023785345 0.052441065 2.466218 0.5
15.670145 22.38025 0.0041656312 0.011161834 0.69625 0.5
18.542456 8.8956742 -0.0093489661 0.0056896763 0.502972 0.5
20.960377 24.236546 0.00621398 0.0070837923 4.066135 0.5
14.342425 27.29385 0.23315085 -0.0039759491 3.026607 0.5
25.134673 15.029376 -0.0036987038 0.0033605458 6.171553 0.5
8.6260566 2.9383442 -0.0024430747 0.0086278641 3.767955 0.5
19.879657 2.3316834 -0.0029185024 -0.014002888 5.349705 0.5
14.562236 23.384378 -0.0015076131 0.00053581129 3.28374 0.5
11.693037 24.688814 0.0086978904 -0.10065267 1.964272 0.5
4.2382307 8.0493443 -0.0078189157 0.069554577 1.170799 0.5
22.435607 16.670464 0.0081343659 -0.0011348136 0.802835 0.5
20.852623 3.8135836 0.012560135 0.0012337815 5.063896 0.5
21.819896 20.88315 -0.00069408437 0.0037612862 2.243796 0.5
18.606327 10.942292 0.023455758 0.0064019306 5.270568 0.5
20.615873 12.125149 -0.0048100544 0.010238176 5.757172 0.5
26.382361 19.097694 -0.0087991366 -0.0047536493 5.271397 0.5
24.432057 7.4239788 0.0048734635 0.0072877608 3.151318 0.5
17.322108 11.003128 0.0019549347 -0.006991233 0.221595 0.5
9.6354969 1.9432927 -0.0022210209 0.007290525 1.510648 0.5
15.461307 12.336488 -0.016938196 -0.029302171 5.29405 0.5
20.431234 15.701423 0.035392046 0.027254937 2.737677 0.5
17.867115 25.182046 -0.0076410307 0.0040394408 4.134415 0.5
16.901934 15.868014 -0.0032827731 0.0049876424 1.432456 0.5
22.155169 4.812032 -0.005729982 0.0063186586 2.840655 0.5
19.849985 4.6591584 0.0016763034 0.0091985347 2.899005 0.5
16.97042 18.50635 0.0041122169 0.015598584 4.137855 0.5
13.215429 17.786261 -0.0094642826 0.030652116 1.992807 0.5
12.580366 20.320916 -0.0077319995 0.0070919575 0.375558 0.5
15.886677 23.643235 -0.0047201544 0.00097695776 0.629977 0.5
20.956914 17.605487 0.0056689917 -0.0073377176 5.301885 0.5
23.506348 10.877277 0.0027218017 0.013844528 1.197725 0.5
11.160771 3.6816907 0.0096821897 0.026685397 2.939026 0.5
19.644824 14.896022 -0.018172354 0.030644743 3.912909 0.5
23.961886 15.242231 0.0086898836 0.0068610663 3.115045 0.5
17.940849 16.453712 0.0026662887 0.005759622 1.662001 0.5
24.197946 5.3617506 -0.0099288216 0.0025924221 0.131507 0.5
