# x y vx vy theta radius
11.556084 25.972489 0.39700489 -0.047000662 0.58659401 0.5
27.191249 16.322068 0.019740881 -0.018611319 1.764168 0.5
3.176375 19.966357 -0.067014409 -0.051710955 3.951996 0.5
11.54339 2.122798 0.0014611095 0.0052305624 4.259518 0.5
10.695414 22.9459 0.26585057 -0.34495331 1.882067 0.5
18.678482 10.131164 0.00073383731 -0.0024089841 0.92276 0.5
5.3892231 19.827704 -0.029643216 -0.036771714 4.981497 0.5
26.021459 10.433773 -0.00066432076 -0.0012645497 0.663689 0.5
26.903735 17.640441 -0.008098432 -0.012668179 4.599871 0.5
10.398081 10.203295 -0.028050917 -0.05149254 3.315122 0.5
1.6250881 13.443507 -0.016150993 -0.046636566 5.224588 0.5
7.2673844 15.869103 0.00053801368 -0.0040921897 4.739779 0.5
14.733014 14.896638 0.010199048 -0.016507913 0.624425 0.5
7.107666 2.6204178 0.00043183468 -8.4591865e-05 0.734434 0.5
11.833279 14.88097 0.067265086 -0.080614022 4.989084 0.5
3.2271059 18.779744 -0.049645654 -0.011144489 2.508867 0.5
23.774601 11.824712 -0.00098898403 0.00052482279 5.939565 0.5
16.705378 13.867001 0.066551025 -0.059420035 0.028815 0.5
2.2902773 15.590174 0.002649669 -0.049508159 3.449449 0.5
17.879297 17.240925 0.029404435 -0.014196465 0.592282 0.5
22.558121 20.097699 -0.02040723 -0.091729477 6.045768 0.5
8.733232 9.5846137 0.007633822 -0.019466387 0.890473 0.5
7.2195716 21.468528 -0.36072299 -0.09470273 2.353219 0.5
0.63176071 15.216106 -0.0035989084 -0.016281571 1.672869 0.5
22.683017 11.425216 -0.0023860909 -0.0034812901 4.21507 0.5
8.7496854 18.891181 0.082107525 -0.090809837 0.4829 0.5
4.9750956 14.292457 -0.039272063 -0.057321613 6.274711 0.5
17.461017 22.119036 -0.0057300641 -0.063341405 1.301021 0.5
22.376999 13.797299 0.0074222639 -0.017840893 3.538852 0.5
6.4703009 24.813593 -0.58112204 -0.012596282 1.72413 0.5
5.3877796 16.380137 0.0070201404 -0.040579592 0.779811 0.5
7.8494145 18.132649 -0.016288526 -0.036610354 1.209651 0.5
7.5941813 23.408908 -0.080791208 0.042643384 5.377079 0.5
11.404104 13.517928 -0.0012658101 0.020452349 3.122843 0.5
8.2104123 8.4530657 -0.0060074451 0.0088091401 4.105439 0.5
12.562196 15.874861 -0.0028575623 -0.00096964326 2.246795 0.5
10.903729 21.735364 -0.061835434 -0.05813729 3.468535 0.5
4.3327813 11.317207 -0.05755418 -0.0330405 5.532293 0.5
7.78528 10.635559 -0.016501378 -0.04191658 0.531572 0.5
4.1597109 18.047193 -0.038106905 -0.051415868 5.261584 0.5
13.163075 18.260829 0.10387698 -0.071443895 0.040113 0.5
15.757238 16.231763 0.040812605 -0.022227257 4.576591 0.5
26.975399 13.093552 0.0082595591 -0.0057339913 0.209824 0.5
3.2108566 17.255355 0.015589151 -0.022993426 1.770879 0.5
19.307314 23.424067 0.040991105 -0.015432308 4.791815 0.5
10.696094 14.686161 -0.010252092 0.051332225 2.522673 0.5
23.092441 21.710199 0.045504793 -0.053233272 3.232151 0.5
10.438091 25.329754 -0.059306547 -0.020003359 0.943125 0.5
18.279183 12.456121 -0.0012800067 0.0014813113 1.031271 0.5
2.6395445 12.887984 -0.013903353 -0.030737214 1.523797 0.5
12.080004 19.475173 0.020713064 -0.038016269 1.787492 0.5
4.2075466 20.457732 0.0063803983 -0.05514728 3.056837 0.5
22.149872 12.63527 -0.013659854 -0.03183704 3.332967 0.5
6.8271094 3.9811903 0.0011771233 -0.0041354726 3.889918 0.5
11.629602 18.23991 -0.0076454597 0.00266188 1.775857 0.5
6.0623999 21.663229 -0.1408972 -0.15554849 4.33857 0.5
8.7663838 26.382355 -0.17309729 -0.12227561 2.652322 0.5
5.3714319 9.1356631 0.00033978209 0.00077441986 1.360759 0.5
24.283209 18.490489 -0.0016759191 -0.0075075278 1.350476 0.5
8.4780583 2.3338544 -0.00037678487 0.00027238818 3.139709 0.5
8.2516161 11.868117 -0.0033038835 -0.029229505 3.877928 0.5
6.8192131 6.5439379 -0.010608474 -0.01932519 4.111005 0.5
17.406679 19.931112 -0.0020533094 -0.013689732 4.354529 0.5
14.236668 13.810637 0.0001424557 0.0024253254 1.958136 0.5
15.420533 18.111059 0.0013284557 -0.02164149 1.935129 0.5
6.3951356 23.6832 -0.018531553 -0.10210016 0.983243 0.5
7.559849 25.685807 -0.20017784 -0.30275093 4.524452 0.5
25.382353 17.708843 -0.0010152327 -0.0075070618 4.628506 0.5
18.18244 15.142793 0.021325716 -0.015588016 4.619789 0.5
16.950442 9.6769102 -0.0023878733 -0.009135751 6.246698 0.5
2.0053762 19.728764 -0.029335272 -0.11323154 2.597917 0.5
26.38109 14.781041 0.0063041832 -0.049248172 5.540445 0.5
9.9461953 13.794833 0.010819793 -0.069368662 1.135786 0.5
12.54138 4.7813573 0.010256673 -0.0061550148 0.649744 0.5
14.583366 16.560601 0.022528752 -0.079762564 4.647872 0.5
25.835092 12.011009 -0.012695653 -0.019114842 3.116928 0.5
12.533469 17.061109 -0.087876122 -0.045291422 1.058365 0.5
1.1984771 17.491176 0.012010575 -0.011136319 1.223223 0.5
21.907634 22.547114 -0.023179525 -0.029561802 6.185729 0.5
6.0096547 12.638802 0.035477547 -0.024571233 5.03693 0.5
17.790475 11.258912 -0.0063407078 -0.028220256 0.158334 0.5
25.221832 20.77978 -0.002901273 -0.0069584104 0.09489 0.5
20.018337 5.6625675 -0.00010807101 -9.5257234e-07 3.182579 0.5
6.718949 14.844609 -0.029771456 -0.09139538 5.999337 0.5
1.1436699 10.328802 0.0016024003 -0.011574312 0.712677 0.5
8.3945087 12.992063 -0.041260224 -0.06404651 1.70588 0.5
8.1393881 22.258896 -0.015598953 -0.17975755 5.092516 0.5
6.2316735 5.316092 -0.0029392804 -0.00059057605 0.506989 0.5
1.6102862 14.675337 -0.031850907 -0.022514038 4.452103 0.5
11.397381 11.417982 0.024941099 -0.018196783 3.429354 0.5
8.0019685 3.6901781 0.00011950195 0.00040301716 5.942963 0.5
14.758938 21.283552 0.052340988 -0.011790098 2.062723 0.5
22.973476 6.2830762 -0.001148904 0.00055429388 2.598321 0.5
18.702995 18.058702 0.099659006 -0.14742131 6.159219 0.5
8.899146 23.544107 -0.5185929 -0.10790359 1.488917 0.5
10.342002 20.385365 -0.010261641 -0.18536665 1.927238 0.5
20.619329 23.191783 0.015012343 -0.025765276 3.98558 0.5
20.244942 15.179031 0.030191756 -0.0030598867 3.515453 0.5
21.142686 24.245848 0.043489209 -0.045236522 3.362574 0.5
10.790691 17.132704 0.053163478 -0.015677654 2.617045 0.5
0.80566422 16.325629 -0.00035423893 -0.0019563401 4.416501 0.5
19.182149 20.137253 -0.026381688 0.051513088 2.357123 0.5
7.6492538 20.39625 -0.25197829 -0.19210905 0.027213 0.5
12.780332 9.5024012 -0.00082680851 -0.0031645519 3.270335 0.5
3.3936527 16.097034 0.019121473 -0.0094984776 5.133302 0.5
4.3974626 15.601896 0.019656292 -0.045978412 4.163048 0.5
9.1301105 17.740045 0.0088466002 -0.017165691 3.93618 0.5
12.109024 22.56284 0.052974462 0.020761283 5.951127 0.5
8.0496637 24.54393 -0.12477352 0.029370592 4.082451 0.5
15.185723 10.661898 -0.0013417069 -0.0030022879 1.780305 0.5
20.832701 13.702322 -0.00010083226 0.00027300953 2.847882 0.5
3.5008387 21.349894 -0.021306727 0.036181736 1.767937 0.5
14.248127 18.629883 0.22132745 -0.36642313 0.00135 0.5
8.8077894 14.029692 0.032037765 -0.02761175 5.312468 0.5
4.7332967 22.05479 0.031889432 -0.058095481 0.320289 0.5
8.3627633 5.9189486 -3.434931e-05 0.00072355621 0.581132 0.5
2.0233624 16.725686 -0.010327385 -0.023085281 3.087421 0.5
11.174109 7.199662 0.0019025427 -0.0073353452 3.560403 0.5
12.413353 12.082243 0.0023032238 -0.062110772 0.555117 0.5
6.4236331 16.815203 -0.0037625459 -0.039680304 6.220608 0.5
9.8900196 26.770602 -0.066836109 -0.096831692 5.652715 0.5
13.911734 23.40639 0.23478546 0.074739404 0.827952 0.5
11.04765 15.910842 0.011013416 -0.023724623 1.054048 0.5
15.376078 24.733931 -0.0047272339 0.02189045 0.319962 0.5
3.3285703 9.2118089 0.00060523062 -0.00054758311 2.464344 0.5
15.88382 21.335096 0.034895876 -0.021150139 3.780782 0.5
5.5110162 3.8316288 9.8379242e-05 -7.2648945e-05 0.745414 0.5
13.763482 11.490285 0.016929398 -0.010339476 3.348875 0.5
19.586006 3.4854035 -0.0083399127 0.0026137956 5.365761 0.5
6.4900083 10.448816 -0.016475346 -0.029187273 0.445642 0.5
9.5775771 14.894009 -0.03624703 -0.13905947 2.979068 0.5
14.856673 7.7005587 0.011500302 -0.012323936 2.813895 0.5
5.0653771 5.2630706 6.414422e-05 -9.2651201e-05 4.039246 0.5
17.229893 3.9551259 -0.00025417815 -0.00022355982 4.602055 0.5
5.3662547 17.583006 0.023481606 -0.075098873 1.676583 0.5
19.238847 14.687402 -0.0018312654 -0.036953579 1.207935 0.5
7.0748627 11.615594 -0.0033218285 -0.023753117 6.164191 0.5
0.61080734 14.028658 -0.017749735 -0.041139785 1.491784 0.5
22.212918 17.068003 0.002033841 -0.024613377 6.269379 0.5
3.6370612 12.230514 0.021391468 -0.012379456 0.35856 0.5
8.4316299 21.20186 0.10863145 -0.22001599 0.326238 0.5
3.9809721 8.2820413 0.020149156 -0.033770724 1.608548 0.5
21.541099 16.003866 0.0015217883 -0.0061641526 2.616667 0.5
10.159179 18.353488 0.025309202 -0.08047238 0.410672 0.5
22.878012 18.377149 -0.011254614 -0.018516557 3.210668 0.5
0.90965581 11.436243 0.0038278593 -0.02323618 0.309541 0.5
6.0941431 13.861617 -0.063117614 -0.14508659 1.761874 0.5
2.3966921 7.5367798 -6.4834962e-05 -7.997996e-05 4.731547 0.5
3.4537843 14.844501 0.027282731 -0.015405763 0.313065 0.5
8.0771314 15.049087 0.0050954889 -0.03574261 0.087229 0.5
2.3919819 9.9273001 0.0030550213 -0.0027767476 5.713071 0.5
1.6536079 12.297653 0.035690406 -0.044021498 0.34983 0.5
7.8220261 16.945211 0.006759003 -0.076195849 2.015368 0.5
8.7023575 16.056405 0.046065522 -0.16264319 0.42176 0.5
14.883684 20.161454 0.27015971 -0.36908195 5.580866 0.5
13.151157 1.3388271 0.00096451426 0.00035136675 4.066321 0.5
16.159264 22.548658 -0.041693701 -0.070619608 5.863794 0.5
4.3724944 16.915527 0.0033747747 -0.074765213 5.355125 0.5
11.118025 27.067516 -0.014092852 -0.51090407 5.404824 0.5
5.2276426 7.128699 0.00033097166 -0.00091781193 1.361005 0.5
9.7467025 11.54221 -0.0075091924 -0.035607956 5.19755 0.5
6.4530853 20.344862 -0.046028395 -0.087732256 5.853071 0.5
6.8183994 22.54447 -0.100295 -0.11315063 2.830697 0.5
10.372151 4.2405826 0.0014684416 0.00023127151 3.251414 0.5
26.073943 16.217052 0.031915184 -0.0076191372 3.305262 0.5
27.358255 14.18261 -0.026657087 -0.034955522 3.841898 0.5
19.439565 16.645536 -0.026696372 -0.11174491 4.917041 0.5
9.2551247 25.203442 -0.25124447 -0.024622343 1.726803 0.5
0.61665913 12.791359 0.033907037 -0.050987884 2.534849 0.5
1.5996838 9.1024481 -0.022051605 -0.022905648 1.985571 0.5
9.603883 12.729447 -0.042098199 -0.086011547 5.636684 0.5
25.842186 13.187321 0.00060119375 -0.020453117 0.642493 0.5
26.354374 8.9992585 0.00044923997 -0.0017304105 5.796573 0.5
20.134969 7.9023863 -6.0070837e-05 2.6487462e-05 4.738871 0.5
5.3886765 24.293408 0.0029895675 -0.042209162 1.568073 0.5
20.620221 20.689198 0.16909385 0.050613557 2.749741 0.5
5.6268507 22.78552 -0.076185118 -0.16245759 1.171823 0.5
12.015157 23.70899 0.084242786 -0.33807958 2.226958 0.5
8.6696653 7.1830715 0.0067747185 -0.012814954 1.548545 0.5
4.5519237 23.366155 -0.10152345 -0.060058112 3.653333 0.5
17.567196 24.14607 0.02366603 0.057057899 4.394256 0.5
9.7484926 7.8608207 -0.010346976 -0.012646574 0.605652 0.5
12.696585 13.489974 0.019874523 -0.025111409 3.106146 0.5
16.149294 19.472182 0.11599882 -0.06459377 3.095002 0.5
24.736632 8.0959966 -0.00047263366 -0.00030043267 1.841384 0.5
20.908406 12.454147 0.0049144778 -0.014901559 6.034028 0.5
23.795108 15.050352 0.00040556297 -0.017336777 1.857551 0.5
7.4838441 19.283347 -0.0054664499 -0.37252993 1.702664 0.5
13.443152 19.668325 -0.1685777 -0.081307782 1.16125 0.5
24.429466 16.927358 -0.0024786942 -0.0070077532 4.720586 0.5
3.1745844 11.099314 0.042150682 -0.024709778 0.205718 0.5
6.9395986 9.2203677 -0.01155306 -0.0052015052 5.820667 0.5
14.482625 22.378472 0.13969815 -0.0026147583 3.894129 0.5
15.125499 6.3839241 -0.00021407374 -0.0015829105 3.074393 0.5
5.0991506 10.444069 0.032803592 -0.044116551 0.467747 0.5
4.7254066 12.673273 0.0028393461 -0.0068657283 5.60533 0.5
10.921522 19.363582 0.044235564 -0.048483022 6.227367 0.5
8.7820944 20.074176 0.18467605 -0.055480405 5.177094 0.5
2.5786986 14.061067 -0.013770713 -0.06711153 0.203779 0.5
9.9373748 1.3692034 0.00049014627 0.00058819582 6.095105 0.5
23.891184 13.142877 -1.8078702e-06 -0.025526194 5.150288 0.5
12.737373 7.9411716 0.0083692465 0.0031844561 3.059892 0.5
9.6808852 22.134712 0.028728671 -0.079236479 3.692189 0.5
15.896286 14.707275 0.10369378 -0.018186622 3.246869 0.5
12.593962 21.466765 0.10022156 -0.11378249 2.032293 0.5
10.040772 23.829803 -0.13587762 -0.13328031 6.136396 0.5
17.091782 15.909305 -0.058646535 -0.037839896 4.563161 0.5
6.485682 18.081958 -0.0014328484 -0.068328569 5.916686 0.5
23.007605 16.162339 -0.0084172914 -0.037086113 1.344992 0.5
7.290812 7.6066358 -0.015859177 -0.008023434 3.633442 0.5
18.595568 24.883241 0.42513973 -0.22566247 2.78777 0.5
16.788514 17.665096 -0.015794674 -0.19523814 1.483056 0.5
13.390144 14.842604 -0.023795251 -0.12624988 0.879468 0.5
5.6216047 15.238951 -0.029759842 -0.015630314 4.923104 0.5
5.2688651 18.699533 0.05900681 -0.027191497 5.350229 0.5
3.9215992 10.215713 0.0063684238 -0.032253159 1.508644 0.5
17.571498 7.9278951 -0.002314435 -0.0017646805 4.32761 0.5
12.264264 2.9896885 -0.00094573481 -0.00011431576 1.3724 0.5
23.776171 19.8604 -0.0053531672 -0.0073902677 2.64206 0.5
9.5172092 5.5324576 -0.013275232 -0.016710541 2.466218 0.5
9.1272569 3.6420704 0.00086811557 0.00055945367 0.69625 0.5
9.749114 19.454486 -0.070584514 -0.095218074 0.502972 0.5
3.3271295 6.2107259 0.00037895707 0.00013609065 4.066135 0.5
7.4808919 13.975492 0.068947066 -0.010028014 3.026607 0.5
2.0376997 11.245128 0.018271431 -0.11914146 6.171553 0.5
24.387909 22.061426 -0.0042258376 -0.045447198 3.767955 0.5
1.4214406 18.680521 0.033194145 -0.089057602 5.349705 0.5
7.1931552 12.811338 -0.013144603 -0.089502694 3.28374 0.5
3.7397798 13.748882 -0.040205339 -0.060189201 1.964272 0.5
13.751802 10.251217 0.0060615735 -0.0070080127 1.170799 0.5
16.828865 12.725017 0.0048245371 -0.031628057 0.802835 0.5
25.036574 15.048651 -0.016619638 -0.012610593 5.063896 0.5
2.4586308 20.854768 -0.039587614 -0.069218495 2.243796 0.5
13.53934 6.7749916 -0.0048474456 -0.0085461991 5.270568 0.5
4.2601517 19.25563 -0.058122458 -0.11546678 5.757172 0.5
12.07526 6.4054108 0.00079962286 -0.013362863 5.271397 0.5
3.6138876 22.52114 0.015650981 0.02592395 3.151318 0.5
24.769483 13.890036 -0.0091724309 -0.017918231 0.221595 0.5
13.688821 17.251871 0.073363522 -0.08446727 1.510648 0.5
5.4017589 11.653193 0.044147404 -0.048506885 5.29405 0.5
20.760773 16.822618 0.043110113 -0.012024021 2.737677 0.5
20.525057 21.919673 0.021894684 -0.02540739 4.134415 0.5
2.3414822 18.011328 -0.042370998 -0.019514683 1.432456 0.5
11.500273 3.8943675 -0.0077290328 -0.0066118337 2.840655 0.5
14.952216 9.0314251 0.0037424627 -0.0034037903 2.899005 0.5
9.8593329 16.312002 0.026946692 -0.026787911 4.137855 0.5
21.111242 10.796598 0.0028078654 -0.010544167 1.992807 0.5
11.70535 20.531117 0.033198056 -0.15088634 0.375558 0.5
22.903098 23.18224 0.065356877 -0.11647233 0.629977 0.5
5.2288103 20.944432 -0.10017898 -0.095484053 5.301885 0.5
14.616245 12.658723 -0.0046701902 -0.034984283 1.197725 0.5
19.803612 11.12267 0.057425503 -0.05602209 2.939026 0.5
12.558871 10.61628 -0.001220055 -0.012506705 3.912909 0.5
6.3632516 19.227139 -0.039508784 -0.18478219 3.115045 0.5
25.95742 19.061367 0.0037765956 -0.023508334 1.662001 0.5
25.045826 9.2697952 -0.00051930262 0.00021702704 0.131507 0.5
