# x y vx vy theta radius
16.965155 21.495757 -0.24487993 -1.0556497 4.4756414 0.5
16.45628 8.9041452 0.017618603 -0.009987365 1.764168 0.5
18.378174 4.8814713 0.0088021256 -0.0022589473 3.951996 0.5
14.154461 19.559937 -0.2345636 -0.38908564 4.259518 0.5
13.150797 4.8287126 0.020849969 0.0060293136 1.882067 0.5
20.213478 8.6246098 0.00068178642 -0.0047595195 0.92276 0.5
13.050283 7.2738008 0.016796779 0.0073465867 4.981497 0.5
9.194459 1.4510032 0.0072293298 0.0055672423 0.663689 0.5
10.585392 14.285133 -0.0064374851 -0.052306773 4.599871 0.5
1.5587225 15.196791 -0.0034159595 -0.0068566738 3.315122 0.5
16.181978 15.412062 -0.025766791 -0.029152485 5.224588 0.5
7.8274755 6.0767649 0.0039958911 0.0082875419 4.739779 0.5
18.453334 25.614647 0.06736842 -0.12686365 0.624425 0.5
13.129468 24.839069 -0.026271488 -0.21249071 0.734434 0.5
17.66965 17.422112 0.23674895 -0.49903446 4.989084 0.5
19.377707 9.7325262 -0.01165111 0.017968817 2.508867 0.5
8.1869577 12.081646 0.11087741 -0.14815133 5.939565 0.5
12.152764 2.8114677 -0.0070269266 0.0039440091 0.028815 0.5
16.198614 3.8778854 0.018686391 -0.0002272166 3.449449 0.5
20.899695 6.025104 -0.0069371448 -0.0047135856 0.592282 0.5
26.033068 15.167436 -0.03885628 -0.05480398 6.045768 0.5
19.468473 14.767825 -0.20449686 0.035675442 0.890473 0.5
7.0431392 19.374854 -0.02714162 -0.15126412 2.353219 0.5
17.464567 3.9953882 -0.010105635 0.0010875675 1.672869 0.5
2.2312742 7.6054832 -0.014714846 0.026435978 4.21507 0.5
23.152851 20.083524 -0.024339031 -0.0015764618 0.4829 0.5
2.965884 6.6471011 -0.0011955532 -0.00091721105 6.274711 0.5
17.247057 19.716702 -0.051846291 -0.13324263 1.301021 0.5
13.89376 0.72123407 -0.0014848065 -0.011885206 3.538852 0.5
2.5116546 13.445681 8.2306579e-05 0.014567388 1.72413 0.5
11.158943 3.4276628 0.0045695763 -0.001371028 0.779811 0.5
9.4251149 2.8545533 0.0084115375 -0.0036050659 1.209651 0.5
8.7405327 5.0540181 0.0081775622 0.002911775 5.377079 0.5
21.633758 22.466955 -0.026707412 -0.2281673 3.122843 0.5
7.1263297 25.025322 -7.1079206e-05 0.004070502 4.105439 0.5
4.5770217 14.308743 0.020263293 -0.0016999737 2.246795 0.5
7.5577725 8.8564703 0.009951044 -0.0027261488 3.468535 0.5
25.093113 7.6811446 -0.003102965 0.0029220709 5.532293 0.5
5.0361274 7.2010514 -0.0042406762 0.0040738824 0.531572 0.5
11.725634 7.2187928 -0.0026731144 0.0089445274 5.261584 0.5
27.372182 13.210514 -0.0096374372 -0.017872592 0.040113 0.5
3.6114629 7.8934059 0.0027658921 0.0082119219 4.576591 0.5
15.728308 5.0888027 0.013567184 -0.014396881 0.209824 0.5
14.418207 7.6659106 0.015004042 0.01257482 1.770879 0.5
15.243125 10.942818 0.0057877915 -0.0082867048 4.791815 0.5
13.909071 10.779306 0.0019775105 -0.0033889757 2.522673 0.5
26.171035 13.017565 0.0092752889 -0.013919663 3.232151 0.5
23.303144 23.668226 0.020726388 0.028090991 0.943125 0.5
25.257463 10.798165 -0.0037626391 0.0027962581 1.031271 0.5
22.65424 10.575117 -0.011276876 -0.021433851 1.523797 0.5
19.03089 1.5398097 -0.0078820571 -0.00050273128 1.787492 0.5
22.211844 21.493937 -0.013854305 -0.076484432 3.056837 0.5
3.579483 9.1448641 0.00016858044 0.0045462543 3.332967 0.5
23.588782 6.3533873 0.00094734342 0.006789532 3.889918 0.5
16.83277 14.339147 0.031589172 0.010339873 1.775857 0.5
8.7559071 7.0970118 -0.016832064 -0.0024310986 4.33857 0.5
18.474548 21.381377 0.96809474 -0.7538918 2.652322 0.5
17.471786 10.556171 -0.0052152415 -0.00023496467 1.360759 0.5
20.735537 20.405695 0.062594626 -0.24140903 1.350476 0.5
17.419352 13.314392 -0.0038477855 0.041927537 3.139709 0.5
21.753019 9.6356887 0.0030450842 -0.030154605 3.877928 0.5
24.150355 15.981858 -0.055343406 -0.2029722 4.111005 0.5
24.059697 22.770948 0.051544468 -0.047435557 4.354529 0.5
16.344282 0.81049821 0.011452282 0.028191765 1.958136 0.5
26.81722 10.737087 -0.014387532 0.003206653 1.935129 0.5
20.777988 17.886535 -0.14066483 -0.13009585 0.983243 0.5
15.781075 7.176245 0.00022375755 -0.014212377 4.524452 0.5
2.482751 19.895304 -0.013671578 0.0018386031 4.628506 0.5
17.85836 1.500888 -5.0164581e-06 -4.0712497e-05 4.619789 0.5
21.339243 16.902918 -0.027987712 -0.11484932 6.246698 0.5
19.347105 3.8838381 0.012373059 -0.0022894717 2.597917 0.5
27.148393 15.448171 0.059744126 -0.31823669 5.540445 0.5
24.042409 11.107517 0.0079478213 -0.00057085075 1.135786 0.5
24.21306 8.7426507 0.015049582 -0.023034948 0.649744 0.5
24.684519 17.153425 0.11131726 -0.048669486 4.647872 0.5
23.954164 12.583836 -0.0067171368 0.0053101311 3.116928 0.5
12.395669 8.5068948 0.017999706 -0.013054292 1.058365 0.5
8.2559983 3.621884 0.015235373 -0.0037062867 1.223223 0.5
24.556542 13.663201 -0.010649954 -0.017761623 6.185729 0.5
1.6022469 18.331365 -0.15781015 -0.27012519 5.03693 0.5
4.8337379 8.5950773 -0.0023605705 -0.0021550818 0.158334 0.5
12.203183 11.144944 0.022009113 0.015695949 0.09489 0.5
10.46356 2.2965149 -0.00096812174 0.013864358 3.182579 0.5
25.973374 16.313239 0.088793162 -0.25589234 5.999337 0.5
10.1632 9.4775081 0.0049706152 0.008673176 0.712677 0.5
23.271315 9.4042968 -0.0043145611 0.015250704 1.70588 0.5
2.4298735 9.9026027 0.005465435 0.0098609588 5.092516 0.5
7.7345284 15.209529 -0.010067329 -0.039296513 0.506989 0.5
19.163341 23.518611 -0.068342994 0.19286705 4.452103 0.5
6.5359653 10.230989 -0.02271653 -0.020246573 3.429354 0.5
21.628239 11.094468 0.024194611 0.017272685 5.942963 0.5
10.581022 1.0216623 0.0076035217 0.011779349 2.062723 0.5
10.041688 20.234468 0.0020334157 -0.034668724 2.598321 0.5
25.705754 17.750645 0.18105166 -0.050250039 6.159219 0.5
9.970033 4.3655607 0.0028361389 -0.0058032475 1.488917 0.5
19.10058 24.650956 -0.0087860611 0.024741166 1.927238 0.5
6.0490676 8.9656467 0.0091457355 0.0075181514 3.98558 0.5
7.6037888 4.7509899 0.0055911614 -0.0042957571 3.515453 0.5
1.7782752 8.811947 0.010324031 -0.00068668563 3.362574 0.5
27.176744 12.066385 -0.00080527976 -0.025286454 2.617045 0.5
26.860131 17.704021 -0.18805915 -0.17254374 4.416501 0.5
7.2886012 11.189392 0.020593082 0.011820446 2.357123 0.5
20.142716 22.968105 0.2206628 -0.18079693 0.027213 0.5
21.076999 23.961306 -0.07521723 -0.13747753 3.270335 0.5
22.446103 7.2609564 -0.022708605 -0.0014361123 5.133302 0.5
3.2648881 20.975054 -0.13602849 -0.26128294 4.163048 0.5
21.932129 3.3852476 -0.001394703 0.00097095306 3.93618 0.5
13.24737 3.3687143 0.022605304 0.00071491527 5.951127 0.5
19.254845 20.477374 0.087144488 0.018276689 4.082451 0.5
21.933848 20.232416 0.080410492 0.19791872 1.780305 0.5
26.37221 9.5827024 0.027748581 -0.020336876 2.847882 0.5
6.6616578 14.569101 -0.0015138842 0.011660769 1.767937 0.5
18.165401 26.726005 0.066476267 -0.072769922 0.00135 0.5
27.319756 14.354174 0.028136009 -0.0095116508 5.312468 0.5
11.024903 21.632858 0.08550821 -0.039360706 0.320289 0.5
13.932234 9.3468258 0.0047771671 -0.0052590547 0.581132 0.5
14.123601 25.804022 -0.22723482 -0.093281892 3.087421 0.5
17.276614 2.8390278 -0.0099398729 -0.0061247328 3.560403 0.5
19.734605 2.5254069 -0.0018478842 0.00082800645 0.555117 0.5
5.1413524 9.9104341 -0.007601046 0.0080839737 6.220608 0.5
8.7164604 23.923587 -0.10748377 0.028991155 5.652715 0.5
17.134485 18.446643 -0.3710447 -0.13797935 0.827952 0.5
3.5817953 10.308521 -0.0043750459 0.0012674922 1.054048 0.5
9.1374862 21.360442 -0.031938709 -0.11030287 0.319962 0.5
7.4578046 18.105773 0.023358646 -0.0010165649 2.464344 0.5
12.527185 12.702804 0.041179782 -0.03075012 3.780782 0.5
10.239217 5.5247904 0.00066994338 0.008216367 0.745414 0.5
15.244717 12.333521 0.0071684335 0.0066019103 3.348875 0.5
17.996734 9.2287733 0.01128069 -0.0047786243 5.365761 0.5
17.790097 23.472688 0.25987617 -0.093983939 0.445642 0.5
9.3073027 10.899753 0.015957666 0.022225203 2.979068 0.5
5.1203902 5.579053 -0.0006699081 0.0074058943 2.813895 0.5
9.5295815 26.08996 -0.022688487 -0.058386868 4.039246 0.5
18.932334 17.315078 -0.050154735 0.011322411 4.602055 0.5
16.882026 25.070621 -0.0031547875 -0.15544962 1.676583 0.5
1.540844 12.45282 0.011399186 0.0085844633 1.207935 0.5
11.630253 19.947075 -0.0057518137 -0.030109104 6.164191 0.5
23.542027 7.6459066 -0.023342442 -0.047528197 1.491784 0.5
4.1484173 4.8649034 -0.0037717898 -0.022099019 6.269379 0.5
10.527147 7.2982243 0.00019877586 0.0039609333 0.35856 0.5
11.209537 4.5791616 0.01201526 -0.005754711 0.326238 0.5
6.4118287 5.0637489 -0.0045819333 0.0015813903 1.608548 0.5
22.711215 16.896141 0.012503874 0.0093941234 2.616667 0.5
22.855075 11.917293 -0.0040554023 -0.027024243 0.410672 0.5
15.063444 26.635315 -0.11700389 -0.14642865 3.210668 0.5
7.0624797 16.109135 -0.00078063827 0.018085271 0.309541 0.5
20.523835 3.6585184 0.010544565 -0.026248362 1.761874 0.5
16.414783 1.9529016 0.0023535115 0.027678859 4.731547 0.5
16.106699 17.367194 0.0058773942 -0.047812426 0.313065 0.5
20.721374 7.4787237 -0.0062207849 -0.0046279094 0.087229 0.5
6.1860284 17.015594 -0.063173002 0.026080715 5.713071 0.5
4.1158896 6.4651298 0.0041393227 0.0070063174 0.34983 0.5
18.544435 2.7812578 -0.00028784535 -0.020689119 2.015368 0.5
20.644258 14.480283 0.0043596014 -0.1376496 0.42176 0.5
5.2126519 11.251857 0.0053393216 0.015547536 5.580866 0.5
24.879717 15.00658 0.14969009 -0.015560889 4.066321 0.5
19.079049 16.172607 -0.031451402 -0.014632943 5.863794 0.5
14.448014 3.0636288 0.020024817 -0.002024039 5.355125 0.5
26.439115 18.836217 -0.10906 0.0043281884 5.404824 0.5
5.9551201 3.2745076 0.0010741187 0.0077092555 1.361005 0.5
20.409571 10.819527 -0.026833572 0.016054863 5.19755 0.5
25.287722 9.2118392 0.020001617 -0.0029854634 5.853071 0.5
24.29378 9.8661055 0.018379656 0.010534896 2.830697 0.5
23.659235 14.843965 0.078044779 -0.052761485 3.251414 0.5
4.2031262 12.549529 0.0060435964 0.0019947938 3.305262 0.5
15.361559 9.7660766 -0.009550055 -0.022889963 3.841898 0.5
11.113016 8.608899 0.023213622 0.011276119 4.917041 0.5
7.0337762 23.552243 -0.042219824 -0.051268213 1.726803 0.5
24.601012 19.943459 0.058618185 -0.1349348 2.534849 0.5
19.212488 12.983766 -0.0011985541 0.015989827 1.985571 0.5
22.98123 4.0042046 0.012855403 0.01298963 5.636684 0.5
12.01397 5.8330207 0.0022863255 0.011509904 0.642493 0.5
9.8220022 12.401343 0.021256229 0.0080519649 5.796573 0.5
5.6940233 23.079328 -0.12085593 -0.11234258 4.738871 0.5
22.972898 22.507801 -0.038307557 -0.20329572 1.568073 0.5
22.956275 13.886671 -0.077385698 -0.10059802 2.749741 0.5
12.609193 0.69601554 0.0076538565 0.027362351 1.171823 0.5
19.033331 22.384042 0.14683064 0.42482103 2.226958 0.5
9.2668672 8.2786023 0.0065447653 0.011215057 1.548545 0.5
19.199615 11.169415 -0.013350381 0.015480456 3.653333 0.5
24.452299 5.5619462 0.0076499076 -0.0032671139 4.394256 0.5
11.761187 26.041473 -0.073118966 -0.064222563 0.605652 0.5
11.80408 1.7212764 0.0074747823 -0.0031716817 3.106146 0.5
4.3533398 20.285086 -0.035128359 0.011696669 3.095002 0.5
6.5801815 6.1951837 -0.0012498619 0.0021677848 1.841384 0.5
25.063072 18.662512 -0.11163569 -0.11002967 6.034028 0.5
7.9684867 2.1875121 0.0080018606 0.010471146 1.857551 0.5
5.3668399 4.3567495 0.0070728955 -0.02919832 1.702664 0.5
18.388269 19.468884 0.17107186 -0.087232701 1.16125 0.5
21.204169 25.068156 -0.083690659 -0.12579163 4.720586 0.5
20.055924 21.837327 0.20797425 -0.29531876 0.205718 0.5
16.863277 27.013436 -0.032891672 0.12061553 5.820667 0.5
23.329991 17.984818 0.132235 -0.14692222 3.894129 0.5
20.656843 12.755157 0.02401229 -0.00010232677 3.074393 0.5
14.632443 20.587456 -0.53684103 -0.13427539 0.467747 0.5
5.2953949 24.231447 -0.028622858 0.12386587 5.60533 0.5
22.532248 8.5102106 0.0046710764 0.0086889399 6.227367 0.5
7.5928074 13.078289 0.02134518 0.017498738 5.177094 0.5
25.111108 6.5007577 -0.0013211307 -0.00011587263 0.203779 0.5
14.774631 1.9495526 0.014283894 0.0010104153 6.095105 0.5
14.216821 5.5085454 0.016415468 -0.0020254854 5.150288 0.5
21.377735 8.4288653 -0.020047327 -0.0070404284 3.059892 0.5
21.94625 12.71235 -0.015602658 -0.0027970616 3.692189 0.5
21.09334 19.018204 0.40143828 -0.32768343 3.246869 0.5
18.924846 7.4195288 0.0049058944 -0.035708099 2.032293 0.5
4.3883318 16.151198 -0.0032319567 0.0018375099 6.136396 0.5
24.88768 21.855069 0.0213308 0.19616886 4.563161 0.5
16.013835 26.026139 -0.024877242 -0.057300747 5.916686 0.5
22.618792 15.752388 -0.042714632 -0.23959441 1.344992 0.5
18.112564 14.489662 -0.024900122 0.0083678498 3.633442 0.5
10.536697 24.769107 -0.040057046 -0.11018499 2.78777 0.5
6.5002116 12.46535 -0.14700103 -0.099245618 1.483056 0.5
23.754441 21.587035 0.0063118881 -0.24171622 0.879468 0.5
7.0504737 2.8485623 0.0068114897 -0.0035741522 4.923104 0.5
2.25999 11.245833 0.0067882171 0.0037459471 5.350229 0.5
21.927147 4.6138053 -0.015929479 -0.0074941131 1.508644 0.5
13.119347 2.0384063 0.0033440593 0.013260184 4.32761 0.5
17.093078 7.2707827 -0.0074682573 -0.0041078898 1.3724 0.5
15.140393 0.70029356 -0.0031902606 -0.0040308945 2.64206 0.5
16.084992 20.534811 -0.059430038 -0.43424371 2.466218 0.5
18.590339 6.1965763 -0.0057977272 -0.012053511 0.69625 0.5
22.183679 23.877517 0.012574438 -0.12573137 0.502972 0.5
23.437424 5.0425307 0.0043387487 0.0043679118 4.066135 0.5
19.024076 8.6154121 0.00025815477 -0.0081625305 3.026607 0.5
27.066793 16.606332 0.039957922 -0.0044889822 6.171553 0.5
19.797213 19.494649 0.099608415 -0.23348137 3.767955 0.5
20.823519 4.8406638 -0.0012687817 0.0034418258 5.349705 0.5
7.6675824 7.3962707 -0.0068145219 0.016245195 3.28374 0.5
19.61824 18.253427 -0.03172849 -0.45746025 1.964272 0.5
21.939736 17.864393 0.0044424661 -0.0030717882 1.170799 0.5
25.759973 19.757525 0.11389774 -0.031121409 0.802835 0.5
24.952317 12.025939 0.01134351 0.010428154 5.063896 0.5
25.593756 14.085365 0.019409228 -0.026878672 2.243796 0.5
4.4310293 22.896637 0.066483941 -0.085441867 5.270568 0.5
14.889873 6.4452664 0.0025918841 -0.014109571 5.757172 0.5
19.486065 5.1077924 -0.002283569 0.0039564102 5.271397 0.5
2.5823719 15.873043 0.0093819324 0.012516809 3.151318 0.5
12.289624 4.0429317 0.00083124991 -0.0070029789 0.221595 0.5
16.944033 5.6782791 -0.0039982597 -0.014643991 1.510648 0.5
9.2760133 6.0963119 -0.0044462652 0.0063065179 5.29405 0.5
14.148896 4.2331561 0.0014839527 -0.0047717938 2.737677 0.5
25.486201 20.890532 0.24170092 -0.14412874 4.134415 0.5
20.129526 16.978964 -0.059897859 -0.24994709 1.432456 0.5
20.961061 2.6145485 -0.0033740477 0.00335601 2.840655 0.5
19.645571 25.841901 0.024250318 -0.12192361 2.899005 0.5
8.1563305 25.51822 -0.11110119 -0.15642033 4.137855 0.5
22.420884 5.9616025 0.02597095 0.00044581206 1.992807 0.5
21.880559 14.725182 0.023831298 -0.14984892 0.375558 0.5
15.623196 2.8725519 0.00057944372 -0.0092891268 0.629977 0.5
22.263228 19.15879 -0.10737847 0.018082041 5.301885 0.5
19.728659 6.5302021 -0.0033469449 -0.012694844 1.197725 0.5
26.104308 11.602229 -0.021687844 0.016190329 2.939026 0.5
13.463854 22.208008 -0.040285416 -0.1197105 3.912909 0.5
6.0820326 7.6296089 0.0081722425 -0.0035965222 3.115045 0.5
23.932711 18.913491 0.27939496 -0.33417547 1.662001 0.5
12.233917 9.9393822 0.0067428149 -0.0071398658 0.131507 0.5
