# x y vx vy theta radius
14.11034 25.101084 0.4754403 -0.011963796 5.2606943 0.5
24.713796 10.733526 -0.0046236182 0.0014648059 1.764168 0.5
23.588537 10.521917 -0.010031122 -0.014206264 3.951996 0.5
22.032387 13.428922 -0.015208091 0.0027618605 4.259518 0.5
8.2847511 18.699255 -0.16354927 -0.054827265 1.882067 0.5
10.294365 3.7425956 0.00035921804 0.00098437475 0.92276 0.5
24.356677 14.65376 0.018754089 -0.00903364 4.981497 0.5
17.46872 23.443373 0.049645914 -0.017668483 0.663689 0.5
23.280748 15.310474 -0.0088626297 -0.063083568 4.599871 0.5
2.8488534 6.9568805 0.022154542 0.054141035 3.315122 0.5
18.856784 21.923384 0.20049558 -0.24785223 5.224588 0.5
27.392704 13.432658 0.016234599 -0.0271663 4.739779 0.5
16.931297 24.6271 -0.067008348 -0.091697958 0.624425 0.5
22.04912 15.901253 -0.029930648 -0.052515645 0.734434 0.5
4.882534 19.670197 0.0017675845 -0.0032226705 4.989084 0.5
22.470354 3.9438174 -0.038668866 -0.0031221921 2.508867 0.5
1.0376512 11.477767 0.04452886 0.0059485429 5.939565 0.5
3.4244096 10.363326 -0.036866228 -0.017616231 0.028815 0.5
18.016627 19.713033 -0.13874102 -0.14922428 3.449449 0.5
5.0453165 21.520395 -0.29432441 -0.094214511 0.592282 0.5
22.157611 22.93741 -0.076076986 -0.059764509 6.045768 0.5
24.819388 12.583179 0.0019963619 -0.027076649 0.890473 0.5
12.710389 26.920137 -0.14819445 -0.67108126 2.353219 0.5
24.923909 21.790691 0.077837666 -0.10097406 1.672869 0.5
17.664419 14.925109 -0.039609474 -0.017211515 4.21507 0.5
19.0549 18.134503 -0.16881229 -0.065364334 0.4829 0.5
14.574899 8.6815242 0.029546198 -0.086154385 6.274711 0.5
20.076317 13.422526 -0.021977559 -0.038527815 1.301021 0.5
18.741408 23.485632 0.035460727 -0.14636211 3.538852 0.5
0.60978032 13.093805 -0.018975455 0.044747536 1.72413 0.5
10.775299 16.689098 0.21970411 -0.049575809 0.779811 0.5
1.488891 10.090673 -0.013829415 -0.018077169 1.209651 0.5
17.95237 5.4882873 -0.00021567816 0.00030025813 5.377079 0.5
16.587978 4.262478 -0.00013095366 0.0004263327 3.122843 0.5
23.335702 23.417282 0.060506776 0.038285393 4.105439 0.5
21.493718 8.1012299 -0.01488307 -0.0094798609 2.246795 0.5
17.801 26.416121 -0.15800392 -0.1804447 3.468535 0.5
16.861115 6.7743695 -0.042316077 -0.002148129 5.532293 0.5
20.91208 11.194393 -0.018226691 -0.04783262 0.531572 0.5
3.6492566 5.8797899 0.021244071 -0.050787183 5.261584 0.5
18.483403 17.179699 -0.044114368 -0.030517293 0.040113 0.5
24.273755 9.5517001 -0.020123306 -0.016005743 4.576591 0.5
16.664451 25.709613 0.02655379 -0.095284664 0.209824 0.5
13.447482 15.149115 -0.006744999 -0.03715508 1.770879 0.5
19.201093 24.956233 -0.043278738 -0.016296016 4.791815 0.5
17.006253 20.2816 0.082404344 -0.028576618 2.522673 0.5
21.267219 22.055624 0.23651449 0.023196733 3.232151 0.5
7.9477695 17.084528 -0.021764796 -0.085912023 0.943125 0.5
26.292796 15.160357 0.0052062553 -0.0094171175 1.031271 0.5
25.478521 17.17599 -0.049596551 -0.074496885 1.523797 0.5
8.5991929 26.210228 0.0043482407 -0.057824694 1.787492 0.5
25.796621 11.828274 0.010038549 -0.048697428 3.056837 0.5
19.945995 17.272441 -0.026359211 0.015719683 3.332967 0.5
21.395967 20.919764 0.021467755 -0.046092251 3.889918 0.5
26.316692 12.910498 0.0139442 0.010741653 1.775857 0.5
15.227036 22.970492 0.25965556 -0.55921271 4.33857 0.5
24.182278 13.53709 -0.02025292 -0.034664832 2.652322 0.5
15.48085 20.534865 -0.10255055 -0.044402195 1.360759 0.5
27.058204 11.116493 -0.011543108 -0.029221448 1.350476 0.5
8.3374694 6.0956261 0.0002255014 -0.060075893 3.139709 0.5
23.076949 12.937018 -0.0020894638 -0.019789884 3.877928 0.5
20.343163 7.5323114 0.0045035063 -0.008433502 4.111005 0.5
20.244163 18.586579 -0.013860129 -0.023282515 4.354529 0.5
16.353318 26.863027 -0.086371859 -0.13387465 1.958136 0.5
24.09618 11.694394 0.029437861 -0.018153342 1.935129 0.5
8.5847678 7.9514609 -0.031628797 0.0023957942 0.983243 0.5
20.180045 10.222055 -0.0091025901 -0.0059609918 4.524452 0.5
23.223751 14.118771 0.018191885 0.01017157 4.628506 0.5
4.8861887 16.405586 0.0059917083 0.0052776808 4.619789 0.5
6.9680145 4.7451111 0.022490571 -0.0036311067 6.246698 0.5
23.775065 21.427494 0.021657967 0.065029206 2.597917 0.5
21.185824 12.500237 -0.0087522476 -0.019135055 5.540445 0.5
4.9945133 10.21551 0.0024203566 -0.039471006 1.135786 0.5
8.5543721 3.4048226 -0.05461242 -0.077653277 0.649744 0.5
11.897224 21.642644 0.065584224 -0.29696067 4.647872 0.5
19.991081 25.752112 0.13804452 0.075938329 3.116928 0.5
2.9542555 8.2509481 0.0049360299 0.0040086455 1.058365 0.5
12.085022 18.96237 0.19357347 -0.088602625 1.223223 0.5
18.878255 4.4735506 1.5548472e-05 0.00012424107 6.185729 0.5
19.465619 8.4113433 -0.01702203 -0.011195849 5.03693 0.5
18.032273 6.8748687 0.00018769819 0.019938072 0.158334 0.5
26.270034 8.6864441 0.021892099 0.019344866 0.09489 0.5
20.984034 14.186166 -0.014550842 0.0094387754 3.182579 0.5
25.017941 8.5911616 -0.014328031 -0.01408873 5.999337 0.5
17.985574 25.254609 -0.065278177 -0.023757402 0.712677 0.5
7.3928241 9.420666 0.011829008 -0.025379707 1.70588 0.5
10.84884 8.1777349 0.0033146253 -0.0010479738 5.092516 0.5
17.96831 9.5622406 0.052190148 -0.051516167 0.506989 0.5
25.790143 20.424458 -0.043664798 -0.1245313 4.452103 0.5
14.964713 0.64974892 -6.2014223e-05 0.00013214855 3.429354 0.5
13.939941 2.2488459 -0.00011332308 0.00017961756 5.942963 0.5
5.3747239 15.006875 -0.014886913 -0.021520891 2.062723 0.5
15.758538 8.7010216 -0.071017228 -0.083614127 2.598321 0.5
16.409278 22.551934 0.04630821 -0.18509453 6.159219 0.5
22.066027 24.190875 0.076088942 0.03842605 1.488917 0.5
20.146896 3.293815 -0.012576159 -0.011328177 1.927238 0.5
27.421112 14.611182 -0.0039762901 -0.011858366 3.98558 0.5
22.229947 11.973504 0.0028395224 -0.034132845 3.515453 0.5
17.673785 3.7778506 0.00014222404 0.0003572451 3.362574 0.5
20.849068 19.733856 -0.095916724 -0.18526411 2.617045 0.5
26.394301 14.047271 0.040373023 -0.14501668 4.416501 0.5
10.684774 26.550103 -0.58545869 0.19410314 2.357123 0.5
15.449106 25.781399 -0.023612943 0.01900805 0.027213 0.5
15.362624 19.348886 -0.035937334 -0.0031883514 3.270335 0.5
0.76846566 15.544675 -0.015365757 0.021532004 5.133302 0.5
5.512506 4.4699935 -0.003149686 -0.034270495 4.163048 0.5
17.045408 13.498736 -0.022816547 -0.051598023 3.93618 0.5
12.739955 8.3030693 0.056580934 0.0036022208 5.951127 0.5
24.423965 16.408235 0.016007757 -0.0044056434 4.082451 0.5
13.360555 0.69121906 -0.00050849823 0.00017940514 1.780305 0.5
16.071409 15.910159 -0.032276182 -0.0049599048 2.847882 0.5
19.251149 19.502663 -0.022240086 -0.0075606492 1.767937 0.5
7.4339273 23.327518 -0.13999672 -0.072430792 0.00135 0.5
21.107473 25.399664 0.12401432 0.0083423733 5.312468 0.5
20.625048 6.2519127 -0.0064062421 0.009931124 0.320289 0.5
14.851546 14.487219 -0.011411987 -0.01934417 0.581132 0.5
23.161881 16.43504 -0.0055461815 -0.0062281574 3.087421 0.5
17.04918 17.655049 -0.012933111 -0.016616056 3.560403 0.5
5.685059 8.8134882 0.011926854 -0.01021505 0.555117 0.5
20.004996 23.816322 -0.028391281 -0.12256748 6.220608 0.5
19.877115 14.871767 0.013006788 0.017120843 5.652715 0.5
14.668469 27.443021 0.7113057 0.0016440816 0.827952 0.5
14.00505 26.563385 -0.37831953 0.2051532 1.054048 0.5
3.9148059 11.949563 0.01414101 0.018233553 0.319962 0.5
4.817082 5.8070669 0.0090051838 -0.0045959729 2.464344 0.5
25.191051 18.314427 -0.016047163 0.01447297 3.780782 0.5
26.211586 19.282775 0.10994237 -0.013816569 0.745414 0.5
5.4800847 12.344857 -0.022771454 0.022216917 3.348875 0.5
10.779781 6.4822594 0.00033782154 0.009500533 5.365761 0.5
24.19415 17.56099 -0.0050765287 -0.18338324 0.445642 0.5
21.0425 17.802915 -0.054131688 -0.10809767 2.979068 0.5
22.113254 17.017481 0.039245587 -0.018475892 2.813895 0.5
10.198072 9.2133958 0.061136948 0.0011057525 4.039246 0.5
7.6151148 2.4165676 -0.00033612637 0.00015401281 4.602055 0.5
24.163884 22.680958 -3.7168579e-05 -0.20966927 1.676583 0.5
3.8639341 22.566406 0.0058856233 0.003363159 1.207935 0.5
3.9327367 18.656071 0.0073288485 -0.020062583 6.164191 0.5
23.409512 4.9086603 0.030193486 -0.044764728 1.491784 0.5
18.031844 16.103248 -0.016288478 -0.013682972 6.269379 0.5
6.3645903 15.853562 -0.01839181 0.039303246 0.35856 0.5
26.218335 16.280471 0.057166012 -0.025284538 0.326238 0.5
18.50952 12.289164 0.0092546636 -0.037321295 1.608548 0.5
17.793781 11.339819 0.025615766 -0.052917977 2.616667 0.5
22.267675 10.845952 -0.022388146 -0.002331007 0.410672 0.5
4.0027923 20.807406 0.016552897 -0.0060103818 3.210668 0.5
25.48859 9.6478096 -0.0083916482 -0.026415173 0.309541 0.5
20.01864 4.858127 -0.016630453 -0.032605772 1.761874 0.5
18.881158 20.693054 0.020698166 -0.0065856872 4.731547 0.5
20.975436 15.533654 -0.0096649739 -0.032487195 0.313065 0.5
23.083376 22.305012 0.09136016 -0.076852679 0.087229 0.5
18.213723 8.1216956 -0.033610529 -0.018271522 5.713071 0.5
21.019882 4.0521167 0.0048065679 -0.0051046734 0.34983 0.5
15.739108 24.394039 0.079990758 0.13866722 2.015368 0.5
7.2291871 6.6136667 0.007915012 -0.017537826 0.42176 0.5
9.8701286 19.466241 -0.043989154 -0.06274819 5.580866 0.5
11.737589 5.3622674 0.028377912 -0.02973761 4.066321 0.5
23.056955 17.754605 0.11752237 -0.11686233 5.863794 0.5
15.821045 5.7808414 -0.0002801081 -0.00017190888 5.355125 0.5
21.500659 2.9109512 -4.1402447e-05 -0.00014978272 5.404824 0.5
8.5145829 13.545071 0.031512061 -0.027666282 1.361005 0.5
8.5317245 24.119162 0.13758813 -0.10627235 5.19755 0.5
3.1855001 13.258459 -0.011599016 -0.022662585 5.853071 0.5
14.720783 23.961827 0.10302864 -0.24036407 2.830697 0.5
11.917871 3.6983362 -0.00045188778 0.00021826358 3.251414 0.5
21.62485 5.0444234 0.031612251 -0.014466952 3.305262 0.5
21.016831 23.294009 -0.022851344 0.084288883 3.841898 0.5
17.996825 1.2337587 0.00017064139 -0.00024116576 4.917041 0.5
24.512054 7.5394329 -0.025416431 -0.012964344 1.726803 0.5
15.383001 1.8063764 0.00018450544 9.1123374e-05 2.534849 0.5
5.2403148 7.5305224 -0.0044843007 -0.029410777 1.985571 0.5
9.6656097 13.843208 0.017251433 -0.010858039 5.636684 0.5
15.454194 17.241668 -0.10540874 -0.17305138 0.642493 0.5
22.64311 9.7485123 -0.037292425 0.024801222 5.796573 0.5
5.0365889 23.327427 -0.0566995 -0.16008854 4.738871 0.5
18.940913 26.173107 0.038436606 0.092930859 1.568073 0.5
23.89904 8.4940457 -0.030305765 0.025193783 2.749741 0.5
15.465837 3.0880879 -0.00010205667 -0.00016206292 1.171823 0.5
2.4269331 9.4466901 -0.0077387734 0.012690197 2.226958 0.5
22.548623 21.256165 -0.024108762 -0.26265512 1.548545 0.5
15.942705 18.271475 0.030681082 -0.012181237 3.653333 0.5
12.715667 17.537823 0.027097482 0.011059439 4.394256 0.5
21.901891 6.9567335 0.021969804 -0.035598035 0.605652 0.5
6.2727718 23.873223 -0.1990214 -0.058234396 3.106146 0.5
22.675857 5.7976966 -0.00024020343 -0.021533565 3.095002 0.5
10.686095 24.757632 -0.083807437 -0.18553307 1.841384 0.5
20.055057 20.53363 -0.18515405 -0.022106954 6.034028 0.5
4.3579489 4.710067 -0.0039165534 -0.01363635 1.857551 0.5
14.573193 5.1923493 -0.00064821991 0.00035608228 1.702664 0.5
15.63248 7.1049375 -8.3337459e-05 8.0351661e-05 1.16125 0.5
26.421328 17.941839 0.004377808 -0.027242845 4.720586 0.5
3.3382558 17.43738 -0.014007656 -0.026544256 0.205718 0.5
18.674806 10.444731 -0.0017220503 -0.010888934 5.820667 0.5
16.372257 10.058898 -0.001825272 -0.018265175 3.894129 0.5
22.995064 18.945734 0.13170677 -0.09701968 3.074393 0.5
9.5368042 16.844737 -0.039283729 -0.27961315 0.467747 0.5
14.434254 18.703216 -0.039046123 -0.10056767 5.60533 0.5
19.652404 16.135438 -0.034035693 0.0054575157 6.227367 0.5
21.907872 18.532087 0.033767222 -0.22508971 5.177094 0.5
20.077744 21.684418 -0.036938868 -0.27588102 0.203779 0.5
24.360414 5.5634009 -0.01113521 -0.01641017 6.095105 0.5
25.987282 10.715541 0.034394344 -0.041813607 5.150288 0.5
13.1203 20.158376 -0.092060493 -0.02321974 3.059892 0.5
20.699954 9.190305 -0.014945336 0.0015180517 3.692189 0.5
21.011356 16.676371 -0.15110403 -0.18684524 3.246869 0.5
8.4559533 12.23652 0.0094683715 -0.0029822822 2.032293 0.5
25.180248 15.469249 0.013881116 -0.046938636 6.136396 0.5
19.541008 1.8668893 -0.00052153967 0.0019141276 4.563161 0.5
18.80878 3.2098305 0.00047699111 0.00050192415 5.916686 0.5
24.665165 20.574601 -0.027988446 0.12180047 1.344992 0.5
21.965293 19.87113 0.08021707 -0.022283533 3.633442 0.5
22.746846 8.5460342 -0.014414341 -0.013302732 2.78777 0.5
23.068593 7.4680556 -0.023904936 0.0091495075 1.483056 0.5
23.730582 6.515766 -0.021849412 -0.027328869 0.879468 0.5
17.037787 2.2733038 2.0240539e-05 -3.7692807e-06 4.923104 0.5
23.438928 20.027914 0.1930554 0.0089497274 5.350229 0.5
6.1420056 18.952587 -0.29735177 -0.067585972 1.508644 0.5
18.783905 15.150169 -0.017322548 -0.019183549 4.32761 0.5
15.723943 12.132949 0.00015186894 0.0080921596 1.3724 0.5
16.398978 0.96740477 0.00048369037 -0.0005988611 2.64206 0.5
4.111811 7.0929815 0.061518321 0.032468729 2.466218 0.5
3.8056721 8.9878782 0.0071357025 -0.00054617703 0.69625 0.5
14.822316 11.200002 -0.0074584931 -0.040447479 0.502972 0.5
12.748289 5.8688764 -5.1726788e-05 0.00013613239 4.066135 0.5
12.601887 14.070212 -0.015815707 -0.028028813 3.026607 0.5
2.6946036 12.05765 0.014267068 -0.0082215208 6.171553 0.5
26.733375 9.7940955 -0.015218913 -0.0029778677 3.767955 0.5
24.104527 18.759619 0.034168449 -0.025323601 5.349705 0.5
11.93854 6.6559063 0.012501271 -0.00048275737 3.28374 0.5
9.9045995 4.8953802 0.017276557 -0.01281713 1.964272 0.5
2.039337 13.333283 -0.0029153027 -0.024274619 1.170799 0.5
19.410526 11.550986 -0.023643319 0.0040099284 0.802835 0.5
25.740834 7.6550685 -0.012643885 -0.041696255 5.063896 0.5
9.2454516 25.228356 0.015837321 0.020651114 2.243796 0.5
6.2326342 21.964953 -0.15480397 -0.20442116 5.270568 0.5
13.927995 13.221667 -0.017881617 -0.047025582 5.757172 0.5
12.640233 1.7530814 0.0004967773 0.0010422948 5.271397 0.5
22.119983 14.624822 -0.026021035 -0.00024372187 3.151318 0.5
27.279068 12.30031 0.022330826 -0.0032755576 0.221595 0.5
11.516325 23.427566 -0.12803699 -0.12368814 1.510648 0.5
12.587489 25.59155 0.0065084281 -0.12105632 5.29405 0.5
7.3163323 13.113954 0.023835663 -0.0019731676 2.737677 0.5
18.756682 13.949999 -0.013496491 -0.032798137 4.134415 0.5
19.61573 22.763284 -0.078608324 -0.15593948 1.432456 0.5
21.529456 9.9620782 -0.013908131 0.00041886007 2.840655 0.5
25.085708 6.4558769 -0.013279777 -0.01403876 2.899005 0.5
16.913044 21.545069 -0.19604513 -0.22104478 4.137855 0.5
27.271763 15.82237 -0.0081517751 -0.018125577 1.992807 0.5
27.102259 16.959715 0.038777325 0.011228211 0.375558 0.5
1.7824223 8.423218 0.0057283656 -0.02627357 0.629977 0.5
2.1588975 16.58324 -0.0038242376 -0.0013316179 5.301885 0.5
17.422566 18.73854 0.13720541 -0.18208493 1.197725 0.5
25.077353 19.525051 0.17675405 0.087744428 2.939026 0.5
19.231983 7.3133095 0.00099425786 -0.027191465 3.912909 0.5
19.29471 6.1564324 -0.0051894268 -0.028455202 3.115045 0.5
3.1547764 14.962375 -0.0059394135 -0.0058978414 1.662001 0.5
25.336496 13.639526 0.012979653 -0.041884923 0.131507 0.5
