# x y vx vy theta radius
12.694521 9.107895 -0.63685692 -0.50191296 4.9359076 0.5
11.640064 15.490061 0.022091019 0.00096778431 1.764168 0.5
0.78173051 14.079196 -0.0038202671 0.0037103891 3.951996 0.5
6.3645712 22.97056 0.041521483 0.040435921 4.259518 0.5
0.8583002 16.415287 -0.0088350193 0.016938748 1.882067 0.5
2.2624919 8.0062352 0.0043824448 0.008720411 0.92276 0.5
9.3672959 21.590277 -0.0084083623 0.023559445 4.981497 0.5
6.7915545 18.178452 0.017818334 0.018432841 0.663689 0.5
4.5856228 8.213687 0.012887852 -0.018003377 4.599871 0.5
5.0708817 10.3311 0.022368015 0.015654426 3.315122 0.5
6.1595786 6.2476523 0.017082 -0.0080747141 5.224588 0.5
22.810242 16.294129 0.093526321 -0.084036562 4.739779 0.5
4.4544981 9.3300434 0.011814271 0.029240511 0.624425 0.5
16.708942 12.997622 -0.065756678 -0.012527271 0.734434 0.5
7.5645655 21.479692 0.051396136 0.025299274 4.989084 0.5
18.297013 21.991512 -0.023455116 0.1304265 2.508867 0.5
11.883272 12.219413 0.014367439 -0.00222641 5.939565 0.5
6.3957319 19.431662 -0.0052771492 0.046548663 0.028815 0.5
16.320505 24.045993 0.0004185038 0.048024047 3.449449 0.5
6.3842557 12.890486 -0.0038792292 0.022765686 0.592282 0.5
19.920574 22.108701 -0.020927741 0.056200957 6.045768 0.5
7.6458991 15.935903 0.02334005 0.012442291 0.890473 0.5
15.18186 23.617806 -0.011811842 0.010051642 2.353219 0.5
14.549192 5.0743075 0.021257462 0.053326554 1.672869 0.5
10.985297 27.003284 -0.029022488 -0.0070055544 4.21507 0.5
4.1203967 6.7033862 0.00051514839 -0.0099736368 0.4829 0.5
1.0306006 10.741241 -0.009075017 0.00089862272 6.274711 0.5
13.108779 19.548109 -0.0034215651 0.0091574157 1.301021 0.5
16.239747 1.4372726 0.090021325 -0.018784785 3.538852 0.5
20.211174 13.833307 0.062183352 -0.039643215 1.72413 0.5
4.9062686 19.775765 0.0053407833 0.0087618892 0.779811 0.5
22.53211 22.632941 0.017843567 0.0406833 1.209651 0.5
20.080715 16.334212 0.030002923 0.0077003919 5.377079 0.5
3.4694166 14.09532 0.0090674711 0.018087587 3.122843 0.5
5.5116361 15.184151 0.0047962453 0.015856691 4.105439 0.5
7.5113917 12.032971 0.017281603 -0.0016620647 2.246795 0.5
10.663514 4.0173679 -0.036662009 0.038019008 3.468535 0.5
9.9729008 26.449387 -1.4791147e-09 -2.8807165e-10 5.532293 0.5
13.367865 7.3345066 -0.078381024 0.0041557668 0.531572 0.5
12.822454 18.458963 -0.010106729 0.0006566132 5.261584 0.5
8.9906919 6.8937813 0.024862119 0.003442987 0.040113 0.5
12.260737 27.246991 0.00087529626 -0.014969794 4.576591 0.5
26.243235 18.818856 -0.012666578 -0.020164104 0.209824 0.5
8.2184567 10.37631 -0.021581355 -0.0012419452 1.770879 0.5
11.808542 20.19454 0.00220418 0.036357394 4.791815 0.5
17.976643 19.776365 -0.0263067 0.00034189874 2.522673 0.5
3.8122298 21.872678 0.023039086 0.0026629436 3.232151 0.5
17.198714 25.697646 -0.071821087 0.034689539 0.943125 0.5
10.184965 15.884035 0.025818533 0.0073361765 1.031271 0.5
17.819965 26.71095 0.037750122 0.076239227 1.523797 0.5
5.3926972 18.608104 0.0065271032 0.013520788 1.787492 0.5
21.41684 14.70119 -0.0094423367 0.0011832786 3.056837 0.5
15.256319 6.2155909 -0.013916822 0.015658143 3.332967 0.5
8.1669131 22.752332 -0.011433191 0.022047864 3.889918 0.5
11.746426 6.1321989 0.4328298 -0.27643635 1.775857 0.5
7.7048339 2.1956722 0.0044522115 -0.024322571 4.33857 0.5
12.491012 16.498509 0.0052073648 0.016154084 2.652322 0.5
18.371641 25.524658 -0.020253209 0.084001022 1.360759 0.5
5.7748938 8.8499241 0.039473418 -0.013562644 1.350476 0.5
19.047942 26.454189 -0.00015139395 0.00065521555 3.139709 0.5
6.1375486 16.458882 0.013597319 -0.015869333 3.877928 0.5
9.8520121 14.652167 0.018416076 0.019636683 4.111005 0.5
12.100872 4.0894239 0.021724363 0.078029349 4.354529 0.5
6.9461033 10.105544 0.025613051 0.006682272 1.958136 0.5
13.846383 14.213084 0.001110774 0.009792573 1.935129 0.5
19.088703 23.172434 -0.010935155 0.0043899673 0.983243 0.5
15.437059 16.7348 -0.10788584 0.079149595 4.524452 0.5
15.178431 8.1172257 0.011675522 -0.28865165 4.628506 0.5
24.013895 20.622477 0.042468824 -0.0012572334 4.619789 0.5
24.113795 17.67526 0.0022556211 -0.0084130558 6.246698 0.5
9.8087308 4.7281878 -0.12799282 0.0093335054 2.597917 0.5
12.224083 21.698621 0.0014593196 0.011722882 5.540445 0.5
24.710986 16.705157 -0.0001034607 -0.00043965983 1.135786 0.5
17.160564 21.883711 -0.014943054 -0.0018659607 0.649744 0.5
9.7459755 2.5550858 -0.099867336 -0.035069211 4.647872 0.5
13.635649 1.3404619 0.02917964 -0.025947338 3.116928 0.5
4.6226748 21.025216 0.015664121 0.030350994 1.058365 0.5
21.618747 15.897734 0.027965163 -0.042865888 1.223223 0.5
17.780529 16.677414 0.024422312 -0.077466949 6.185729 0.5
12.66568 23.668519 -0.0037263708 0.028919822 5.03693 0.5
6.8281383 7.8262348 0.049803208 0.022603563 0.158334 0.5
3.6988381 10.67282 -0.0058259751 0.0077371504 0.09489 0.5
9.6728866 13.537816 0.018294733 0.0024277517 3.182579 0.5
24.513587 22.352238 -0.033644759 0.0018785389 5.999337 0.5
19.944017 25.30604 -0.00013794888 0.0023300093 0.712677 0.5
16.616904 16.279627 -0.10679965 0.10071168 1.70588 0.5
22.003154 6.3368814 -0.026218287 -0.025024816 5.092516 0.5
16.808455 3.2676884 0.047041253 -0.0087553531 0.506989 0.5
7.2010028 3.9596633 0.0068019031 -0.0043441517 4.452103 0.5
8.6176514 11.625005 0.0097352683 0.02914297 3.429354 0.5
27.397761 14.998078 0.001691548 0.00079785506 5.942963 0.5
17.45369 23.214222 -0.053716322 0.00098411731 2.062723 0.5
15.612358 21.385986 -0.078097042 0.015839798 2.598321 0.5
25.133013 19.323725 0.0045322596 -0.040707676 6.159219 0.5
23.460916 21.885885 -0.0035084269 -0.013869392 1.488917 0.5
11.471751 18.89811 0.022787595 0.0071533377 1.927238 0.5
24.842624 15.001551 0.0050707367 -0.015676082 3.98558 0.5
21.837581 24.882626 0.0051733354 -0.0037991295 3.515453 0.5
23.917597 15.778054 -0.00059226421 -0.001545194 3.362574 0.5
14.970528 14.530828 -0.26522324 -0.17152406 2.617045 0.5
11.965272 8.0937158 -0.28209041 0.13443354 4.416501 0.5
14.875108 15.702473 -0.0034241623 -0.0017369409 2.357123 0.5
15.590333 13.56621 0.14767118 0.10811675 0.027213 0.5
16.363475 22.74195 -0.023891176 -0.0016489004 3.270335 0.5
18.927487 18.72626 0.1049323 0.18874389 5.133302 0.5
7.7477192 17.318773 0.0035724449 0.0084065447 4.163048 0.5
22.728305 13.296321 0.028727802 0.069070168 3.93618 0.5
19.875408 17.95848 0.034870084 0.068536056 5.951127 0.5
14.96922 0.59767754 -0.034476978 0.042864051 4.082451 0.5
22.955048 17.415491 0.023844102 0.0069824654 1.780305 0.5
13.841277 25.816374 -0.013383095 0.0024688932 2.847882 0.5
4.0632305 13.101311 0.023314865 0.023695646 1.767937 0.5
4.8953355 5.8599456 0.013557626 -0.0074379274 0.00135 0.5
1.5995 18.902315 -0.0022318083 0.018188644 5.312468 0.5
15.026011 22.471819 -0.032378389 0.059825287 0.320289 0.5
7.3210253 20.072665 -0.021136097 0.011151667 0.581132 0.5
4.3525353 11.652973 -0.0003727328 -0.012404931 3.087421 0.5
26.552028 12.893704 -0.0024643998 -0.0017166398 3.560403 0.5
15.890957 11.864443 0.019198607 -0.017833649 0.555117 0.5
9.0368107 15.552836 0.0072708349 0.0051609335 6.220608 0.5
11.363653 23.077217 -0.018244844 0.029104662 5.652715 0.5
26.106307 14.56834 0.0058391898 -0.016730076 0.827952 0.5
25.630674 15.924642 0.00023090376 0.025645833 1.054048 0.5
5.6899181 17.485316 0.014219573 0.0012645807 0.319962 0.5
20.727267 19.264296 0.025116882 0.017792564 2.464344 0.5
20.54256 23.087362 0.01357387 0.047931092 3.780782 0.5
15.22239 17.878618 -0.085090978 -0.0756013 0.745414 0.5
13.152721 20.697508 -0.006622457 0.0080170026 3.348875 0.5
9.8022093 10.81756 0.027677051 0.0020561014 5.365761 0.5
1.2219469 17.599497 -0.0036844708 0.02897844 0.445642 0.5
8.8450382 17.058976 0.00069009466 0.036222335 2.979068 0.5
3.3387545 9.0759435 0.017594043 -0.013668807 2.813895 0.5
14.407196 27.38829 0.0050106427 0.025762684 4.039246 0.5
6.0435296 3.3429894 0.0045033516 0.011560524 4.602055 0.5
19.684075 24.175429 -0.10206113 0.011105848 1.676583 0.5
17.886581 20.948552 -0.044021898 0.022988877 1.207935 0.5
2.296799 17.969065 0.0062081291 -0.0099453213 6.164191 0.5
21.466166 11.101882 0.056043973 -0.0048467741 1.491784 0.5
12.614595 1.9245824 0.01158914 0.01812135 6.269379 0.5
15.445876 19.027518 0.030500941 0.21292301 0.35856 0.5
11.515642 0.85833628 0.00093335026 0.097084983 0.326238 0.5
4.2663389 17.810749 0.0013172072 0.0087915122 1.608548 0.5
20.164803 9.1560588 0.0077654989 -0.018181265 2.616667 0.5
19.156826 19.972891 -0.0073219714 0.054752435 0.410672 0.5
4.0959957 18.967196 0.01688775 0.0037283786 3.210668 0.5
5.0864196 4.6347098 0.00073326252 0.0122936 0.309541 0.5
23.634328 23.351639 -0.0011444632 0.0043455198 1.761874 0.5
12.206489 13.900202 0.0042195645 -0.0088685855 4.731547 0.5
16.825997 19.823963 0.026813444 -0.00071951741 0.313065 0.5
17.520299 14.970128 0.20227456 0.089821939 0.087229 0.5
22.841559 20.053372 0.024027148 0.025971049 5.713071 0.5
13.650669 2.6864698 0.00055554499 -0.0022648244 0.34983 0.5
22.706521 24.088636 0.09735637 0.029179337 2.015368 0.5
21.90212 21.163379 0.095248555 0.060013389 0.42176 0.5
4.9192202 16.65805 0.015800532 -0.0059525661 5.580866 0.5
1.3393632 13.065412 0.0078862554 0.011576267 4.066321 0.5
12.427391 11.093687 -0.28270615 -0.019465693 5.863794 0.5
17.492463 18.437045 -0.057924371 -0.032715696 5.355125 0.5
8.3407123 5.4292239 0.040893952 0.022468183 5.404824 0.5
17.192859 8.8682198 -0.0085305126 0.35383421 1.361005 0.5
25.200327 21.339238 -0.084461726 -0.085732923 5.19755 0.5
12.913968 14.868768 0.0072786603 0.0087900859 5.853071 0.5
1.0252761 11.876202 -0.028918215 0.041302956 2.830697 0.5
8.8012711 1.8957191 0.0065417218 -0.00316184 3.251414 0.5
23.624327 13.990909 0.004445816 -0.026159433 3.305262 0.5
4.4249344 14.762814 0.0076083327 0.0034322244 3.841898 0.5
20.918874 24.221613 -0.012151376 -0.00084036324 4.917041 0.5
15.717377 26.843032 -0.00015706882 -0.032020491 1.726803 0.5
3.3059532 12.159596 0.0067127565 0.010060154 2.534849 0.5
3.770802 5.4877251 0.01185295 -0.010415815 1.985571 0.5
0.83085677 15.286343 -0.011455363 0.00094642512 5.636684 0.5
3.9568119 15.819517 0.036685933 0.0030790334 0.642493 0.5
18.38055 17.708466 -2.5200115e-05 0.04289786 5.796573 0.5
21.839555 9.6172516 -0.0013859418 -0.16296159 4.738871 0.5
7.5047099 24.272469 0.063100929 -0.016636075 1.568073 0.5
5.9171242 20.584693 -0.00094135371 0.043780707 2.749741 0.5
23.975687 19.302211 0.0077716419 0.0219613 1.171823 0.5
1.7658995 9.398535 -0.0022877977 0.0081464711 2.226958 0.5
7.9814454 7.9729868 0.0062620266 -0.0040201534 1.548545 0.5
10.011016 16.990743 -0.0014998542 -0.0037168595 3.653333 0.5
5.7984567 14.092953 0.0036762299 -9.3494142e-05 4.394256 0.5
10.429408 18.412041 0.059706664 0.011704453 0.605652 0.5
3.400402 7.8091172 -0.0055545563 -0.0072749278 3.106146 0.5
8.5344198 14.405209 -0.013247895 0.020382232 3.095002 0.5
9.6095978 12.367648 0.018925944 0.0085632758 1.841384 0.5
9.36292 20.070336 0.0095154857 0.043794275 6.034028 0.5
14.018682 12.821903 -0.1152096 0.11259033 1.857551 0.5
2.9295412 15.178632 -0.0071877694 0.025735132 1.702664 0.5
4.2531074 23.162452 0.013951047 0.013472514 1.16125 0.5
16.299706 18.273802 -0.065810083 -0.01867986 4.720586 0.5
8.6440724 3.4146513 0.023868269 0.010377209 0.205718 0.5
17.432488 24.457018 -0.052334378 0.0090581581 5.820667 0.5
20.147189 15.169674 0.044935087 -0.046522668 3.894129 0.5
9.9680436 7.727695 0.0018026966 0.014055948 3.074393 0.5
19.236131 21.227207 0.01528028 -0.015984143 0.467747 0.5
23.853682 12.553922 0.10086008 -0.0057216216 5.60533 0.5
21.515655 7.5742424 -0.059455212 0.052677095 6.227367 0.5
14.48378 21.018639 -0.014227908 0.014636179 5.177094 0.5
11.131289 2.3783035 -0.020768834 -0.048286131 0.203779 0.5
8.1375429 19.162232 -0.014734107 -0.0019241667 6.095105 0.5
20.765134 12.330368 0.013543374 -0.0093487247 5.150288 0.5
2.14053 10.572103 0.019629011 0.011012513 3.059892 0.5
21.335162 22.120527 0.019353795 0.022352222 3.692189 0.5
25.214831 18.170529 0.040071766 -0.03554608 3.246869 0.5
10.770009 12.711974 0.0034856719 0.019991766 2.032293 0.5
7.2091518 5.1003855 0.021963278 0.015747713 6.136396 0.5
5.1888492 12.736682 -0.028096286 0.021829993 4.563161 0.5
13.973039 6.3515221 0.097069825 -0.021029135 5.916686 0.5
2.133511 16.813629 -0.0015587628 0.028810196 1.344992 0.5
8.0418895 9.2121272 0.016064805 0.01005716 3.633442 0.5
18.543821 24.1687 0.0061942847 0.010046266 2.78777 0.5
26.792991 17.779508 -0.0024245927 0.0038858878 1.483056 0.5
20.235227 11.321398 0.03288462 -0.032868522 0.879468 0.5
7.1676436 13.840009 0.032244447 -0.0060818437 4.923104 0.5
13.403039 17.337805 0.022843498 0.014630636 5.350229 0.5
2.0473721 20.143443 0.027239585 0.016782733 1.508644 0.5
25.787392 20.260715 0.036212227 0.030226846 4.32761 0.5
13.736958 11.290066 -0.15291393 -0.0097012116 1.3724 0.5
8.9542206 24.310168 -0.016499161 0.050762032 2.64206 0.5
21.567997 20.035207 0.036819422 -0.026176692 2.466218 0.5
2.4279537 13.45788 0.0088596314 -0.010199477 0.69625 0.5
5.8464421 21.868247 0.013517659 0.009457982 0.502972 0.5
1.908756 14.505078 -0.0055419339 -0.0068478508 4.066135 0.5
3.7326141 20.04199 0.0053686167 0.00090075605 3.026607 0.5
25.785774 10.040166 -0.024697664 0.061565043 6.171553 0.5
14.275716 19.750477 -0.0017046433 0.0095737836 3.767955 0.5
15.725207 20.147166 0.0019345917 0.0094596138 5.349705 0.5
11.166177 11.171498 0.042466363 -0.012006651 3.28374 0.5
26.793079 16.247646 0.055369735 0.01812552 1.964272 0.5
22.782065 14.89256 0.0054243077 0.00461517 1.170799 0.5
11.104157 25.262335 2.0370573e-09 1.5742083e-09 0.802835 0.5
13.740054 24.416151 -0.0037381497 0.027501615 5.063896 0.5
24.050608 7.93662 0.037802192 0.01496972 2.243796 0.5
2.9190734 6.6294271 0.0048325643 -0.0073608484 5.270568 0.5
22.743597 18.682037 -0.032039032 0.0076352782 5.757172 0.5
2.7330429 19.193751 -0.0012527352 0.025851316 5.271397 0.5
2.9100652 21.058189 0.016057359 0.0098593521 3.151318 0.5
9.5393075 9.0252845 0.026112481 0.00094530991 0.221595 0.5
11.88495 17.587939 -0.002964227 0.0161406 1.510648 0.5
5.628566 7.4009764 0.0043601813 0.013083456 5.29405 0.5
13.167262 22.414859 -0.0046685438 0.0014224212 2.737677 0.5
6.0338461 11.586941 0.0087442864 0.016682907 4.134415 0.5
10.940996 8.679481 -0.4201209 0.052400781 1.432456 0.5
21.685232 23.398564 -0.026027127 0.066649534 2.840655 0.5
7.6782401 6.6840554 0.0086445583 -0.02329396 2.899005 0.5
1.8897182 15.70646 0.0060667235 0.0096465574 4.137855 0.5
13.75061 15.741629 -0.10418607 0.0035216761 1.992807 0.5
20.355336 20.867405 -0.043396987 0.012131341 0.375558 0.5
2.1773305 11.86716 0.016175886 0.013636959 0.629977 0.5
24.609816 13.44131 0.032557312 -0.021949389 5.301885 0.5
11.214627 9.885593 0.014514725 0.20064448 1.197725 0.5
6.6606858 15.068291 0.008181472 -0.00025590128 2.939026 0.5
3.2285608 17.293856 0.012870249 0.014272739 3.912909 0.5
10.524919 21.622839 0.0014182505 0.024363128 3.115045 0.5
10.773583 5.2362294 -0.86559055 -0.91971319 1.662001 0.5
9.280152 18.578384 -0.0084155035 -0.010743051 0.131507 0.5
