# x y vx vy theta radius
14.297104 12.10776 -0.96891227 0.5019765 2.9778634 0.5
19.315837 18.652147 0.040442679 -0.025010506 1.764168 0.5
13.895413 14.598929 -0.42616213 0.07676503 3.951996 0.5
17.765627 16.339138 -0.073418712 0.021896606 4.259518 0.5
25.217963 19.008612 0.035912264 0.0045770971 1.882067 0.5
26.58657 9.3522196 -0.10191452 0.18820219 0.92276 0.5
17.018138 11.45119 0.050586032 -0.022841823 4.981497 0.5
20.541571 11.417366 -0.058797914 0.16588294 0.663689 0.5
23.176077 4.2791098 -0.30746936 -0.1066928 4.599871 0.5
15.540435 23.757672 0.0079568013 -0.0068431081 3.315122 0.5
11.55898 24.185747 -0.019204052 -0.017733411 5.224588 0.5
23.202417 7.9489546 0.044997781 0.065481746 4.739779 0.5
22.755076 5.3705809 -0.26778838 0.26683092 0.624425 0.5
21.243872 18.048101 0.018027334 0.14645017 0.734434 0.5
24.324485 22.55411 0.0048910432 0.0053298416 4.989084 0.5
19.936568 8.247937 0.18265253 -0.17075455 2.508867 0.5
12.881643 12.765494 -0.28272857 0.03017412 5.939565 0.5
19.464042 23.896717 0.011662767 0.021308735 0.028815 0.5
15.60772 21.437469 0.26649486 0.21569199 3.449449 0.5
19.876402 12.369146 0.089059021 -0.065500359 0.592282 0.5
15.006209 14.112517 -0.015349343 0.24900211 6.045768 0.5
16.978724 10.134226 -0.27499036 0.16130332 0.890473 0.5
9.0521171 22.578038 0.0025915229 -0.011203864 2.353219 0.5
27.322969 14.858549 0.0012281957 0.0084940021 1.672869 0.5
24.880421 16.110948 -0.012199614 -0.0092400019 4.21507 0.5
27.17636 13.592182 0.016224512 0.048223997 0.4829 0.5
18.993319 5.329347 0.054000071 -0.060588084 6.274711 0.5
14.527663 9.8837776 -0.066416017 0.027293957 1.301021 0.5
21.507544 5.3925826 0.5523762 -0.075881966 3.538852 0.5
20.404604 25.714014 -0.0064857848 0.002465895 1.72413 0.5
24.401679 7.950523 0.0077321542 -0.05120583 0.779811 0.5
23.721737 21.476882 0.02175306 0.0088356749 1.209651 0.5
20.160747 17.667705 0.097712985 -0.048537606 5.377079 0.5
26.262761 11.62378 -0.0093173273 -0.056941207 3.122843 0.5
12.969059 4.0569167 0.19565571 0.16928712 4.105439 0.5
11.561589 17.832506 -0.0014653988 0.0035939879 2.246795 0.5
23.683394 9.2591942 0.030663329 -0.091527324 3.468535 0.5
19.970143 6.7329168 0.18976242 -0.05617965 5.532293 0.5
16.639086 0.94016758 -0.054028774 -0.028497016 0.531572 0.5
16.522821 26.899003 -0.00028561734 -0.0037857034 5.261584 0.5
20.605242 4.4593138 -0.13381293 -0.086716307 0.040113 0.5
23.006213 22.352297 0.007613049 -0.016260343 4.576591 0.5
7.8833155 19.152004 -0.0093035943 0.0068908004 0.209824 0.5
19.362913 11.179939 -0.026984235 0.0089117173 1.770879 0.5
6.4356043 24.315359 -0.016609121 0.016194692 4.791815 0.5
11.1302 21.957397 -0.0066107906 0.0039248461 2.522673 0.5
7.8605953 16.552202 0.0010980123 -0.0045225405 3.232151 0.5
14.788077 19.414469 0.067999769 -0.024078063 0.943125 0.5
12.221646 14.117827 -0.015100139 0.035164089 1.031271 0.5
23.195421 19.139306 0.080463821 0.079730657 1.523797 0.5
16.671162 16.603617 0.026784895 -0.012092663 1.787492 0.5
14.027709 2.6760389 -0.038308148 -0.15450566 3.056837 0.5
22.466753 24.410602 -0.00096124177 0.00013326153 3.332967 0.5
16.248464 24.695736 0.0089465363 -0.015459633 3.889918 0.5
20.192213 22.891305 -0.009348158 -0.003343432 1.775857 0.5
24.054372 5.3990437 0.22375956 -0.17832872 4.33857 0.5
18.20663 14.534121 0.014699779 -0.054525355 2.652322 0.5
25.643814 20.450033 -0.0086967488 0.0027975924 1.360759 0.5
6.4037931 7.3385784 0.096251103 0.20923501 1.350476 0.5
22.424989 16.079001 -0.056477622 -0.014118125 3.139709 0.5
26.936978 10.718878 0.16758062 0.093315841 3.877928 0.5
15.903606 17.604928 -0.0049392679 -0.0070450378 4.111005 0.5
20.394822 24.539885 -0.010028059 -0.00044878589 4.354529 0.5
14.613559 20.817556 0.078117781 0.22027283 1.958136 0.5
6.0878963 21.761278 0.0054908217 -0.010274023 1.935129 0.5
25.364842 12.38504 0.075310136 0.1217197 0.983243 0.5
11.569697 26.917486 0.002325572 -0.0083459493 4.524452 0.5
20.046004 20.889367 -0.016621579 -0.0022353075 4.628506 0.5
24.161899 13.986765 0.010267531 0.045440292 4.619789 0.5
17.420337 2.2877862 0.049623278 -0.44557818 6.246698 0.5
18.853632 2.2215854 -0.020732814 0.0055190261 2.597917 0.5
26.249942 19.481288 0.038862539 0.0010868961 5.540445 0.5
12.685794 27.266244 -0.0010665187 -0.0067870182 1.135786 0.5
17.260576 7.6735638 -0.22995123 -0.30317512 0.649744 0.5
4.4774111 13.823381 -0.19174535 0.25249825 4.647872 0.5
13.07478 0.65100852 0.0043858932 0.054107842 3.116928 0.5
25.436054 13.525104 0.13462323 -0.023215491 1.058365 0.5
10.233834 23.760589 -0.005705317 -0.014585034 1.223223 0.5
15.53743 25.593744 -0.002630147 0.0025845186 6.185729 0.5
23.757577 11.401408 -0.051199609 -0.052191157 5.03693 0.5
18.268467 25.711177 -0.00087448024 -0.0082296475 0.158334 0.5
14.363883 26.082492 0.0001219282 -0.0060524099 0.09489 0.5
21.436675 25.052739 -0.014889451 -0.010195465 3.182579 0.5
21.470155 12.092071 0.085239872 -0.1664342 5.999337 0.5
5.8564249 20.294195 0.0080924858 -0.039178446 0.712677 0.5
15.203006 5.6006858 -0.05527495 0.1118451 1.70588 0.5
22.13004 14.991785 0.16804636 0.017834985 5.092516 0.5
26.171788 14.372476 0.082575964 0.0089284612 0.506989 0.5
5.6900328 16.183493 -0.0014685825 -0.0069744191 4.452103 0.5
18.488011 17.19777 0.14433182 0.21543032 3.429354 0.5
11.032241 16.760392 -0.021244582 0.0063430338 5.942963 0.5
3.0558024 18.679526 0.01125631 -0.026415993 2.062723 0.5
22.260609 20.030362 0.08110485 0.10008623 2.598321 0.5
10.971983 13.130366 -0.025928586 -0.017814535 6.159219 0.5
3.0113285 21.19902 -0.027989418 -0.013372717 1.488917 0.5
15.688699 8.9687899 -0.069565294 0.16411088 1.927238 0.5
13.562225 21.210383 -0.42901884 0.1558587 3.98558 0.5
16.69163 13.73689 0.24147471 0.31127288 3.515453 0.5
12.407319 20.136793 0.0073414889 0.089020592 3.362574 0.5
26.971195 16.077058 -0.0085132551 0.028652802 2.617045 0.5
14.332937 15.618392 -0.038379373 0.23824328 4.416501 0.5
20.424457 2.2751818 0.0018839984 -0.042208356 2.357123 0.5
27.025855 17.270159 0.0012911582 0.04295763 0.027213 0.5
18.289759 23.933835 -0.008286199 -0.0036851828 3.270335 0.5
9.548392 17.07707 0.001923239 -0.0070647566 5.133302 0.5
19.380144 25.057098 -0.0013331531 -0.0017659963 4.163048 0.5
12.531487 21.922662 0.0093082177 -0.013419483 3.93618 0.5
17.046849 19.203544 -0.014644431 -0.021397847 5.951127 0.5
22.274186 17.206892 0.024204841 0.052056619 4.082451 0.5
5.0300582 21.213162 -0.0035864154 -0.007409384 1.780305 0.5
13.63638 20.042897 0.0093607885 0.23049065 2.847882 0.5
26.022804 8.2364851 -0.14062312 -0.066604991 1.767937 0.5
18.757048 7.0927912 -0.06631725 -0.094880961 0.00135 0.5
20.081137 3.4648029 -0.052189002 0.020050651 5.312468 0.5
21.034828 14.555306 -0.032486845 0.14707746 0.320289 0.5
4.7028411 19.7157 -0.0077955323 -0.019394837 0.581132 0.5
25.993167 16.652779 0.017480573 0.089883791 3.087421 0.5
16.865587 21.573656 -0.19988035 0.20272847 3.560403 0.5
12.874283 17.763372 -0.013586788 0.0056734027 0.555117 0.5
17.758426 6.1219755 -0.25463503 -0.28554686 6.220608 0.5
17.423269 22.536168 0.0066450178 0.018834679 5.652715 0.5
25.525682 17.916617 0.15242392 0.090629795 0.827952 0.5
7.6702346 24.563691 -0.015061959 -0.022813863 1.054048 0.5
9.1394725 14.772762 0.42541694 0.30810731 0.319962 0.5
23.058366 14.31073 0.022761173 0.056706083 2.464344 0.5
17.739471 26.853563 0.00017749576 0.0098700731 3.780782 0.5
18.21717 21.556554 0.035008428 0.055978462 0.745414 0.5
9.6964398 4.2657738 0.03585593 0.24256667 3.348875 0.5
23.635752 15.37613 0.088667037 -0.070908778 5.365761 0.5
17.136987 3.317376 0.092467882 -0.2692389 0.445642 0.5
24.235006 18.419719 0.0076545375 -0.0025470494 2.979068 0.5
25.088174 11.263217 -0.18354607 0.080424762 2.813895 0.5
27.137932 12.470728 -0.0012533527 0.00085587815 4.039246 0.5
25.365797 9.1888228 -0.33699811 0.10807146 4.602055 0.5
20.986387 15.686632 -0.14688902 -0.029416483 1.676583 0.5
25.818261 10.442944 0.071354133 0.00030887403 1.207935 0.5
14.112368 8.3191148 -0.0098199798 0.088647476 6.164191 0.5
21.088647 23.628674 0.00094284686 -0.00053865629 1.491784 0.5
17.229174 17.781562 -0.016005104 0.058876844 6.269379 0.5
17.071433 8.9758265 -0.13057044 0.052628686 0.35856 0.5
15.133906 22.594423 0.0053266465 -0.0057359897 0.326238 0.5
9.7359409 21.161851 0.0039907839 -0.0255883 1.608548 0.5
11.970259 23.141849 -0.00033568595 -0.0070424503 2.616667 0.5
19.779644 13.999579 -0.013154504 0.034465408 0.410672 0.5
24.428986 10.322802 0.20341504 0.017059022 3.210668 0.5
15.774572 13.034483 -0.01331991 0.06442331 0.309541 0.5
26.602738 18.395762 -0.043864631 -0.014763413 1.761874 0.5
21.472122 20.989839 -0.0065145786 0.00096962899 4.731547 0.5
18.162797 19.413766 -0.10811648 0.37632407 0.313065 0.5
24.522967 20.648355 0.025107422 0.051952516 0.087229 0.5
21.584446 2.922676 0.0074087585 -0.034940907 5.713071 0.5
23.290361 17.732278 -0.0075586015 0.064512073 0.34983 0.5
24.87267 14.854308 -0.08661483 0.058924196 2.015368 0.5
10.265914 26.806647 0.0052594074 -0.0083890934 0.42176 0.5
14.880359 16.940915 0.059663024 -0.068488962 5.580866 0.5
15.798512 18.803353 0.0037355437 0.017960417 4.066321 0.5
25.442505 7.1518205 0.0050568128 -0.079065298 5.863794 0.5
22.440964 9.4211232 -0.1230632 0.015704191 5.355125 0.5
16.158985 19.898737 -0.013509795 0.0183921 5.404824 0.5
14.869519 18.139601 0.19230824 0.13410548 1.361005 0.5
23.317946 13.205351 0.088149042 0.081050836 5.19755 0.5
22.238975 11.009916 0.027313892 -0.012560688 5.853071 0.5
13.587855 25.002143 -0.017046986 -0.0020985114 2.830697 0.5
7.9738279 23.48349 0.0082104305 -0.0056513606 3.251414 0.5
18.112965 11.079447 0.34070737 0.020607718 3.305262 0.5
22.609908 21.234936 -0.016833232 0.016193836 3.841898 0.5
21.825291 22.113003 0.051637025 0.018245724 4.917041 0.5
13.604653 18.908288 0.045745689 0.0036216857 1.726803 0.5
23.601604 16.559831 -0.034764772 0.056020455 2.534849 0.5
20.012119 16.445073 0.26073696 0.081654094 1.985571 0.5
22.328604 6.3961547 0.12719977 0.097448957 5.636684 0.5
25.01802 21.674078 -0.0077456126 0.026429946 0.642493 0.5
10.859452 1.774156 -0.10947556 0.010713345 5.796573 0.5
17.430256 4.7003303 0.43684122 -0.068342358 4.738871 0.5
24.235589 12.421735 0.099270255 -0.018249878 1.568073 0.5
24.629962 6.4172493 0.0025476426 0.035976205 2.749741 0.5
24.233291 19.54429 0.003300558 0.013907081 1.171823 0.5
21.130128 16.947275 -0.0052241398 0.095576763 2.226958 0.5
8.8393768 24.893208 -0.015220937 -0.009191333 1.548545 0.5
2.7206131 16.227983 0.37807649 0.33025288 3.653333 0.5
15.590064 2.0447191 0.48306121 -0.2146376 4.394256 0.5
22.206984 23.314977 0.0057039882 0.0070735046 0.605652 0.5
20.423115 18.894661 -0.045526997 -0.0048225537 3.106146 0.5
14.662848 24.523525 -0.0074496883 -0.022744732 3.095002 0.5
24.450616 17.277864 0.10672519 0.031917083 1.841384 0.5
17.007368 23.668367 -0.0054218024 -0.0058418653 6.034028 0.5
20.284603 5.5952489 0.027220007 0.15941316 1.857551 0.5
22.920049 12.144291 -0.05233817 -0.001116203 1.702664 0.5
6.5558078 15.306366 -0.0073563932 -0.0070122312 1.16125 0.5
11.796287 25.737312 -0.0086083492 -0.0043762875 4.720586 0.5
16.560105 6.1964557 -0.020737245 -0.02333483 0.205718 0.5
18.331757 3.5159574 -0.0053007889 -0.04433608 5.820667 0.5
10.275427 17.934198 -0.0053733173 -0.0055543111 3.894129 0.5
18.861249 20.576924 -0.02731733 0.0041847856 3.074393 0.5
16.251553 22.776904 -0.0066588271 -0.0036521227 0.467747 0.5
5.7150962 17.344019 -0.023011259 -0.031886945 5.60533 0.5
17.480627 24.832 -0.0014074377 0.005326475 6.227367 0.5
15.775462 3.4157053 0.099912941 0.29460105 5.177094 0.5
25.89413 15.45943 -0.016494993 -0.01576311 0.203779 0.5
11.560781 20.918103 -0.005549697 -0.032638997 6.095105 0.5
7.0973536 22.439808 0.012078902 -0.022129469 5.150288 0.5
19.243151 26.3262 -0.0077114528 0.0075273039 3.059892 0.5
17.63538 20.526772 -0.014343699 -0.04044971 3.692189 0.5
11.349979 8.334383 -0.17212717 0.17261415 3.246869 0.5
19.704749 19.807425 -0.079788189 0.11108868 2.032293 0.5
21.323239 9.2088058 -0.029042172 -0.12448988 6.136396 0.5
20.971887 13.18541 0.1391634 -0.034501517 4.563161 0.5
18.905623 22.851191 -0.026034699 0.0028982084 5.916686 0.5
15.470965 6.8803064 -0.19997946 -0.1188051 1.344992 0.5
22.076927 13.330447 0.044362927 -0.0043874312 3.633442 0.5
6.2383997 10.536711 -0.0006710813 0.0064644473 2.78777 0.5
20.817379 20.032297 -0.0524411 0.051497556 1.483056 0.5
18.990867 8.772283 0.22759729 -0.024033662 0.879468 0.5
19.720325 15.205231 -0.042900765 -0.032223621 4.923104 0.5
13.99173 27.16662 0.001070077 -0.015023838 5.350229 0.5
23.193333 10.269151 0.064111352 0.066871378 1.508644 0.5
8.8088009 20.387949 0.00068976477 0.00058688931 4.32761 0.5
19.335778 21.757058 -0.024019825 0.023177413 1.3724 0.5
1.8758236 17.754846 0.0005181026 -0.0016082497 2.64206 0.5
12.363114 18.979914 -0.21889849 -0.036944547 2.466218 0.5
12.912298 25.992268 0.0040605613 -0.0065897251 0.69625 0.5
8.8922421 11.493193 0.0050802575 0.014618768 0.502972 0.5
13.904516 23.614995 0.0018474171 0.0027745166 4.066135 0.5
15.342 27.334917 -0.019017405 -0.011167075 3.026607 0.5
11.163963 19.122788 -0.056565352 -0.10493514 6.171553 0.5
8.8414672 26.186721 -0.0078067398 -0.01118973 3.767955 0.5
17.58568 12.710274 0.064421102 -0.11438839 5.349705 0.5
15.634232 15.704468 -0.039633117 -0.042868486 3.28374 0.5
23.391407 20.341019 -0.060382029 0.05099582 1.964272 0.5
16.280969 4.5080363 0.047906371 -0.18667147 1.170799 0.5
21.528607 19.154464 0.024238092 0.028197489 0.802835 0.5
10.187397 25.608747 -0.00065433634 -0.0031646375 5.063896 0.5
13.91095 22.490152 -0.014361682 -0.0051597836 2.243796 0.5
5.8454642 18.603275 -0.00038103734 -0.0037283484 5.270568 0.5
13.3594 16.704574 -0.015191437 -0.0067627498 5.757172 0.5
18.912729 10.184038 0.0067991585 0.066245806 5.271397 0.5
12.772203 24.220591 -0.010360926 -0.0091816814 3.151318 0.5
21.065129 7.2243143 -0.016641088 -0.034615369 0.221595 0.5
18.21535 18.296385 -0.031373907 -0.04845466 1.510648 0.5
17.161064 15.14526 0.06647887 -0.043486987 5.29405 0.5
21.952598 4.0338552 -0.0086883543 0.034280874 2.737677 0.5
12.829914 10.47214 0.011097354 0.1547128 4.134415 0.5
18.508675 13.451099 -0.17622109 0.073771065 1.432456 0.5
14.602848 4.5630524 0.19466738 0.2117861 2.840655 0.5
12.999355 6.9965295 0.055758881 0.065466158 2.899005 0.5
12.971509 15.403789 -0.24357375 -0.013245641 4.137855 0.5
16.842165 25.793372 -0.0080633836 -0.003484618 1.992807 0.5
20.729448 21.905907 0.030588537 0.10528592 0.375558 0.5
18.843467 16.01113 -0.055661854 -0.033722898 0.629977 0.5
10.166425 19.773534 -0.25482859 0.15441937 5.301885 0.5
20.541373 10.040309 0.010755846 -0.0013136938 1.197725 0.5
22.362404 18.374204 -0.023470549 -0.012592438 2.939026 0.5
8.820472 15.858893 -0.008725789 -0.017921916 3.912909 0.5
23.438033 6.315354 0.04856473 -0.21393619 3.115045 0.5
23.30685 23.572469 0.0046213835 -0.0021243476 1.662001 0.5
21.85445 8.1698901 0.012011399 0.019129357 0.131507 0.5
