# x y vx vy theta radius
13.999945 22.093607 0.61750652 2.7675059 1.6907108 0.5
17.156157 3.3462471 -0.021395543 0.017360204 1.764168 0.5
24.716993 20.837538 0.017087448 -0.023097086 3.951996 0.5
26.925385 15.803221 0.00050385238 -0.04448801 4.259518 0.5
19.853532 20.272355 -0.0023402197 -0.048497973 1.882067 0.5
18.993491 4.8549754 -0.063661332 -0.09900826 0.92276 0.5
20.508703 14.69376 -0.02927889 0.091184398 4.981497 0.5
10.666225 14.372788 -0.54488045 -0.16088454 0.663689 0.5
18.145699 2.7849025 -0.08941968 -0.032092576 4.599871 0.5
8.4935493 21.586602 0.00097659541 0.010973949 3.315122 0.5
10.60277 17.719984 0.006435935 0.046002316 5.224588 0.5
24.17181 13.179548 0.072832178 0.057354966 4.739779 0.5
23.493247 7.8218157 0.0052342203 -0.084946301 0.624425 0.5
3.4978216 15.845989 -0.029576612 0.013572116 0.734434 0.5
14.674347 2.7282436 0.068368835 -0.083121267 4.989084 0.5
15.660937 1.8898179 -0.14140682 0.027740976 2.508867 0.5
22.844081 20.319669 0.0092799139 0.02278221 5.939565 0.5
5.3242341 7.1691055 -0.012047058 -0.0019788805 0.028815 0.5
14.513278 9.2804866 0.016879491 0.037775436 3.449449 0.5
10.870421 2.360354 -0.03400346 -0.085101336 0.592282 0.5
23.279471 23.141854 -0.088640691 0.038261444 6.045768 0.5
22.647367 14.06285 -0.11960377 0.049882858 0.890473 0.5
11.818916 24.408578 -0.0088083923 0.010294582 2.353219 0.5
16.132941 0.85050188 0.021840966 0.0024632133 1.672869 0.5
27.247302 12.00341 0.0051936464 -0.023770137 4.21507 0.5
19.87448 13.29582 -0.11615796 -0.079080889 0.4829 0.5
19.371204 12.106153 -9.8668483e-05 0.033102807 6.274711 0.5
23.455392 4.4524847 0.019947851 -0.028997147 1.301021 0.5
23.08835 6.6852344 -0.15299667 -0.10259195 3.538852 0.5
15.804179 3.3796823 -0.0069465354 -0.034802104 1.72413 0.5
14.206493 3.7687233 -0.028757378 -0.053256399 0.779811 0.5
16.400782 4.329525 0.11087932 -0.048312958 1.209651 0.5
9.6786059 2.6068765 -0.067041046 -0.023681473 5.377079 0.5
12.64962 5.2814944 -0.072815259 -0.079578537 3.122843 0.5
8.833083 6.3335978 0.018819759 -0.0052492562 4.105439 0.5
20.836295 19.104019 -0.090197389 -0.026377527 2.246795 0.5
20.393211 3.3283394 -0.034096564 -0.021852123 3.468535 0.5
19.301523 8.9412884 -0.025241945 0.075170843 5.532293 0.5
18.280537 26.739922 -0.038942494 0.016580739 0.531572 0.5
21.593687 16.934015 0.2876874 -0.060002829 5.261584 0.5
7.7914881 12.356872 0.0015320834 0.085090133 0.040113 0.5
12.234836 3.1369964 -0.047378368 -0.075367741 4.576591 0.5
17.039981 8.7946056 -0.12103699 -0.0089202618 0.209824 0.5
11.83197 14.816744 -0.0042155301 -0.078486493 1.770879 0.5
24.147017 8.7355224 0.077242102 0.013714166 4.791815 0.5
9.7024596 24.650022 -0.002487469 -0.0013952771 2.522673 0.5
23.69216 16.386679 -0.010475898 0.046750296 3.232151 0.5
16.203502 5.508604 0.020928096 -0.0084381935 0.943125 0.5
20.853146 21.06524 -0.066388997 0.024426027 1.031271 0.5
23.097345 21.465581 -0.060726608 0.020794038 1.523797 0.5
18.801772 1.5044913 -0.060518053 -0.17709927 1.787492 0.5
25.300652 13.618621 0.058165115 0.047993648 3.056837 0.5
11.228197 7.0383702 -0.00010564162 -0.12453213 3.332967 0.5
18.683544 23.535651 -0.17925015 0.044147057 3.889918 0.5
13.465101 26.366542 -0.015268148 0.0050903416 1.775857 0.5
20.44721 17.615113 0.1396612 0.38141495 4.33857 0.5
9.5151227 18.224633 -0.069981925 0.0086833517 2.652322 0.5
10.237488 4.7857684 -0.015116825 -0.060959694 1.360759 0.5
10.440187 9.2370538 -0.33793642 0.040792423 1.350476 0.5
11.335018 4.4184977 -0.16290594 -0.061815679 3.139709 0.5
7.2372412 16.019375 -0.28938061 0.12197986 3.877928 0.5
19.072578 14.960175 -0.054903664 0.076802249 4.111005 0.5
25.896459 11.345479 -0.03771359 0.137853 4.354529 0.5
6.4418564 20.253763 0.0096098427 -0.0060151536 1.958136 0.5
22.090966 19.454235 -0.0091578518 -0.022388807 1.935129 0.5
25.027613 15.884365 -0.00051102783 -0.015990123 0.983243 0.5
20.837037 12.501074 -0.04451342 0.0055371191 4.524452 0.5
24.809052 11.076873 0.11060041 0.13239782 4.628506 0.5
3.5995564 13.194986 -0.0022506475 0.0048929128 4.619789 0.5
22.190699 5.8788791 0.071756668 -0.060586539 6.246698 0.5
24.658632 7.7207784 0.046068807 -0.015144035 2.597917 0.5
8.2656555 8.6945901 -0.00069432191 0.0073693017 5.540445 0.5
22.805643 10.000937 0.11856772 0.006784831 1.135786 0.5
13.679645 0.66277662 -0.015873614 0.039743088 0.649744 0.5
7.0386308 14.434784 -0.0024227992 0.004007061 4.647872 0.5
13.881162 8.3237398 0.028234252 0.084021152 3.116928 0.5
12.382632 8.0859387 -0.069814738 -0.014105968 1.058365 0.5
12.17831 26.796615 0.00035874841 -0.0010017459 1.223223 0.5
20.508159 15.831259 -0.080332009 0.040733781 6.185729 0.5
24.19554 6.5827626 0.089023765 0.062254263 5.03693 0.5
5.9061385 5.5371427 -0.00085548572 0.0013660313 0.158334 0.5
25.293087 6.783959 0.017811089 -0.011135479 0.09489 0.5
13.629333 6.0929257 -0.018125478 -0.090524592 3.182579 0.5
10.033715 7.0791758 -0.09314432 -0.090944746 5.999337 0.5
7.4005418 7.9727394 -0.023352142 -0.0016657022 0.712677 0.5
13.197477 1.6942705 -0.059959298 -0.017402808 1.70588 0.5
26.066157 14.84309 -0.0011369645 -0.044752834 5.092516 0.5
7.0734188 5.1242967 -0.060582863 -0.052838278 0.506989 0.5
12.586687 23.015315 -0.061858909 0.0030668874 4.452103 0.5
21.74807 11.805539 0.03640737 0.11616091 3.429354 0.5
26.801016 18.092242 0.0079222962 0.027389703 5.942963 0.5
6.098537 19.158269 -0.038408681 -0.0041504561 2.062723 0.5
12.071592 6.2993599 -0.037127054 0.11345393 2.598321 0.5
20.089848 5.5564024 -0.069277471 -0.061166818 6.159219 0.5
18.612246 18.903315 -0.0053724194 -0.011482015 1.488917 0.5
10.000363 5.8936126 -0.016531618 0.063524628 1.927238 0.5
24.569645 19.21056 0.040627392 -0.060638115 3.98558 0.5
26.433287 9.089298 -0.085071065 0.013675087 3.515453 0.5
19.641653 10.082213 0.066784021 -0.019007569 3.362574 0.5
17.293608 25.725489 -0.10714958 -0.066779953 2.617045 0.5
21.759326 10.570039 -0.12190134 0.10969299 4.416501 0.5
15.053323 8.0754315 -0.031520459 0.081418854 2.357123 0.5
16.839538 6.494188 -0.048936306 0.042395588 0.027213 0.5
12.468393 0.7461228 -0.034345186 -0.030900572 3.270335 0.5
7.4987637 6.3257282 -0.048248634 0.11523716 5.133302 0.5
14.96833 0.69205136 -0.064222408 -0.081156945 4.163048 0.5
10.594828 12.897401 -0.028421551 0.017265368 3.93618 0.5
3.209712 6.7786422 0.0010103026 0.0048880197 5.951127 0.5
22.468587 3.5608262 0.030396643 -0.0036734448 4.082451 0.5
24.382968 5.4549482 0.12758614 0.0075800051 1.780305 0.5
22.282413 22.458496 -0.026106177 -0.044034271 2.847882 0.5
25.910814 7.7820034 0.08981411 0.13629026 1.767937 0.5
12.704852 4.156682 -0.019076613 -0.049701414 0.00135 0.5
25.034813 12.253529 0.01164764 -0.025701157 5.312468 0.5
22.509268 16.086283 0.05286282 0.032648671 0.320289 0.5
16.719918 23.887893 0.0056693362 0.026227187 0.581132 0.5
23.008737 8.8583248 0.04204859 0.001157775 3.087421 0.5
9.6332837 22.40566 -0.014346053 -0.012437618 3.560403 0.5
7.4240452 25.002803 -0.0092398587 -0.012054235 0.555117 0.5
23.770961 14.560381 -0.10117281 0.012161155 6.220608 0.5
25.868829 10.168116 -0.071345374 0.083946019 5.652715 0.5
8.2400889 3.1632563 0.00056381472 -0.026152816 0.827952 0.5
11.119557 5.7023102 -0.14278382 0.0745257 1.054048 0.5
12.702973 15.64207 -0.22211389 0.31550477 0.319962 0.5
11.234341 11.863504 -0.23513855 0.055653159 2.464344 0.5
18.741097 20.546117 -0.022404389 -0.0091084442 3.780782 0.5
19.926656 24.071606 -0.079456649 -0.035400731 0.745414 0.5
5.0009375 10.666032 -0.013354575 -0.0011273466 3.348875 0.5
23.819917 10.498847 -0.10408339 0.038957642 5.365761 0.5
22.085306 12.931774 0.012948795 0.15797689 0.445642 0.5
21.854245 18.243418 0.0019775808 0.052292286 2.979068 0.5
23.196284 12.627338 -0.0079741102 0.020181383 2.813895 0.5
20.917272 7.4602683 -0.082734537 -0.028297653 4.039246 0.5
17.477551 11.460899 -0.10011862 0.10724781 4.602055 0.5
17.300704 7.649149 -0.035221082 0.040986876 1.676583 0.5
24.645665 21.999451 -0.033534444 -0.038156956 1.207935 0.5
12.273377 9.4613433 -0.049793045 -0.096663643 6.164191 0.5
8.2487094 10.509514 -0.090861764 0.095546741 1.491784 0.5
21.335809 23.43989 -0.037972057 0.054116365 6.269379 0.5
23.268821 5.5604949 -0.001660236 -0.079157991 0.35856 0.5
14.409186 7.0254901 -0.1304514 -0.11395715 0.326238 0.5
9.4796338 3.8419947 -0.02026409 0.038646631 1.608548 0.5
10.660324 15.683607 -0.0069390272 -0.010861101 2.616667 0.5
18.619195 13.183405 0.032754996 0.050902612 0.410672 0.5
23.730881 18.396013 0.035768037 0.03738536 3.210668 0.5
5.4628502 3.959769 6.747444e-05 0.0022298284 0.309541 0.5
7.8787128 17.620814 -0.12166736 0.046890868 1.761874 0.5
10.074104 1.3528718 -0.0025827296 -0.013596004 4.731547 0.5
20.362908 2.1940867 -0.04126043 0.050390495 0.313065 0.5
24.790051 9.8300554 -0.035073399 -0.0017809477 0.087229 0.5
10.367519 18.994431 -0.028708086 0.0046050343 5.713071 0.5
21.422943 3.9114057 -0.095736388 -0.072102925 0.34983 0.5
14.096997 23.26962 -0.017819153 -0.00031115485 2.015368 0.5
11.900546 20.952421 -0.077653832 0.047524861 0.42176 0.5
6.6332887 12.202893 -0.15294856 0.020213167 5.580866 0.5
4.2445217 12.215431 -0.016391937 -0.0035750619 4.066321 0.5
11.259358 1.0404902 -0.070565534 -0.048216556 5.863794 0.5
10.612969 8.0920275 -0.080555683 -0.04613041 5.355125 0.5
17.410103 13.913886 -0.14466251 0.1344958 5.404824 0.5
26.887116 10.813082 0.086157399 -0.019610084 1.361005 0.5
17.720105 15.243893 0.0015678021 -0.078755832 5.19755 0.5
20.226176 11.222922 -0.0098836996 0.017884743 5.853071 0.5
19.058988 5.9938045 -0.012109155 0.10860896 2.830697 0.5
20.997745 8.5781678 -0.024517014 0.088419275 3.251414 0.5
3.9141092 7.958844 -0.0034580487 0.005819448 3.305262 0.5
21.668214 15.3832 0.19281547 -0.13382154 3.841898 0.5
23.962909 11.800566 0.0059407407 -0.019533022 4.917041 0.5
18.289936 24.697257 -0.0070564674 0.02277965 1.726803 0.5
18.474023 9.7342838 -0.0076997172 -0.014041074 2.534849 0.5
21.116443 6.3261111 0.023000631 0.0670975 1.985571 0.5
22.231627 4.7238393 -0.019487803 0.10242236 5.636684 0.5
15.190002 4.7182692 -0.049564879 -0.057772231 0.642493 0.5
14.322332 1.6555848 0.041065663 -0.0096592559 5.796573 0.5
22.614171 17.413917 -0.02512937 -0.018281562 4.738871 0.5
19.321689 2.6138934 -0.10415115 0.032493983 1.568073 0.5
18.671748 11.246858 0.0046916766 0.085493006 2.749741 0.5
19.939789 7.9931619 0.027217128 0.013028699 1.171823 0.5
21.985779 21.309594 -0.12044762 0.043987052 2.226958 0.5
9.5050786 10.473905 -0.012515443 -0.02052291 1.548545 0.5
9.4057911 11.764765 -0.028323461 0.076788328 3.653333 0.5
24.954059 14.726048 0.10552447 -0.043271395 4.394256 0.5
13.392918 2.8559464 0.030179164 0.030657296 0.605652 0.5
6.5321147 11.085069 4.8531741e-05 -0.043862122 3.106146 0.5
22.108146 8.1559362 -0.043862014 0.087971139 3.095002 0.5
8.181634 13.765899 -0.0086758682 -0.0014311338 1.841384 0.5
9.1742029 8.0024005 -0.048863642 0.023380402 6.034028 0.5
16.285788 11.453845 -0.032277018 -0.081504144 1.857551 0.5
21.183499 5.1463084 -0.087433156 0.02116834 1.702664 0.5
16.147435 25.887309 -0.005540559 0.017654903 1.16125 0.5
25.854203 20.105127 0.0096242525 -0.025283984 4.720586 0.5
22.620884 24.191387 0.02501623 0.016403075 0.205718 0.5
13.001475 7.0324522 -0.19188132 -0.099937839 5.820667 0.5
21.352762 13.84379 -0.031408609 0.088021085 3.894129 0.5
9.2742298 12.953148 -0.026555683 0.036588518 3.074393 0.5
19.763329 22.886082 -0.056779702 -0.021795789 0.467747 0.5
25.833933 18.906547 0.025662922 -0.013812962 5.60533 0.5
10.042853 21.058786 -0.036503842 0.0861861 6.227367 0.5
7.3942634 2.353073 -0.00014100954 0.0003557556 5.177094 0.5
8.2070899 4.4496119 0.057096785 0.025658836 0.203779 0.5
16.189181 7.8291155 -0.049569007 -0.013888299 6.095105 0.5
20.854996 24.955591 0.059643844 0.0090432251 5.150288 0.5
11.693689 13.632852 -0.023196569 -0.0055673484 3.059892 0.5
21.938233 9.2682029 -0.11731303 0.047849425 3.692189 0.5
26.611542 13.588081 0.012727258 -0.035948962 3.246869 0.5
2.3867746 10.715014 -0.002251134 0.0031751242 2.032293 0.5
12.89548 18.903722 0.088665378 0.0024393922 6.136396 0.5
13.305295 11.881343 -0.051844753 0.025037357 4.563161 0.5
9.3114079 9.1432185 -0.0093912955 -0.011841064 5.916686 0.5
6.3652821 2.9790877 -0.0053309249 0.0066229852 1.344992 0.5
15.004822 25.3827 -0.026098467 -0.015860856 3.633442 0.5
8.7418472 1.8119125 -0.11989866 0.037049155 2.78777 0.5
8.5504845 19.528145 -0.010903728 0.015545606 1.483056 0.5
10.613145 25.331393 0.0024481498 -0.0030260679 0.879468 0.5
17.540893 5.580734 -0.071828093 0.039893857 4.923104 0.5
15.859522 9.2241002 0.026372415 -0.031186428 5.350229 0.5
19.236196 16.694707 -0.18485045 0.15637495 1.508644 0.5
27.30663 14.649522 0.046735067 0.021547917 4.32761 0.5
22.032444 7.0473421 -0.029935468 -0.13373062 1.3724 0.5
6.1962652 8.4813094 -0.00093396215 0.00044113686 2.64206 0.5
26.883003 16.919881 0.037911902 0.03582041 2.466218 0.5
19.049922 3.7261221 -0.11432234 0.090378554 0.69625 0.5
25.28936 8.7306758 -0.024756051 -0.030023747 0.502972 0.5
14.719103 10.399959 -0.14004782 0.069107289 4.066135 0.5
18.235963 8.3220114 0.11511831 -0.089382841 3.026607 0.5
19.526657 21.535345 -0.033296979 -0.0074143976 6.171553 0.5
12.109941 2.0286873 0.018881352 -0.037397589 3.767955 0.5
24.624058 17.649737 0.0033445036 -0.0157309 5.349705 0.5
10.653472 3.4878594 -0.13480854 -0.0064161013 3.28374 0.5
16.911815 9.9208952 -0.083253909 -0.045546879 1.964272 0.5
17.675627 1.1819713 0.038721728 -0.041427065 1.170799 0.5
18.956873 7.2391285 -0.0036257888 0.063047341 0.802835 0.5
20.034229 6.7025447 0.0025686929 0.086867176 5.063896 0.5
14.038692 4.9770862 -0.048806732 -0.087839337 2.243796 0.5
25.757458 17.040719 0.012004121 0.0353892 5.270568 0.5
6.4451277 7.3155277 0.0034544315 -0.0030900165 5.757172 0.5
9.0464775 5.2352291 0.012954461 -0.1036396 5.271397 0.5
20.935418 9.8070817 0.056703809 0.022366123 3.151318 0.5
22.861279 11.191707 0.14506394 0.061226072 0.221595 0.5
4.63645 18.403505 -0.0013556762 0.0084401716 1.510648 0.5
15.374791 21.957516 -0.01126329 -0.0018666332 5.29405 0.5
17.83053 4.3036198 -0.045157626 -0.0058942114 2.737677 0.5
12.745034 21.924101 -1.2726555 0.32055189 4.134415 0.5
17.806657 21.183253 -0.0015240004 -0.0076488486 1.432456 0.5
14.918921 5.7903301 0.079575106 -0.068075966 2.840655 0.5
26.145939 12.426709 -0.040803258 0.0052424954 2.899005 0.5
7.0512628 21.866223 -0.0042439654 0.010975929 4.137855 0.5
19.368638 25.111299 -0.039480651 0.048097961 1.992807 0.5
20.170263 4.4393943 -0.013429014 0.0091464706 0.375558 0.5
7.1806121 10.040877 -0.086408758 -0.019175069 0.629977 0.5
17.981452 6.6544332 -0.056964085 -0.020674615 5.301885 0.5
4.4694226 5.6818358 0.00020796623 0.001184885 1.197725 0.5
10.81482 10.653839 -0.097959242 0.051301572 2.939026 0.5
16.842299 2.1434717 -0.047653259 -0.075850492 3.912909 0.5
6.9838127 4.0076844 -0.034411875 -0.022877033 3.115045 0.5
9.2111273 16.519489 -0.073585595 -0.069294868 1.662001 0.5
21.372496 2.7776996 0.060855521 0.0037922335 0.131507 0.5
