# x y vx vy theta radius
20.536142 5.6561616 0.83999622 1.2287922 0.41122442 0.5
22.740058 22.221085 -0.021370788 -0.0040873045 1.764168 0.5
0.74699381 13.567013 9.551248e-05 3.8843687e-06 3.951996 0.5
17.062019 6.6414297 -0.10367761 0.093410589 4.259518 0.5
9.09154 26.444848 -0.0041705282 -0.0024949127 1.882067 0.5
13.872314 27.313528 -0.041848951 -0.0049050792 0.92276 0.5
21.904098 8.8953017 -0.049661093 -0.057886629 4.981497 0.5
27.053786 13.776711 -0.0082747918 -0.00071430379 0.663689 0.5
7.8676024 13.692423 0.0001764995 0.00027424203 4.599871 0.5
24.922059 16.138126 0.0035186258 0.0090006771 3.315122 0.5
10.338792 19.221303 0.00029583757 -0.0012166885 5.224588 0.5
6.6015658 20.05548 -0.0015556653 -0.0019911324 4.739779 0.5
11.425518 22.62853 -0.0027000045 -0.0074932463 0.624425 0.5
4.2732459 19.743752 0.00025719866 -0.0016411635 0.734434 0.5
23.719559 9.0228855 0.49596608 0.48954244 4.989084 0.5
5.7781907 20.948159 6.4273565e-05 -8.4141164e-05 2.508867 0.5
26.652653 18.437396 0.010922776 0.01368083 5.939565 0.5
24.482066 21.384137 0.027772517 0.019430674 0.028815 0.5
15.721067 19.764489 -0.00034774928 -0.012727894 3.449449 0.5
16.490535 14.090219 -0.078903925 0.061712388 0.592282 0.5
11.214949 20.118313 -0.0041937899 -0.0040326388 6.045768 0.5
13.303749 20.301182 -0.046251539 0.00062041363 0.890473 0.5
16.287819 15.546056 -0.01247658 -0.026661851 2.353219 0.5
2.8324058 11.538443 -1.2953946e-06 -0.00069500884 1.672869 0.5
25.819538 10.916796 -0.0032739984 0.011447822 4.21507 0.5
15.890183 7.1973266 0.034752852 0.027216882 0.4829 0.5
22.07545 19.063677 0.015295343 0.0090946125 6.274711 0.5
13.687705 18.955906 -0.0059111834 -0.00017995402 1.301021 0.5
2.9577794 14.49258 -1.2295809e-05 -0.00071788711 3.538852 0.5
5.8947654 18.661614 -0.00080023127 -0.0012119419 1.72413 0.5
17.509396 19.341154 0.0050651956 -0.0078694749 0.779811 0.5
16.711925 20.729126 -0.0028540835 -0.0083391802 1.209651 0.5
16.818245 22.342774 -0.043693834 0.030512675 5.377079 0.5
1.9576046 18.98701 -0.0014119812 -0.0029161114 3.122843 0.5
17.703969 17.877042 -0.055747481 -0.00044098058 4.105439 0.5
1.0075601 10.978606 0.00044425465 -0.00019848158 2.246795 0.5
26.637223 12.136595 0.18877101 0.10479677 3.468535 0.5
14.331036 24.220867 -0.0056763384 0.0039818439 5.532293 0.5
5.9773794 4.8680536 0.0015804331 0.00032539232 0.531572 0.5
25.973941 14.240841 -0.0047037376 -0.0073578449 5.261584 0.5
5.0345019 22.214259 -0.0018176076 -0.00099172454 0.040113 0.5
12.688246 27.256683 -0.002048137 0.0031357415 4.576591 0.5
9.3140695 18.301182 -0.0034770035 0.0063080556 0.209824 0.5
16.127227 10.728678 -0.056620773 0.055097593 1.770879 0.5
3.359402 20.713863 -0.00025214959 0.0006821105 4.791815 0.5
22.796229 4.687799 0.021750808 0.066327217 2.522673 0.5
7.4241894 11.363196 0.0010237886 -0.00044320081 3.232151 0.5
15.808001 21.743436 -0.018145879 -0.009230606 0.943125 0.5
24.082858 22.49748 -0.0051757013 0.02594133 1.031271 0.5
17.141327 3.7997369 0.023928549 -0.021157519 1.523797 0.5
5.8877331 11.848745 8.269558e-05 -5.3834904e-05 1.787492 0.5
19.147878 18.438517 0.011552749 0.0093534321 3.056837 0.5
10.974336 21.403617 -0.00051329219 -0.0038340351 3.332967 0.5
16.886723 2.1995295 -0.063798835 -0.018026766 3.889918 0.5
11.410186 1.1005185 -0.2305798 0.073675137 1.775857 0.5
25.375455 18.050078 0.027109767 0.019576569 4.33857 0.5
11.416298 27.188532 -0.0033697225 0.0036836777 2.652322 0.5
9.7501392 21.195743 -0.001612904 -0.0029190241 1.360759 0.5
1.434982 9.6557214 -0.0006630786 0.0013592871 1.350476 0.5
24.311811 14.098697 -0.0095948882 -0.0038211765 3.139709 0.5
20.85979 13.866107 -0.1784829 0.077041777 3.877928 0.5
20.675501 15.212826 -0.0066067861 -0.00081163182 4.111005 0.5
7.0347019 7.5299389 0.0003268305 0.00073205422 4.354529 0.5
5.1436568 8.9971448 0.00015739242 0.00027138476 1.958136 0.5
19.821286 24.313517 -0.046881772 0.0095000642 1.935129 0.5
8.6033183 21.336279 -0.0022674958 -0.0032120253 0.983243 0.5
15.960128 25.034642 -0.0050745726 0.0011919845 4.524452 0.5
8.6855497 16.309382 0.00058978816 -0.0008726005 4.628506 0.5
14.306784 16.907002 -0.00049969119 -0.0060164156 4.619789 0.5
11.969363 5.3961044 -0.059358657 0.05894032 6.246698 0.5
24.098013 15.250858 -0.035897606 0.0024535446 2.597917 0.5
17.694025 23.05293 -0.0023738557 -0.0071041184 5.540445 0.5
7.7149503 22.467035 -0.0049901587 0.00072377557 1.135786 0.5
4.9043572 23.503221 -0.0013979265 -0.0012141125 0.649744 0.5
3.9426296 22.869273 0.00015395313 -0.00017885604 4.647872 0.5
8.0365579 26.007827 -0.0016454573 -0.0030026258 3.116928 0.5
3.8828688 17.201838 -9.471849e-05 0.00011646716 1.058365 0.5
2.8061751 9.7515076 0.00044896106 0.0011036616 1.223223 0.5
2.1077925 8.7494374 -0.00024731333 -0.00059413142 6.185729 0.5
11.068215 18.248915 -0.0041145955 -0.0067683549 5.03693 0.5
17.883597 25.729992 -0.031521261 0.02247222 0.158334 0.5
4.4344643 12.534121 0.00029561033 -0.00040116223 0.09489 0.5
7.1329548 23.561239 -0.001399604 4.7165843e-05 3.182579 0.5
13.827344 26.191703 -5.1110316e-05 0.0011166188 5.999337 0.5
8.0898571 9.2674196 9.8142292e-06 0.00038453644 0.712677 0.5
4.4508235 11.149487 0.00028255674 0.0002555971 1.70588 0.5
25.699224 13.125192 0.0023259809 -0.014794708 5.092516 0.5
25.081328 7.4593063 0.13866057 0.28279674 0.506989 0.5
8.0348449 19.390543 0.00013066759 -0.00034310702 4.452103 0.5
10.747167 8.0052505 -0.01025533 0.009973974 3.429354 0.5
26.109917 15.585785 0.0066016916 0.0053057818 5.942963 0.5
8.6689849 6.2859661 -0.0071809476 -0.0017367307 2.062723 0.5
6.5885484 22.257833 -0.0023612616 -0.0030610601 2.598321 0.5
4.2936587 10.002726 0.00036054276 0.00041239702 6.159219 0.5
12.117703 20.867183 -0.0066734531 -0.0084467303 1.488917 0.5
8.7307756 23.696482 0.00081552924 -0.0017079544 1.927238 0.5
17.85908 7.8101743 -0.014070778 0.10616308 3.98558 0.5
16.624732 26.157305 -0.01391287 0.013407908 3.515453 0.5
7.1772621 10.249756 -0.00046040064 -0.0026908591 3.362574 0.5
20.085636 25.464814 -0.0034637398 -0.018895101 2.617045 0.5
14.889469 22.723398 -0.0068771499 0.0010975542 4.416501 0.5
8.3090129 2.1743756 0.00072136631 0.00021261314 2.357123 0.5
21.008251 22.474109 -0.0090600442 -0.01161883 0.027213 0.5
3.1323758 12.915608 -0.00055647555 4.2259919e-05 3.270335 0.5
21.307571 16.220459 0.016291183 -0.012267842 5.133302 0.5
10.324624 24.627477 -0.0073909784 0.0042503693 4.163048 0.5
19.927281 22.043432 -0.033201131 0.0076123411 3.93618 0.5
16.69495 23.570122 -0.030347353 -0.011881575 5.951127 0.5
8.0749011 24.721605 -0.00023153183 -0.0015860378 4.082451 0.5
21.401086 17.387456 -0.02254558 0.094757126 1.780305 0.5
20.25081 17.069146 -0.021895867 -0.012250866 2.847882 0.5
17.972458 2.8867629 -0.031765008 0.089109147 1.767937 0.5
17.502901 26.914149 -0.0016193477 -0.011298373 0.00135 0.5
22.466308 15.396316 -0.017440645 -0.0046149723 5.312468 0.5
15.464528 18.248487 -0.00082219401 -0.0005240071 0.320289 0.5
7.172546 2.4514108 -0.00092936539 -0.00028529225 0.581132 0.5
11.281556 2.3735202 -0.0081160052 -0.018484747 3.087421 0.5
12.612009 19.349609 -0.00042866988 0.00034222327 3.560403 0.5
7.0201155 18.33368 0.00017614006 -9.5514258e-05 0.555117 0.5
19.360785 15.959771 -0.1459587 0.057243472 6.220608 0.5
2.2545182 20.125272 -0.00059443029 -0.00029831362 5.652715 0.5
22.780678 17.873323 0.0083123433 -0.013080889 0.827952 0.5
17.743434 16.460973 -0.0078722334 -0.0024293117 1.054048 0.5
5.2014633 15.2484 0.00090246528 0.00089171115 0.319962 0.5
16.233319 27.221966 -0.0090470134 0.002150463 2.464344 0.5
13.920378 0.94427779 -0.061945294 0.073710994 3.780782 0.5
6.001444 23.243095 -0.001279663 -0.0010109804 0.745414 0.5
24.000284 11.418543 0.0098026173 0.066099342 3.348875 0.5
13.592716 21.797681 -0.0032783983 -0.0031236685 5.365761 0.5
23.249769 19.378191 -0.0029716472 0.0059202101 0.445642 0.5
18.65856 14.942215 -0.019639016 -0.033670556 2.979068 0.5
5.6188807 24.436664 -9.3527368e-05 -0.0010527735 2.813895 0.5
18.797818 21.994344 -0.012061466 -0.0076034989 4.039246 0.5
12.658047 1.0237584 -0.06531906 0.032902741 4.602055 0.5
16.732727 1.0536013 -0.044450454 -0.043094874 1.676583 0.5
21.22732 25.082191 -0.03336662 0.014035018 1.207935 0.5
13.17851 4.5558193 -0.057585116 0.048207948 6.164191 0.5
8.334058 17.692936 -0.0039754636 -0.0027429175 1.491784 0.5
14.778443 4.7650446 -0.088465854 0.062852154 6.269379 0.5
8.6338389 3.7800849 -0.11654296 -0.061763062 0.35856 0.5
12.192224 8.9568212 -0.060866625 -0.028463049 0.326238 0.5
4.8540918 16.373845 -0.00028029328 -3.6533953e-05 1.608548 0.5
4.0773235 13.65786 0.00080711699 0.00081552044 2.616667 0.5
9.9899375 25.735553 0.0011751287 -0.00061395419 0.410672 0.5
11.160622 6.2168024 -0.046739353 0.052190528 3.210668 0.5
12.633995 25.652368 -0.0028297625 -0.00057996495 0.309541 0.5
13.560431 3.3042474 -0.024733339 0.032551811 1.761874 0.5
20.025002 11.799845 -0.2258972 0.05366266 4.731547 0.5
17.059619 24.80416 -0.04995875 0.015301794 0.313065 0.5
19.433958 20.816708 -0.0090441215 0.023717259 0.087229 0.5
0.86732332 15.003949 8.3918714e-05 0.00064864438 5.713071 0.5
18.116052 24.19862 0.0030672606 0.0005431109 0.34983 0.5
22.374926 24.462734 -0.0066134479 -0.0051599628 2.015368 0.5
18.858974 25.116238 -0.0094156391 -0.012414062 0.42176 0.5
3.9372374 18.40326 -0.00036254309 -0.00050674542 5.580866 0.5
17.848996 14.039842 -0.058805672 0.020205338 4.066321 0.5
19.583945 10.722204 -0.087186617 0.087616494 5.863794 0.5
9.8187131 23.256705 -0.001783781 0.00018441482 5.355125 0.5
14.621951 20.160949 0.00047382495 -0.007043451 5.404824 0.5
21.933847 23.259989 0.0033635679 -0.0030370004 1.361005 0.5
3.4000032 21.843615 -0.0011824201 0.00031385659 5.19755 0.5
20.459898 18.274936 -0.00047497216 -0.002560503 5.853071 0.5
8.879566 22.545254 -0.0028826211 -0.0048130662 2.830697 0.5
15.395973 16.540664 -0.0025691511 -0.001392429 3.251414 0.5
21.790909 21.193387 -0.01355283 0.0067696074 3.305262 0.5
20.653924 19.617946 0.0011512443 -0.0014033665 3.841898 0.5
14.963313 9.2356046 -0.047507508 0.055621632 4.917041 0.5
11.86228 7.7819236 -0.091685834 0.025310331 1.726803 0.5
10.351611 16.041485 -0.0073005291 0.0042181889 2.534849 0.5
7.096642 12.530854 -0.0023183317 -0.00074084767 1.985571 0.5
12.49156 2.2184276 -0.01032742 0.020945104 5.636684 0.5
10.624109 14.304657 -0.0018048694 -0.010135589 0.642493 0.5
13.279853 5.7474447 -0.0015873251 0.068042891 5.796573 0.5
5.4314087 10.35428 0.00029971156 0.00095765591 4.738871 0.5
19.364709 13.956671 -0.066490658 -0.044604495 1.568073 0.5
19.344283 3.043582 -0.011531596 -0.088831325 2.749741 0.5
11.498005 24.758557 -0.0049696625 -0.0011310768 1.171823 0.5
20.092259 23.161499 -0.0049043971 -0.0040675849 2.226958 0.5
14.186487 2.241201 -0.17424209 -0.1151477 1.548545 0.5
15.912424 2.8150051 -0.030327035 0.050104217 3.653333 0.5
27.029433 17.2492 -0.00017412894 0.0019406687 4.394256 0.5
5.1937885 7.6995323 0.00077610279 0.0004336503 0.605652 0.5
26.13137 19.615322 -0.013829911 0.0071805238 3.106146 0.5
9.8312635 2.7392533 -0.12649794 0.023893376 3.095002 0.5
24.956942 12.066279 0.021506327 0.0085715449 1.841384 0.5
17.776416 21.536136 -0.0054610581 0.0034673378 6.034028 0.5
23.934487 12.889287 -8.1800119e-05 0.076265172 1.857551 0.5
13.93903 14.111083 0.00033304786 -0.0016523189 1.702664 0.5
9.6492422 13.117145 -0.0022866075 -0.0017927861 1.16125 0.5
25.598271 20.687971 -0.00089280659 0.0054798767 4.720586 0.5
15.549179 23.874819 -0.0053256693 0.0016603393 0.205718 0.5
9.806665 1.3456817 -0.036978753 0.055672647 5.820667 0.5
14.644465 21.378855 -0.0072392825 -0.0042889928 3.894129 0.5
12.98026 7.4253667 0.0094960369 0.016475462 3.074393 0.5
3.0989225 19.187467 -0.00029453882 0.00056757951 0.467747 0.5
2.5659579 17.638931 0.00020258238 5.9539271e-05 5.60533 0.5
20.552661 20.957982 -0.016782194 0.013060628 6.227367 0.5
9.6185887 4.3531343 -0.083146384 0.16520717 5.177094 0.5
17.307721 11.242327 -0.064666762 0.049642372 0.203779 0.5
6.9742251 25.04999 9.6889766e-05 0.00023238419 6.095105 0.5
18.12581 20.442022 -0.040278924 0.025855314 5.150288 0.5
15.452539 26.205824 -0.012034378 0.0076159851 3.059892 0.5
11.177289 25.965204 -0.0037558591 -0.0050038094 3.692189 0.5
16.626973 18.282626 -0.011134623 -0.01941778 3.246869 0.5
25.849213 16.996086 0.0088579393 0.0069038576 2.032293 0.5
9.0527958 11.822593 0.00030842454 -0.00034338644 6.136396 0.5
12.282903 17.695326 -0.055088422 0.017106119 4.563161 0.5
3.7747577 15.917986 4.7521881e-05 -0.0011007288 5.916686 0.5
18.987071 19.693276 -0.04758851 0.009133144 1.344992 0.5
18.628534 12.666329 -0.041101211 -0.02611188 3.633442 0.5
0.94240982 12.431138 2.3263207e-05 -0.00015494515 2.78777 0.5
23.268539 23.724562 -0.0022956714 0.01026831 1.483056 0.5
24.271013 20.087125 -0.016844242 -0.021787874 0.879468 0.5
1.9696124 15.745254 -0.00078260274 0.00095780237 4.923104 0.5
12.406838 23.43137 0.001728475 0.00059281887 5.350229 0.5
23.40552 16.727043 -0.026620696 -0.0076545676 1.508644 0.5
8.8215275 8.2178244 -0.020204967 0.0061308076 4.32761 0.5
12.993511 24.552496 -0.0019477828 -0.00093508159 1.3724 0.5
12.894859 10.337939 -0.027624662 0.0079016984 2.64206 0.5
20.362149 9.3922573 -0.061643356 -0.051522056 2.466218 0.5
20.982032 23.947796 -0.0069575282 0.0034671196 0.69625 0.5
14.711952 25.340058 -0.01505464 -0.016217509 0.502972 0.5
9.1706694 20.032736 -0.0045949361 0.0020919588 4.066135 0.5
13.573452 23.197992 -0.0013076041 8.1376774e-05 3.026607 0.5
2.0424802 13.245009 0.00047402026 -0.00021257892 6.171553 0.5
19.201997 26.277786 -0.064783777 -0.0061889215 3.767955 0.5
22.635141 13.312336 -0.009777959 -0.011450439 5.349705 0.5
15.758504 4.1312741 -0.057882515 0.067484667 3.28374 0.5
9.1884948 24.885483 -0.0051278706 -0.0063278596 1.964272 0.5
5.7729715 13.311896 -7.9225572e-05 9.5964757e-05 1.170799 0.5
12.080757 3.3840958 -0.10156923 -0.038514696 0.802835 0.5
15.972954 5.3305409 -0.28888133 0.15773986 5.063896 0.5
18.939773 23.407596 -0.026981232 -0.022878429 2.243796 0.5
6.3075237 3.4101175 -0.00022791448 -0.00031484488 5.270568 0.5
11.545327 9.9930262 -0.059181009 0.079387962 5.757172 0.5
19.223594 1.8647118 -0.040417701 0.073898695 5.271397 0.5
6.5931169 9.2740927 0.00052396161 -0.0002863178 3.151318 0.5
6.7016835 15.261304 0.00021526078 0.00069656511 0.221595 0.5
22.987708 20.932461 -0.028564022 -0.001699922 1.510648 0.5
10.22438 26.849739 -0.003827163 -0.0012209158 5.29405 0.5
24.03603 18.365691 -0.038627226 -0.0084253492 2.737677 0.5
12.533926 22.314977 -0.02628956 0.006661765 4.134415 0.5
25.882311 9.1438189 0.0029812158 -0.010771995 1.432456 0.5
2.8559991 6.5874844 -0.00019532754 -0.00020553722 2.840655 0.5
23.234448 14.521817 0.050247957 0.10574678 2.899005 0.5
15.097792 27.376698 -0.0019068401 -0.01725516 4.137855 0.5
7.4294162 21.308465 -0.001191159 -0.00018417403 1.992807 0.5
18.405584 10.419415 -0.0089399826 0.00026748985 0.375558 0.5
10.120268 5.518424 -0.0012865878 0.0011255462 0.629977 0.5
4.0051798 7.1769195 -0.00018012079 0.00027402733 5.301885 0.5
18.964743 17.051822 -0.025421151 -0.0079652355 1.197725 0.5
14.748169 6.6223893 -0.069636698 -0.016985 2.939026 0.5
10.907706 23.661294 -0.013556773 -0.0027590521 3.912909 0.5
17.388193 5.4983344 -0.18405317 0.24872257 3.115045 0.5
14.76398 3.2411359 -0.073639069 0.10029247 1.662001 0.5
24.501121 17.180504 -0.0057761262 0.028024485 0.131507 0.5
