# x y vx vy theta radius
14.550033 15.860483 0.38834044 0.30666847 0.62911664 0.5
3.5558606 15.913632 -0.051812608 -0.019140174 1.764168 0.5
6.7016831 25.271084 0.0045630466 -0.069004102 3.951996 0.5
19.485078 10.847457 0.26840618 -0.36788202 4.259518 0.5
8.6665553 25.104912 0.030536101 0.003049354 1.882067 0.5
20.451595 20.20976 -0.045686439 -0.037254184 0.92276 0.5
27.348031 15.213701 0.023806556 -0.0318381 4.981497 0.5
22.541383 19.331713 0.0041603799 -0.094959596 0.663689 0.5
5.3366481 18.692857 0.0033683241 -0.03726433 4.599871 0.5
5.8877261 20.921557 0.044858657 -0.026171462 3.315122 0.5
18.810106 25.462468 -0.0079224266 0.012806025 5.224588 0.5
7.8732203 15.225963 -0.083839514 -0.092956558 4.739779 0.5
17.60101 25.933354 0.018099852 -0.068556715 0.624425 0.5
24.873587 21.85187 0.019896381 -0.027567201 0.734434 0.5
23.731693 19.325769 0.0053901106 -0.087518201 4.989084 0.5
25.297823 17.252192 0.0076512368 -0.013911767 2.508867 0.5
9.539296 23.200916 0.0024563063 -0.063792773 5.939565 0.5
13.344703 13.758687 -0.0049690806 -0.019102337 0.028815 0.5
4.0390182 17.119233 -0.067855715 -0.038923444 3.449449 0.5
15.506436 24.088828 0.0073320061 -0.044600433 0.592282 0.5
27.376288 12.933244 0.023853442 -0.0049446626 6.045768 0.5
24.153337 22.781347 0.0018169639 -0.016762963 0.890473 0.5
18.707428 11.650454 0.081218927 0.0068701643 2.353219 0.5
16.663642 20.159807 -0.048772785 -0.059305656 1.672869 0.5
12.026273 23.911089 0.018264324 -0.056972573 4.21507 0.5
14.181681 25.245958 0.0048962314 -0.03804384 0.4829 0.5
4.8475602 9.1522544 0.018229375 -0.0049851985 6.274711 0.5
12.808504 20.948347 0.0098586936 -0.023673083 1.301021 0.5
19.943593 23.774225 -0.034538165 -0.0046880411 3.538852 0.5
23.23207 5.298432 -0.0047804266 -0.0024948149 1.72413 0.5
24.410658 20.636337 0.013974589 -0.034501168 0.779811 0.5
21.11357 12.743137 0.011336739 -0.020701035 1.209651 0.5
18.677077 13.180448 0.11979073 -0.067934726 5.377079 0.5
2.6263641 8.0224123 -0.0060699439 -0.0022822164 3.122843 0.5
8.667107 2.2397446 -0.00016459789 -0.00014177613 4.105439 0.5
12.139549 8.4465958 0.0039588822 0.0030832237 2.246795 0.5
5.8349199 11.093229 -0.025195023 -0.019869605 3.468535 0.5
9.7191691 24.326443 0.054451425 -0.038153782 5.532293 0.5
21.787122 22.309822 0.020784545 0.01789925 0.531572 0.5
21.713625 16.806239 0.010436918 -0.022080973 5.261584 0.5
26.638973 18.560748 0.096856144 -0.079704996 0.040113 0.5
16.456377 19.062449 -0.044700226 -0.018222671 4.576591 0.5
16.847595 23.877616 -0.023381019 -0.038083397 0.209824 0.5
22.384829 6.8255758 -0.00061702103 -0.0022207584 1.770879 0.5
4.5597141 21.73383 -0.030448809 -0.017483145 4.791815 0.5
9.3848095 19.370855 -0.060457754 0.016068059 2.522673 0.5
17.129495 7.20662 0.083624186 -0.10162108 3.232151 0.5
14.29159 19.040364 -0.032633149 0.47912919 0.943125 0.5
25.412694 9.1389519 -0.011794948 -0.00065310057 1.031271 0.5
4.2643942 19.460614 0.052653832 -0.040865086 1.523797 0.5
23.599805 21.567623 0.00050679441 -0.031802844 1.787492 0.5
25.328375 13.059434 -0.03137721 -0.063429031 3.056837 0.5
27.046019 11.542098 -0.042492138 -0.0096955861 3.332967 0.5
18.885533 24.1937 0.031869347 -0.022080158 3.889918 0.5
26.602903 17.338359 -0.032744353 -0.027593889 1.775857 0.5
20.473843 11.36786 0.050139671 -0.0042546842 4.33857 0.5
18.610092 21.237868 -0.050188828 -0.00085258342 2.652322 0.5
4.8407056 14.146595 -0.00030061789 -0.056423875 1.360759 0.5
17.425819 21.386942 -0.029767704 -0.062718967 1.350476 0.5
4.0129765 13.048756 -0.047252833 0.036101475 3.139709 0.5
13.750659 27.389094 -0.038710256 -0.068688314 3.877928 0.5
18.921367 20.015385 0.057668316 -0.044835229 4.111005 0.5
10.981418 26.004597 -0.026829712 -0.021080931 4.354529 0.5
14.367463 24.147126 -0.013805742 0.00083395816 1.958136 0.5
3.4631691 20.590059 0.065645533 0.058355467 1.935129 0.5
26.249814 12.421911 0.041248891 -0.00099096355 0.983243 0.5
19.813553 24.904647 -0.027053966 -0.056270701 4.524452 0.5
24.310099 18.303387 -0.053676984 -0.019153953 4.628506 0.5
6.540947 10.068959 0.011096252 -0.0046945675 4.619789 0.5
23.076327 18.303461 0.017511276 0.015387781 6.246698 0.5
7.0201356 24.130413 -0.078669859 -0.074613651 2.597917 0.5
8.1095549 19.942119 -0.059882955 0.017333734 5.540445 0.5
24.344095 8.7007285 0.033495912 -0.085127643 1.135786 0.5
16.855066 6.0506701 -0.0028367957 -0.014212565 0.649744 0.5
4.7394225 20.516552 -0.0060390747 0.0085800731 4.647872 0.5
27.279401 14.098279 0.055769909 -0.017017216 3.116928 0.5
5.3876243 16.607014 -0.054417119 -0.13737865 1.058365 0.5
16.054071 27.25035 0.03896256 0.010861216 1.223223 0.5
20.417642 15.243042 0.071836871 0.13023673 6.185729 0.5
6.9458721 20.426861 -0.035306283 -0.094622647 5.03693 0.5
17.846034 15.976295 0.020045968 -0.07560392 0.158334 0.5
14.228939 17.202939 -0.085931932 -0.11923883 0.09489 0.5
15.392819 16.747673 0.56425006 0.76720014 3.182579 0.5
5.8213394 7.8303796 0.011814958 0.0056820656 5.999337 0.5
25.601953 20.657583 0.045804655 -0.026132183 0.712677 0.5
4.8377636 12.017103 -0.026566825 -0.078269692 1.70588 0.5
17.191085 14.776618 -0.022305722 -0.067188451 5.092516 0.5
22.563997 12.610623 0.075975157 -0.08142482 0.506989 0.5
19.981074 22.317071 0.042899214 -0.065372845 4.452103 0.5
19.746956 4.3921928 -0.003794313 0.0016168594 3.429354 0.5
9.4896293 12.130591 0.040163286 -0.01645245 5.942963 0.5
3.1545343 19.360131 -0.047466051 -0.019878766 2.062723 0.5
16.387811 21.822326 0.089518498 -0.081005753 2.598321 0.5
17.269016 18.020157 0.43331327 0.73742628 6.159219 0.5
25.068052 14.627416 -0.011622781 -0.051682028 1.488917 0.5
24.693596 11.869726 -0.026554928 -0.038266667 1.927238 0.5
23.122513 23.841916 0.077314852 -0.041134324 3.98558 0.5
20.653611 16.384323 0.016027708 -0.01524845 3.515453 0.5
7.8420274 21.299724 0.081872906 -0.00048787545 3.362574 0.5
1.7636401 19.245047 0.044313374 -0.16126964 2.617045 0.5
11.385935 27.107735 0.01685592 -0.012838652 4.416501 0.5
20.944208 23.059062 -0.033850121 -0.050179496 2.357123 0.5
3.1875071 21.684599 -0.036393621 0.01914754 0.027213 0.5
5.5321146 22.406912 -0.10260521 0.011949565 3.270335 0.5
21.992164 23.464705 0.033736926 -0.044483187 5.133302 0.5
16.278303 12.544062 -0.061396907 -0.14964156 4.163048 0.5
11.646824 3.8023824 0.020809003 0.0014494726 3.93618 0.5
14.8364 27.075513 -0.067789839 -0.031626515 5.951127 0.5
15.801947 14.937432 -0.063100879 -0.082289796 4.082451 0.5
22.483413 21.39813 0.009854552 -0.017497354 1.780305 0.5
8.5707213 17.715619 -0.017398648 -0.073214224 2.847882 0.5
17.258427 27.012887 0.0089464145 -0.028328956 1.767937 0.5
21.637941 15.654459 0.022636263 -0.10585402 0.00135 0.5
26.134865 14.981328 -0.023280768 -0.084853862 5.312468 0.5
19.583583 17.75098 -0.019665641 -0.045140706 0.320289 0.5
4.9034738 23.69302 -0.031754282 -0.037639007 0.581132 0.5
8.9266793 26.364281 -0.012463883 0.0045124047 3.087421 0.5
20.059768 14.172904 0.21710126 -0.1228029 3.560403 0.5
15.586536 20.814481 0.029532582 -0.07429809 0.555117 0.5
23.272316 8.2333192 -0.022073296 -0.01641748 6.220608 0.5
22.565998 10.012218 0.0018966562 0.00051439695 5.652715 0.5
12.969693 16.854027 -0.0086394001 -0.031188404 0.827952 0.5
17.753858 12.323253 0.10864161 0.057336977 1.054048 0.5
20.711925 17.548463 0.014744878 -0.02109362 0.319962 0.5
24.251152 6.7684933 -0.0023255469 -0.00035779973 2.464344 0.5
20.876618 25.503433 -0.016073385 -0.012412424 3.780782 0.5
7.0036929 11.414118 0.026784939 -0.045508096 0.745414 0.5
3.3066609 11.258229 0.015507554 -0.0077100897 3.348875 0.5
7.2735992 23.039631 0.010422738 -0.001660025 5.365761 0.5
24.449167 15.988141 -0.0034232139 -0.021670251 0.445642 0.5
20.979925 21.33274 -0.02720437 0.015687723 2.979068 0.5
26.023749 19.525207 0.0253381 -0.0076294656 2.813895 0.5
10.073143 26.779423 0.014110542 0.0098482234 4.039246 0.5
8.413046 22.620737 -0.062846139 -0.072080961 4.602055 0.5
26.042908 8.0556931 0.03424643 -0.061961011 1.676583 0.5
23.753058 9.8666251 -0.027561355 -0.012368077 1.207935 0.5
23.325967 15.923378 -0.054050284 -0.032850861 6.164191 0.5
16.030669 17.931626 -0.024944587 -0.1196919 1.491784 0.5
6.1388055 13.540871 -0.0098139982 -0.085814369 6.269379 0.5
13.220987 23.985275 -0.016122576 -0.028416931 0.35856 0.5
15.19777 21.979502 -0.0016400367 -0.11070213 0.326238 0.5
18.113203 22.316291 0.058064394 -0.026355083 1.608548 0.5
18.172177 6.4848945 0.024261438 0.0049402691 2.616667 0.5
6.8895577 19.141539 -0.064147083 0.026758717 0.410672 0.5
17.040761 22.732958 -0.0071459242 -0.023598075 3.210668 0.5
13.144339 18.432688 -0.0011193903 -0.08905607 0.309541 0.5
17.852872 24.626874 0.027045701 -0.0094758174 1.761874 0.5
3.683925 18.242978 0.057415657 -0.09256388 4.731547 0.5
24.312016 5.642782 0.0067923455 0.003469817 0.313065 0.5
14.466181 20.539991 0.049620807 -0.10622326 0.087229 0.5
11.505629 0.9369321 1.1529378e-05 9.5395703e-06 5.713071 0.5
17.6495 13.713752 0.011165669 -0.063893693 0.34983 0.5
19.640895 9.2077529 -0.00053622969 -0.0013735428 2.015368 0.5
16.247838 26.106505 -0.013480497 0.016524905 0.42176 0.5
22.891502 22.709637 0.077300756 -0.0091934219 5.580866 0.5
22.090382 24.613676 0.022649029 -0.031451834 4.066321 0.5
17.827532 20.266507 -0.043965982 -0.07173989 5.863794 0.5
17.269288 4.5921713 0.0087958459 -0.073345178 5.355125 0.5
2.2802243 20.238386 -0.016856111 -0.11969463 5.404824 0.5
19.22423 16.59255 0.014919077 -0.0034792982 1.361005 0.5
19.741603 21.195496 0.0030434788 -0.023756082 5.19755 0.5
12.119322 19.086379 -0.034678154 -0.0040186924 5.853071 0.5
25.473245 10.862712 0.020223923 0.0069462021 2.830697 0.5
9.3424418 20.602553 -0.0087954709 0.048208975 3.251414 0.5
23.895061 14.893061 0.012523026 -0.024448051 3.305262 0.5
2.2390871 13.716951 -0.014254172 -0.035933247 3.841898 0.5
22.534188 14.940193 0.023690045 -0.01042287 4.917041 0.5
14.358436 3.5085023 0.03979735 -0.035922801 1.726803 0.5
12.167764 26.084591 0.017368433 -0.01697656 2.534849 0.5
13.486262 26.248235 -0.075643654 -0.025404914 1.985571 0.5
15.898938 23.02548 -0.017716638 -0.033930908 5.636684 0.5
21.773889 10.825739 0.00945607 -0.012332039 0.642493 0.5
10.604744 21.110549 0.0093874732 -0.029323568 5.796573 0.5
7.8251019 25.845424 -0.067929263 -0.039115833 4.738871 0.5
19.025291 23.045279 -0.046947392 -0.094723598 1.568073 0.5
23.036091 20.371145 0.0015828468 -0.12464818 2.749741 0.5
5.7359649 24.497019 0.049861994 -0.0049310226 1.171823 0.5
26.845305 10.422769 0.0043003935 -0.0015136593 2.226958 0.5
20.963254 24.258183 0.030593006 0.0022244357 1.548545 0.5
16.812658 16.973257 0.62992074 -0.34534677 3.653333 0.5
8.2284376 18.825587 -0.030097013 -0.11115014 4.394256 0.5
16.095467 9.5839437 -0.045670967 -0.033925418 0.605652 0.5
3.8879034 22.715429 0.027041563 -0.022659194 3.106146 0.5
5.7243556 4.6411357 0.0075158645 -0.015112539 3.095002 0.5
3.1964719 14.747718 -0.015443754 -0.0055779157 1.841384 0.5
19.697699 7.6690461 0.091561913 -0.04483672 6.034028 0.5
5.6401283 14.964477 -0.04256295 -0.019270489 1.857551 0.5
11.077322 18.635469 -0.021988404 0.0084770679 1.702664 0.5
14.158537 11.984507 0.034012644 0.016707038 1.16125 0.5
11.761015 21.491612 0.016837234 -0.048859799 4.720586 0.5
5.9398914 19.796224 0.044583326 0.0065251999 0.205718 0.5
12.996374 19.812062 0.0066332493 0.013879998 5.820667 0.5
13.600215 4.4268256 -0.02358529 0.0018841547 3.894129 0.5
7.5942305 13.898198 0.041680209 -0.084359646 3.074393 0.5
0.77165901 13.981781 -0.0032427919 -0.003419974 0.467747 0.5
6.7547271 21.790136 0.051060566 -0.023949791 5.60533 0.5
5.8088882 17.663412 0.061916928 -0.016720208 6.227367 0.5
12.578046 27.23325 -0.04292171 -0.04546151 5.177094 0.5
24.003376 17.176338 0.054166595 -0.038481629 0.203779 0.5
27.212002 16.385316 -0.036355305 -0.084444262 6.095105 0.5
21.721989 20.447966 0.010739247 -0.014867277 5.150288 0.5
19.925443 18.950987 0.024322422 -0.0095199241 3.059892 0.5
25.499309 18.458007 0.057987324 -0.029247923 3.692189 0.5
18.765255 18.852568 -0.093294901 -0.039822375 3.246869 0.5
8.1236737 23.797269 -0.0090683998 -0.041364461 2.032293 0.5
19.055959 15.184257 0.25131116 0.19347467 6.136396 0.5
10.541641 22.674464 -0.023892247 -0.007126557 4.563161 0.5
1.8174913 16.013062 -0.032821245 -0.072041448 5.916686 0.5
11.670862 17.171754 -0.0082910801 -0.095646736 1.344992 0.5
1.5397218 11.291793 0.0047916036 -0.017213342 3.633442 0.5
15.339671 19.473318 0.057983274 -0.018897568 2.78777 0.5
12.50956 24.949269 0.032377639 -0.064897705 1.483056 0.5
15.064162 25.943721 -0.0062087327 0.020936648 0.879468 0.5
1.3980555 18.196292 -0.094840511 -0.056269829 4.923104 0.5
9.8722222 25.50163 0.011166978 -0.013073029 5.350229 0.5
19.798148 12.841893 0.016102273 -0.34337518 1.508644 0.5
24.345915 13.674237 -0.011224857 -0.022700717 4.32761 0.5
24.901728 19.514351 0.057851247 0.031455472 1.3724 0.5
17.593322 19.021235 0.030247108 0.20684832 2.64206 0.5
22.840937 16.9534 0.0030734232 -0.02595305 2.466218 0.5
12.806694 7.3221321 0.016348487 -0.021384339 0.69625 0.5
19.544048 1.9596726 -0.0026442213 -0.0053690939 0.502972 0.5
26.177978 13.849561 0.018847552 -0.083845523 4.066135 0.5
22.877058 13.692336 0.053515048 -0.0035035317 3.026607 0.5
21.871122 18.007776 0.03841416 -0.10804164 6.171553 0.5
16.830456 25.088743 0.032864304 -0.042737484 3.767955 0.5
15.402753 11.17465 -0.17015453 -0.43886568 5.349705 0.5
18.515128 26.600687 0.0048514271 -0.047905108 3.28374 0.5
25.625665 15.997359 0.00068510599 -0.015487816 1.964272 0.5
11.670621 22.824555 0.031821044 -0.078235805 1.170799 0.5
21.139875 19.250545 0.052235114 -0.061888788 0.802835 0.5
7.4493277 17.895021 0.046763537 -0.011515994 5.063896 0.5
21.145099 14.321264 0.18461037 -0.025560109 2.243796 0.5
2.299864 17.301079 -0.05660613 -0.22481085 5.270568 0.5
23.853128 12.625905 -0.026129381 -0.071835045 5.757172 0.5
12.920786 22.655622 0.028109963 0.028719876 5.271397 0.5
14.785128 9.1822518 -0.032786643 -0.031651919 3.151318 0.5
9.6147526 21.949276 -0.0097189723 -0.003897897 0.221595 0.5
11.558874 20.306811 -0.0038312056 -0.030555595 1.510648 0.5
6.7589948 14.975465 -0.12792403 -0.043198971 5.29405 0.5
10.791565 23.860372 0.026996995 0.027584579 2.737677 0.5
14.288477 22.813977 -0.033794126 0.0029778782 4.134415 0.5
2.4089581 9.3601664 -0.0018206372 -0.011188488 1.432456 0.5
7.9382799 9.403341 0.057303595 -0.16782576 2.840655 0.5
8.4073012 3.4489543 0.01305213 0.0063059424 2.899005 0.5
18.262741 17.436184 -0.02547144 0.048876419 4.137855 0.5
11.336234 24.91306 -0.01729062 -0.0033063666 1.992807 0.5
17.964154 23.446622 -0.050388978 -0.021964282 0.375558 0.5
18.164548 8.2691632 -0.0018735496 -0.037799255 0.629977 0.5
6.1544887 23.355401 -0.036653322 -0.041690543 5.301885 0.5
10.39367 19.909922 0.10478412 -0.1095508 1.197725 0.5
19.835466 26.050748 0.019319881 0.01460072 2.939026 0.5
3.9016736 6.512425 0.035386464 -0.0058855292 3.912909 0.5
13.721556 21.650918 -0.024744511 0.019160371 3.115045 0.5
4.6393296 15.481062 0.0057957022 -0.010715907 1.662001 0.5
9.684959 17.440278 -0.01805137 -0.043057404 0.131507 0.5
