# x y vx vy theta radius
20.329015 20.635238 -0.44199639 -1.4986676 1.9165341 0.5
17.519376 26.084494 -0.35649767 0.39623969 1.764168 0.5
8.384221 12.586121 -0.00012218991 -0.0031398439 3.951996 0.5
3.1034439 15.553936 -4.6658883e-05 0.0021560002 4.259518 0.5
8.4545346 16.252504 0.00066751594 0.00066104996 1.882067 0.5
11.966983 19.232569 0.041740402 0.040753122 0.92276 0.5
10.916693 13.228056 -0.0045295553 0.0056457822 4.981497 0.5
9.339086 26.289223 0.0018812517 0.00087671615 0.663689 0.5
22.046628 13.72094 0.034304921 0.076591943 4.599871 0.5
7.0719713 4.5145756 -0.004362604 -0.0013554353 3.315122 0.5
12.505141 21.87809 -0.021412837 0.011348978 5.224588 0.5
18.66291 10.477998 -0.027432113 0.036255913 4.739779 0.5
10.998595 20.093467 -0.096219411 0.063380052 0.624425 0.5
15.110272 23.155325 -0.23633195 0.21774538 0.734434 0.5
14.743075 1.6524139 -0.0026114908 -5.4533912e-05 4.989084 0.5
9.2194061 5.3059267 -0.0010472827 0.0016590116 2.508867 0.5
5.8222887 3.4320006 -0.0054614731 9.8360635e-05 5.939565 0.5
19.580345 6.499568 -0.019046934 0.026867538 0.028815 0.5
5.9457848 23.306329 -0.00021506171 0.0011052585 3.449449 0.5
18.366705 7.1631448 0.012652605 0.0086420571 0.592282 0.5
13.968167 19.696107 -0.036335833 0.026579626 6.045768 0.5
0.60241147 14.510439 0.001138599 -0.00058818183 0.890473 0.5
5.2324025 22.384736 0.0027549425 -0.00022448104 2.353219 0.5
11.846777 3.7540106 -0.0078938721 0.0037465565 1.672869 0.5
19.185311 7.9436528 -0.06311407 0.018859157 4.21507 0.5
18.230292 3.6798318 0.0018536835 -0.0084251075 0.4829 0.5
7.9223764 3.4775406 -0.0072070636 -0.00033136024 6.274711 0.5
10.693104 1.0052763 0.0018744974 0.0013994105 1.301021 0.5
13.371052 5.8262817 -0.0095445036 0.0031316833 3.538852 0.5
11.20728 7.8500912 -0.0073058306 0.011548128 1.72413 0.5
11.804499 14.017912 0.0023369413 0.0013434573 0.779811 0.5
3.6343952 9.9268524 -4.8203698e-05 -3.6775456e-05 1.209651 0.5
12.962527 25.371901 -0.025143379 0.0072986396 5.377079 0.5
9.9912872 8.0052822 0.0022847984 -0.0064026193 3.122843 0.5
8.1072134 18.983199 0.00090869888 0.00019325441 4.105439 0.5
11.771366 4.892182 -0.00074133141 -0.00069498542 2.246795 0.5
4.6628598 23.499681 0.00087889014 -0.00045639701 3.468535 0.5
17.107449 3.398754 0.0011268734 0.010320474 5.532293 0.5
8.4775813 23.31284 0.0013269199 -0.00020247091 0.531572 0.5
2.1713181 16.406662 -0.00034186006 -0.00051011138 5.261584 0.5
3.1657802 14.42438 0.00092761675 0.00030888071 0.040113 0.5
22.666052 5.245318 0.029647814 0.00067284978 4.576591 0.5
9.5196776 15.88638 0.00032212418 -0.00083674959 0.209824 0.5
20.628475 11.642648 -0.054477741 0.010028087 1.770879 0.5
9.4971411 11.852676 -0.00015980435 2.1671408e-05 4.791815 0.5
10.375395 3.3058646 0.00020191844 -0.00078880864 2.522673 0.5
17.731765 17.03847 0.053976539 -0.04818949 3.232151 0.5
11.138598 15.760507 -0.0013861338 0.0024367218 0.943125 0.5
6.771618 14.261901 -1.2181539e-05 9.0356781e-05 1.031271 0.5
26.839302 10.748865 0.031129125 -0.01622997 1.523797 0.5
21.876794 3.2142635 -0.05300666 -0.054152562 1.787492 0.5
13.519842 1.6149587 -0.001807399 -0.0045910332 3.056837 0.5
2.2669253 11.221484 -0.0001562711 -8.3855713e-05 3.332967 0.5
10.163184 22.323682 0.0023972713 -0.00016194631 3.889918 0.5
10.223293 2.0445024 0.0014279009 0.0025710165 1.775857 0.5
20.732056 6.6788573 -0.083517787 -0.0088250865 4.33857 0.5
12.799204 16.710588 -0.067791925 -0.063405526 2.652322 0.5
5.2045994 17.897788 2.2806693e-05 7.580355e-05 1.360759 0.5
3.5382088 19.89952 -8.0649752e-05 0.00016272027 1.350476 0.5
9.6754547 20.832799 -0.00013889949 -0.00038938666 3.139709 0.5
9.694299 10.230686 -0.001444928 0.0048674932 3.877928 0.5
10.501989 9.0081808 -0.0082743418 -0.00058433027 4.111005 0.5
7.2489394 23.002624 -0.00028082415 -0.00072645664 4.354529 0.5
4.3119455 20.92051 -0.0013714101 0.00021820291 1.958136 0.5
12.865567 13.170426 -0.00564161 0.0058129827 1.935129 0.5
4.2566339 18.780204 4.0456676e-05 0.0014786613 0.983243 0.5
15.936076 6.7835854 -0.0017948914 -0.00073513566 4.524452 0.5
6.9566484 12.228157 -0.0077948701 -0.0042172824 4.628506 0.5
16.885223 0.89016024 -0.023556808 -0.016073319 4.619789 0.5
13.989667 12.311184 -0.18106985 -0.16330715 6.246698 0.5
4.3409494 15.452083 -0.00057439583 -4.4556465e-05 2.597917 0.5
17.980341 9.0106154 -0.023355943 -0.029860134 5.540445 0.5
2.2155899 13.771463 -0.0038165013 -0.0031296275 1.135786 0.5
12.108123 18.031283 0.0014957321 -0.0018668989 0.649744 0.5
22.507383 9.376468 -0.0094973402 -0.012023697 4.647872 0.5
11.240214 2.5697968 -0.003496198 -0.0032208438 3.116928 0.5
7.5201221 20.872849 -0.0010325743 0.00077961286 1.058365 0.5
19.031526 22.169932 -0.075582195 0.029953234 1.223223 0.5
9.9609642 14.677676 0.00043433998 -0.00035540988 6.185729 0.5
8.2240331 4.6903077 0.00042353635 -0.0025720215 5.03693 0.5
6.3023309 8.5815492 -0.012887605 -0.0015195776 0.158334 0.5
7.7979127 15.184836 0.0031000024 -0.0029227585 0.09489 0.5
15.251875 14.574566 -0.030847176 0.01044968 3.182579 0.5
2.2548168 20.510022 0.00096798907 -6.7506668e-05 5.999337 0.5
10.436919 24.120096 -4.9000115e-05 -0.00017621806 0.712677 0.5
18.836845 11.75913 -0.03564062 0.0058634005 1.70588 0.5
15.540083 27.006705 -0.054377754 0.025232041 5.092516 0.5
18.02656 14.035543 -0.034561314 0.027689828 0.506989 0.5
21.946768 18.286007 -0.011930868 -0.0035638262 4.452103 0.5
18.936669 4.6107307 -0.019135768 0.016750952 3.429354 0.5
11.436438 6.7462256 0.0040069834 -0.00021125339 5.942963 0.5
16.024565 2.0439207 -0.026826305 -0.0063969968 2.062723 0.5
8.0059166 25.668004 -7.240741e-06 3.6472584e-05 2.598321 0.5
5.4158206 12.421624 -2.3483185e-05 2.8490665e-05 6.159219 0.5
0.97395101 17.044114 -0.00032484311 -3.252688e-05 1.488917 0.5
16.889196 23.640531 -0.034742804 -0.13427805 1.927238 0.5
25.16588 7.2466974 -0.011339062 0.042389446 3.98558 0.5
23.782213 13.058199 -0.030498747 -0.038545197 3.515453 0.5
6.2347469 10.268546 -0.00058663812 -0.00026401826 3.362574 0.5
3.8732093 17.675068 -0.00063100953 -0.00028325392 2.617045 0.5
5.9312477 18.783296 0.00065940974 -0.00040710489 4.416501 0.5
14.887921 18.934126 -0.02310972 -0.01676928 2.357123 0.5
2.0959975 12.411083 0.0011742779 -0.0016652541 0.027213 0.5
7.5927095 7.3300266 -0.0044277615 0.0027155945 3.270335 0.5
5.5015653 24.361624 0.00079101798 -0.0023780082 5.133302 0.5
17.546044 4.6216348 0.0058853418 -0.003945107 4.163048 0.5
3.6079298 6.0621822 -1.306275e-07 -4.0845467e-07 3.93618 0.5
14.873942 2.8064384 -0.035207382 -0.016551548 5.951127 0.5
15.210605 7.7967603 -0.0055415263 0.0027439345 4.082451 0.5
20.638079 16.40085 0.0059193609 -0.0049248287 1.780305 0.5
22.962389 15.278053 -0.0040464121 0.016138897 2.847882 0.5
19.615308 17.103316 0.001748701 0.0092804374 1.767937 0.5
3.8404553 16.488169 0.00070361702 -0.00020934443 0.00135 0.5
2.9615817 18.808017 -0.00015646688 0.00045246682 5.312468 0.5
22.331863 6.9002628 0.032940422 -0.023949953 0.320289 0.5
15.529536 10.405887 -0.064609739 0.020640413 0.581132 0.5
15.668966 0.81454839 -0.030986221 -0.0054720697 3.087421 0.5
5.4306827 13.90625 -0.00075873302 -0.0017619888 3.560403 0.5
15.586101 5.5912564 -0.0068049407 0.012619167 0.555117 0.5
3.8863987 22.557324 0.00043938929 0.00043010807 6.220608 0.5
15.093584 4.0950766 0.006666742 0.0021547401 5.652715 0.5
22.004878 15.900513 -0.052390511 -0.0014982975 0.827952 0.5
5.1449539 6.8405142 -2.3257271e-05 -0.00018235038 1.054048 0.5
10.579844 26.588324 0.00057663006 -0.00024112164 0.319962 0.5
17.379239 6.6084462 -0.01204015 0.011566958 2.464344 0.5
12.047655 24.163313 0.00031165584 0.0006025928 3.780782 0.5
3.9603182 7.3609894 -2.8480363e-05 -2.0542945e-05 0.745414 0.5
13.493052 10.285949 -0.0050941181 -0.00097890421 3.348875 0.5
13.751014 26.810703 0.020927347 0.13596479 5.365761 0.5
3.1647369 21.47334 0.00036315894 -0.00027506691 0.445642 0.5
12.322624 8.0716413 -0.0035686894 0.0011380025 2.979068 0.5
23.475313 7.6552033 0.015435887 0.021734154 2.813895 0.5
22.444308 11.220731 -0.010888523 0.020136278 4.039246 0.5
9.2495314 3.3976497 -0.0011406333 0.0025061693 4.602055 0.5
2.1556064 14.928184 -0.0011503246 0.00013770817 1.676583 0.5
12.661076 23.071431 -0.20382644 -0.21953927 1.207935 0.5
12.061494 9.1832844 -0.013018223 0.01023079 6.164191 0.5
16.386047 4.358848 -0.043168869 -0.0091344362 1.491784 0.5
0.745817 15.68873 0.0013387526 -0.0026294428 6.269379 0.5
7.6094445 8.7634832 -5.5437395e-05 0.001776907 0.35856 0.5
1.8844287 18.24453 -0.00023512711 0.00049090674 0.326238 0.5
6.7033478 15.834185 -0.0025858867 0.00077056347 1.608548 0.5
7.9421286 2.2725868 -0.0043638639 0.0040422765 2.616667 0.5
18.116255 1.2644667 0.0060525553 -0.010871746 0.410672 0.5
10.061264 25.422456 -0.00056431534 -0.00077707825 3.210668 0.5
12.133322 20.530275 0.0096009917 -0.021888827 0.309541 0.5
14.328435 0.60154917 0.00064556606 -0.0043316863 1.761874 0.5
12.946901 4.6282656 -0.0042088 -0.00068271578 4.731547 0.5
13.93597 3.9331259 -0.025872897 -0.0023830831 0.313065 0.5
1.8200048 19.446028 -0.0012099475 -0.0012736355 0.087229 0.5
20.027615 10.420588 0.0041660556 0.012108772 5.713071 0.5
21.461714 4.530084 -0.03370826 0.019170403 0.34983 0.5
9.3369063 19.731787 3.2402104e-05 -0.00021429261 2.015368 0.5
18.403702 5.5963854 -0.0417746 -0.011266948 0.42176 0.5
6.7416082 25.201651 -0.00041122272 0.0004559051 5.580866 0.5
7.5949897 11.260357 0.0011131223 -0.0022506193 4.066321 0.5
2.9531526 7.9710602 -7.0787889e-07 5.2479877e-08 5.863794 0.5
25.560851 8.8109805 -0.081002657 -0.0043050068 5.355125 0.5
2.4166968 10.083264 -0.00014511119 9.5304251e-06 5.404824 0.5
23.418097 6.3680281 -0.056479529 0.063871879 1.361005 0.5
12.809012 0.72019963 -0.00034761746 0.0013431021 5.19755 0.5
14.684925 16.778601 0.0005732573 0.015777416 5.853071 0.5
7.3554977 9.9392172 -0.0041508142 0.0011838122 2.830697 0.5
5.3847135 9.3090353 -2.1806961e-05 -1.5373247e-06 3.251414 0.5
2.7200882 6.8216038 -9.3048699e-06 7.9086339e-06 3.305262 0.5
6.8023185 21.881108 0.0010893995 0.00022770051 3.841898 0.5
10.209317 6.8017011 -0.0034772847 -0.0033075112 4.917041 0.5
19.032026 26.139133 -0.50434803 -0.004805142 1.726803 0.5
9.3831848 17.248086 -0.00031866276 0.00092407144 2.534849 0.5
13.55987 2.7782076 -0.0099185743 0.0029129873 1.985571 0.5
16.781633 10.079917 -0.0037583747 0.014631636 5.636684 0.5
10.443154 16.733504 -0.019116328 -0.04244991 0.642493 0.5
8.871978 7.6757184 -0.0027798098 0.0026255993 5.796573 0.5
20.815568 15.042397 -0.0022283657 0.007571261 4.738871 0.5
21.827169 17.111832 0.00053965102 0.0022882871 1.568073 0.5
4.1932844 8.9085978 -4.03711e-05 -0.00010126843 2.749741 0.5
5.9353197 4.6083595 -0.0024631965 0.0034700759 1.171823 0.5
13.88789 15.032258 -0.0071726949 0.0057881311 2.226958 0.5
18.972763 20.21973 -0.038753601 -0.095227357 1.548545 0.5
17.366111 11.129008 -0.0044032982 0.0031394135 3.653333 0.5
18.921367 13.127153 0.016295032 0.012638324 4.394256 0.5
20.427734 2.3498878 -0.064076478 -0.016531376 0.605652 0.5
15.246706 13.111642 0.11349049 -0.12164818 3.106146 0.5
8.1715963 14.121257 -0.0028793359 -0.0017129119 3.095002 0.5
18.50138 2.4711167 -0.057708128 0.0205013 1.841384 0.5
3.7387953 11.874253 3.3850251e-05 1.3815962e-05 6.034028 0.5
0.9606392 11.837981 -0.0016713074 -0.00020023815 1.857551 0.5
6.0758749 17.074059 0.0004013231 0.00015754972 1.702664 0.5
11.791189 1.4398054 0.0020992642 -0.0026156699 1.16125 0.5
16.535421 13.777301 -0.0069608741 0.0041846999 4.720586 0.5
16.25052 19.246877 -0.0019337653 0.035484441 0.205718 0.5
14.92822 24.415023 -0.61673107 -0.29218146 5.820667 0.5
7.997089 17.279187 -0.00081954868 0.00060569502 3.894129 0.5
19.359683 3.2298142 -0.024101996 0.010370434 3.074393 0.5
8.5709356 6.4975101 -0.00035806966 -0.0042458047 0.467747 0.5
17.022708 7.6766582 -0.0093552004 0.0033230142 5.60533 0.5
12.608004 6.8696917 -0.0039503426 -0.002323118 6.227367 0.5
14.527384 5.1059787 -0.064882315 0.0051713876 5.177094 0.5
14.027924 25.040222 -0.1003133 0.0015053005 0.203779 0.5
3.1328129 12.858764 9.9950535e-06 8.0565527e-05 6.095105 0.5
10.278604 4.7050512 -0.0065843928 0.0043424109 5.150288 0.5
17.237294 2.198342 -0.0024243943 -0.0016617613 3.059892 0.5
5.2692609 5.628194 2.9951239e-05 4.0209354e-05 3.692189 0.5
13.52266 9.0717101 -0.0054230323 -0.00057747933 3.246869 0.5
6.7929883 2.6893432 -0.001732566 0.0071776394 2.032293 0.5
14.72821 6.5212839 -0.018811469 0.01665094 6.136396 0.5
14.779519 21.773896 -0.034500522 -0.0152294 4.563161 0.5
5.9665796 20.007417 -0.00023707223 -0.00067072255 5.916686 0.5
16.530305 21.683873 -0.21609295 -0.18320219 1.344992 0.5
15.923488 3.2822159 0.0023869876 -0.012261527 3.633442 0.5
7.6784731 24.320765 0.00011541574 0.00025584852 2.78777 0.5
5.8598703 15.031694 0.0003671991 0.0024597075 1.483056 0.5
15.964311 9.1282382 -0.0066652795 0.0013266567 0.879468 0.5
19.410561 1.736893 0.019256697 0.0053341824 4.923104 0.5
8.5765375 21.506852 -0.0061118268 0.0033358292 5.350229 0.5
16.771781 5.6378336 -0.010806688 0.028913308 1.508644 0.5
6.1605022 7.4155969 4.8983631e-05 -7.4294287e-05 4.32761 0.5
10.929392 5.7048757 -0.0094245831 0.0026826598 1.3724 0.5
8.4398997 9.6268431 -0.00040514805 0.0018498135 2.64206 0.5
19.271509 9.4803258 -0.031157564 -0.012874973 2.466218 0.5
22.98485 4.0260678 0.00031107197 -0.039419352 0.69625 0.5
12.388104 2.6036398 -0.00048852567 0.0049413074 0.502972 0.5
21.356123 10.418164 -0.029497481 0.029474144 4.066135 0.5
9.0612702 2.1803378 0.00079621267 -0.00099686898 3.026607 0.5
6.9389967 17.915732 -0.00018382369 -0.00030431068 6.171553 0.5
2.7245693 17.442412 0.0002532766 -0.0005626169 3.767955 0.5
6.3544343 13.189524 0.00028756239 -0.00022144863 5.349705 0.5
12.436161 27.08025 -0.1215511 0.060019816 3.28374 0.5
1.1670476 10.700018 0.00011748318 -0.00091384887 1.964272 0.5
5.8596823 11.348369 -0.00012590908 0.0003301741 1.170799 0.5
9.4946308 13.147697 -0.00027105833 0.0028002069 0.802835 0.5
5.258258 8.0961189 7.0410156e-05 0.00019270365 5.063896 0.5
18.488228 15.068359 -0.022298402 0.0098649472 2.243796 0.5
9.8443418 18.512617 8.4680119e-05 -0.00012351259 5.270568 0.5
20.778146 3.6355335 -0.045082748 0.0038514279 5.757172 0.5
1.8209577 8.4252636 2.100282e-07 3.808229e-07 5.271397 0.5
15.856944 25.839353 -0.18432019 -0.068986437 3.151318 0.5
13.847094 7.3531412 -0.0063185497 0.0026005999 0.221595 0.5
1.0213226 13.403329 0.00066464162 -0.0018478252 1.510648 0.5
23.22936 10.376308 0.030073054 -0.0037644166 5.29405 0.5
23.803605 5.2624629 0.0052541451 0.014509273 2.737677 0.5
16.906294 24.904312 -0.62298687 -0.85516466 4.134415 0.5
17.068002 12.643151 -0.0054291544 0.00059473698 1.432456 0.5
11.079046 11.944243 -0.0023661511 -0.0021093642 2.840655 0.5
20.15799 8.6803629 -0.039418819 -0.039994278 2.899005 0.5
19.436405 23.225878 -0.20129347 -0.1475138 4.137855 0.5
4.331186 14.19979 -0.00014059731 -0.00096837005 1.992807 0.5
10.936349 17.7437 -0.046708545 0.024570004 0.375558 0.5
4.8467874 10.522945 -8.1087792e-05 -4.0191266e-05 0.629977 0.5
7.5789024 5.8891228 0.00014639628 0.00091146903 5.301885 0.5
12.785024 11.75269 -0.0075712493 0.010928033 1.197725 0.5
6.3574546 5.9455778 -0.0054312219 0.00030801386 2.939026 0.5
14.643869 8.8473805 -0.00065335269 0.0012433987 3.912909 0.5
20.181663 5.3591672 -0.0041100524 -0.007153972 3.115045 0.5
20.164168 13.232807 0.0040898076 0.00061915677 1.662001 0.5
5.156841 16.384751 0.0010205501 -0.00056046384 0.131507 0.5
