# x y vx vy theta radius
16.581784 16.106815 -0.5826304 -0.36795358 4.0662155 0.5
24.266638 17.852204 0.037847351 -0.013723732 1.764168 0.5
24.645094 9.9308394 -0.081996664 0.020527724 3.951996 0.5
5.6076374 21.845588 -0.080424846 -0.11678028 4.259518 0.5
12.435373 9.0584878 0.002384175 -0.0046772276 1.882067 0.5
13.80687 22.516968 -0.00035737721 0.010477124 0.92276 0.5
0.59971981 14.800463 -0.001163315 0.003965719 4.981497 0.5
20.101014 3.7521728 0.0059711638 -0.0072191912 0.663689 0.5
1.3586641 13.502669 -0.002165331 -0.0031093112 4.599871 0.5
24.327197 8.2791895 -0.065018536 -0.020676617 3.315122 0.5
20.937408 2.983028 0.012638618 -0.0084108638 5.224588 0.5
24.177521 22.74867 -0.0033759098 -0.027122333 4.739779 0.5
6.5954858 22.467845 -0.057593067 -0.074629875 0.624425 0.5
21.920184 6.2799379 -0.0089812147 -0.0031550891 0.734434 0.5
27.301933 14.933405 0.055414405 -0.032417885 4.989084 0.5
20.986033 10.206667 -0.023231645 0.023061972 2.508867 0.5
14.604686 6.303055 -0.011026694 -0.021893315 5.939565 0.5
21.501322 15.892506 -0.055265741 0.087544078 0.028815 0.5
12.616355 0.8023446 -0.034603991 0.00041707056 3.449449 0.5
13.629719 19.968858 -0.095800393 0.0041705269 0.592282 0.5
24.658384 12.358884 0.0082601668 -0.0013554191 6.045768 0.5
14.771506 26.390616 -0.045298092 0.072110699 0.890473 0.5
13.85404 0.5814764 -0.038670397 0.0053016552 2.353219 0.5
7.7329955 23.415077 -0.069153389 0.0051308951 1.672869 0.5
24.270831 20.060977 -0.072766578 0.10506022 4.21507 0.5
4.908504 9.4112551 -0.0035349743 0.010423662 0.4829 0.5
14.995989 4.6133382 0.036434808 0.00063191496 6.274711 0.5
5.7478675 23.397775 -0.14701431 -0.12316357 1.301021 0.5
22.653217 17.892332 0.031222054 -0.14177293 3.538852 0.5
10.763188 25.318016 -0.010489459 0.009414377 1.72413 0.5
15.731204 25.372192 0.050131848 0.053852441 0.779811 0.5
20.068141 18.206304 0.024380127 -0.15421743 1.209651 0.5
21.591323 11.817872 -0.051662778 -0.048402429 5.377079 0.5
18.020886 12.35741 0.58150647 -0.62923385 3.122843 0.5
17.348383 4.1768443 0.021849903 0.036905633 4.105439 0.5
14.943505 9.5751274 0.0090699443 -0.012566017 2.246795 0.5
22.375159 9.6939869 0.0020353203 -0.10475545 3.468535 0.5
25.540776 18.000359 -0.10013651 -0.071618098 5.532293 0.5
6.3067595 17.97324 -0.0065517486 0.0023225961 0.531572 0.5
19.084419 22.159102 -0.089082738 -0.098154009 5.261584 0.5
20.138714 2.1078617 -0.03421661 -0.023440806 0.040113 0.5
21.200205 17.363965 -0.032380706 0.004650891 4.576591 0.5
7.4684912 18.103003 -0.10454901 -0.058052308 0.209824 0.5
27.20729 16.308763 0.16414597 -0.1319301 1.770879 0.5
18.465682 24.866656 -0.00056457102 -0.031493141 4.791815 0.5
20.50009 8.6372102 -0.04300558 -0.020413006 2.522673 0.5
11.424461 26.739482 -0.019624205 0.010061273 3.232151 0.5
17.14798 9.6951274 -0.007902427 -0.012926682 0.943125 0.5
6.8734516 6.7428632 -0.024107649 0.0094748189 1.031271 0.5
13.721324 12.009193 -0.018556587 0.017004589 1.523797 0.5
9.0575319 20.971368 -0.029993929 0.012986879 1.787492 0.5
16.37769 1.9791317 -0.041801533 -0.018474347 3.056837 0.5
16.635842 14.878844 -0.43190123 -0.34286264 3.332967 0.5
10.228126 26.726799 -0.049709849 -0.030089571 3.889918 0.5
15.187419 3.3020706 -0.0089214078 -0.015063179 1.775857 0.5
20.827534 7.4480422 -0.011224622 -0.0014652479 4.33857 0.5
27.022072 12.573993 0.017125978 -0.014678124 2.652322 0.5
11.811374 18.195382 -0.041336773 -0.096530515 1.360759 0.5
23.511626 18.900145 0.24571793 0.09133672 1.350476 0.5
8.7923685 23.809201 0.04290804 -0.16215515 3.139709 0.5
19.99348 15.11796 0.09542251 0.082036021 3.877928 0.5
24.698385 16.809949 0.0019408393 -0.036961692 4.111005 0.5
15.768704 11.896162 -0.033091369 0.0052838371 4.354529 0.5
13.455682 5.3106951 -0.0085149705 0.0036566064 1.958136 0.5
16.078791 10.184025 -0.034010054 0.025203243 1.935129 0.5
25.775992 12.930863 0.0077221391 -0.029297417 0.983243 0.5
12.169322 21.3025 -0.023633049 -0.10355543 4.524452 0.5
9.2264772 9.8879945 -0.013183964 -0.014030032 4.628506 0.5
5.5514262 3.9284697 -0.010440617 0.022803633 4.619789 0.5
1.9586204 10.547881 0.0012296196 -0.0038267632 6.246698 0.5
15.484707 19.901866 0.030281387 0.0044064093 2.597917 0.5
25.091383 15.724428 0.061083329 -0.051530686 5.540445 0.5
8.6443929 26.123128 0.024518855 -0.058717923 1.135786 0.5
22.183595 3.4024467 -0.016129203 -0.049188913 0.649744 0.5
26.025498 19.685859 0.019889827 -0.098877969 4.647872 0.5
15.81862 6.1998374 -0.0078841907 -0.014810152 3.116928 0.5
15.778925 26.977377 0.011641658 -0.020778705 1.058365 0.5
7.0376177 8.5736519 -0.021205665 -9.7787432e-05 1.223223 0.5
13.310511 6.5606538 -0.028444507 0.00013424041 6.185729 0.5
22.948236 8.4651233 -0.060410291 -0.082772962 5.03693 0.5
23.900052 5.3597618 -0.020688201 -0.022672612 0.158334 0.5
23.3281 4.3902174 -0.019187517 -0.046844344 0.09489 0.5
23.611246 10.550744 -0.01730896 0.020740953 3.182579 0.5
22.182856 7.4465704 -0.044724574 -0.015266285 5.999337 0.5
9.7772201 21.983426 -0.040252007 0.0016054758 0.712677 0.5
13.949564 27.368039 -0.14131827 0.083867155 1.70588 0.5
10.183956 2.5173184 0.027797785 -0.014009751 5.092516 0.5
8.8926688 6.1634558 -0.0025964057 0.0061272481 0.506989 0.5
12.044494 7.6953422 -0.030462568 -0.0078497881 4.452103 0.5
20.016941 25.774598 -0.089755969 -0.057272614 3.429354 0.5
6.6665363 20.798015 0.024058137 -0.036434643 5.942963 0.5
15.931115 8.6232758 -0.038956155 0.00091655335 2.062723 0.5
7.6208871 15.681285 -0.11806949 -0.011353845 2.598321 0.5
26.254486 15.54918 0.053670062 -0.0044728828 6.159219 0.5
19.03389 6.0583627 -0.018518575 0.009088323 1.488917 0.5
20.127847 13.472034 -0.098113346 -0.11173707 1.927238 0.5
23.900651 14.84463 0.014166181 -0.05974762 3.98558 0.5
22.299199 10.949601 0.020156722 -0.053974168 3.515453 0.5
11.119011 8.5057887 0.0045440299 -0.011624519 3.362574 0.5
21.239545 13.075021 -0.031481215 0.0050655385 2.617045 0.5
19.020175 13.122124 0.011825453 -0.15327972 4.416501 0.5
17.175476 5.4974319 0.017311795 -0.040973581 2.357123 0.5
18.590345 23.230237 -0.06262681 -0.15887736 0.027213 0.5
24.64294 18.914659 0.14833247 -0.057936947 3.270335 0.5
22.698255 5.3683279 0.0060451127 0.016562924 5.133302 0.5
4.3901018 5.9808796 -0.0023951721 0.0083882732 4.163048 0.5
26.60535 9.5023731 0.0017671773 0.0099935282 3.93618 0.5
16.307103 0.80970659 -0.03637209 -0.026003074 5.951127 0.5
16.921291 26.468319 0.091322829 0.070682827 4.082451 0.5
20.237578 16.758889 0.25178966 0.095745799 1.780305 0.5
18.881038 8.2985079 0.019494454 -0.014603061 2.847882 0.5
23.63825 7.3956247 -0.048786137 -0.010968396 1.767937 0.5
11.249886 23.87901 -0.13987566 -0.011723646 0.00135 0.5
22.407663 18.983496 0.036576924 0.0066392027 5.312468 0.5
12.27264 25.344951 -0.019757651 -0.020594092 0.320289 0.5
18.790729 20.168669 -0.037789591 -0.12883271 0.581132 0.5
15.177823 2.1773414 0.022979954 0.010703873 3.087421 0.5
9.8205887 5.0916991 -0.025482709 0.037141687 3.560403 0.5
18.367446 6.9709134 -0.033882341 -0.017186634 0.555117 0.5
9.1340061 15.84307 0.056278068 -0.063340838 6.220608 0.5
25.240256 8.9437108 -0.047455815 -0.056123122 5.652715 0.5
18.498742 14.200814 -0.027385014 -0.3314893 0.827952 0.5
18.310149 26.006273 0.13027461 -0.065886351 1.054048 0.5
3.9683167 10.269198 -0.18438889 -0.041607872 0.319962 0.5
18.332468 21.278291 -0.040556775 -0.0830633 2.464344 0.5
7.1367481 4.0737972 0.021574936 -0.0077330972 3.780782 0.5
14.450805 24.752921 -0.047352579 -0.022991443 0.745414 0.5
17.922713 2.5912396 -0.038403831 0.0027100559 3.348875 0.5
15.929759 7.3921454 0.0063062032 0.0025557594 5.365761 0.5
14.783894 23.145693 -0.011983615 -0.089081955 0.445642 0.5
8.6880908 22.508174 -0.0070312322 -0.0075520319 2.979068 0.5
25.990009 10.528862 -0.013703501 -0.013112297 2.813895 0.5
27.111654 11.371343 0.0085235822 0.0039288412 4.039246 0.5
19.230115 2.7736916 0.014486053 0.020555445 4.602055 0.5
22.769546 22.270353 0.029516068 0.12260219 1.676583 0.5
17.110353 13.127325 -0.54570954 -0.4779558 1.207935 0.5
23.922114 15.984239 0.014263112 -0.077859061 6.164191 0.5
21.308847 5.2872124 0.018027242 -0.01740459 1.491784 0.5
25.812413 11.690304 0.017067354 -0.0076387692 6.269379 0.5
3.1186 19.416543 -0.087861799 -0.21684143 0.35856 0.5
14.97502 1.0703702 -0.0015990829 0.0091795958 0.326238 0.5
6.1589196 16.502381 0.015336834 -0.027028956 1.608548 0.5
18.607852 3.9917077 -0.035437932 0.0075010649 2.616667 0.5
18.789551 15.313573 -0.016533437 -0.42843703 0.410672 0.5
18.287233 9.6142261 -0.039205635 -0.019981478 3.210668 0.5
15.750808 13.054971 0.0092249425 0.026367084 0.309541 0.5
23.613763 9.3582381 -0.093176 -0.019264594 1.761874 0.5
16.72537 3.0748157 -0.015803822 0.0093069712 4.731547 0.5
21.203359 25.326658 0.017179941 0.048215636 0.313065 0.5
13.432077 24.233001 -0.14264471 -0.1134695 0.087229 0.5
26.56005 18.626167 0.051700221 0.0065955156 5.713071 0.5
12.028721 12.041433 -0.067152674 0.014897621 0.34983 0.5
15.71282 24.181004 -0.051656984 -0.065771256 2.015368 0.5
19.498177 10.116448 -0.037703515 -0.0025523659 0.42176 0.5
24.9174 11.000672 0.034348573 0.0065539645 5.580866 0.5
12.804948 3.4656354 -0.0035903804 -0.0081041912 4.066321 0.5
7.8381402 9.3545872 0.052718671 -0.054881748 5.863794 0.5
7.0388037 19.625221 -0.0020844827 0.00079582136 5.355125 0.5
21.751402 22.750904 0.038614973 -0.13224214 5.404824 0.5
17.069617 6.8044661 0.00083566511 -0.026785173 1.361005 0.5
12.725108 10.747838 -0.026454396 0.028491866 5.19755 0.5
9.0032988 2.0691557 0.0076171306 0.0050260461 5.853071 0.5
21.633449 8.6399208 -0.040560301 -0.037659186 2.830697 0.5
8.4626098 18.808411 0.0018592022 -0.10467633 3.251414 0.5
8.1012711 24.904607 0.049794191 0.070317967 3.305262 0.5
19.077243 16.709159 -0.021012949 -0.26619648 3.841898 0.5
23.415984 17.080032 -0.079885817 0.041039256 4.917041 0.5
21.038463 18.845624 -0.091086051 0.077971912 1.726803 0.5
18.246767 5.0855884 -0.0012839618 -0.017655328 2.534849 0.5
26.229753 14.313906 -0.0055971549 0.050081618 1.985571 0.5
17.541642 24.216197 0.041084163 -0.11987525 5.636684 0.5
8.0232526 3.3878619 -0.0091897649 0.013216891 0.642493 0.5
23.30062 6.3176298 -0.01065001 -0.019253657 5.796573 0.5
21.117653 23.884493 -0.045699273 -0.017567599 4.738871 0.5
20.514819 6.1153335 -0.0037242811 0.0090624868 1.568073 0.5
10.944124 4.8823126 -0.023844375 -0.0089221682 2.749741 0.5
22.487898 24.195628 -0.096325846 -0.0298675 1.171823 0.5
2.588541 15.915673 0.0051934691 0.011019923 2.226958 0.5
9.4619673 25.268979 -0.048751962 -0.014520258 1.548545 0.5
19.948332 19.842285 -0.026545605 0.38810457 3.653333 0.5
9.2287587 8.5075251 -0.044719342 -0.015622195 4.394256 0.5
25.990633 8.1003711 0.0044281371 0.0074525047 0.605652 0.5
24.611557 6.2622586 -0.0093527029 0.0039926182 3.106146 0.5
5.2752885 14.058552 0.0078016492 -0.0013116238 3.095002 0.5
8.4337039 5.0982332 0.018299593 0.0017886048 1.841384 0.5
17.47492 1.1338812 0.00070635262 -0.00033247788 6.034028 0.5
27.377441 13.738277 0.12629919 -0.024424813 1.857551 0.5
26.956935 17.482488 0.041504056 -0.086462155 1.702664 0.5
10.25194 3.7491036 0.010320728 -0.0057564003 1.16125 0.5
13.94811 2.6116423 -0.037468982 -0.015278744 4.720586 0.5
12.359967 23.9058 -0.079317279 -0.10508935 0.205718 0.5
11.278673 22.249572 -0.13074021 -0.088140931 5.820667 0.5
17.454001 8.2172794 -0.024191278 -0.0085852061 3.894129 0.5
21.277229 4.0931964 0.0060004656 -0.017954824 3.074393 0.5
18.796716 1.5673411 -0.028880916 -0.0067435638 0.467747 0.5
4.9324962 16.232264 -0.017836956 -0.008614326 5.60533 0.5
16.181798 4.7559356 0.017315831 0.0057509876 6.227367 0.5
17.158379 21.427674 -0.03273573 0.011734637 5.177094 0.5
22.223362 21.150712 -0.019332313 0.11848888 0.203779 0.5
18.42563 18.702487 -0.027512712 0.00033139555 6.095105 0.5
5.2311676 7.2288032 -0.011745586 0.019396821 5.150288 0.5
2.3631077 12.436644 -0.0042237338 -0.0036200356 3.059892 0.5
20.727422 21.093455 -0.03432471 -0.060800579 3.692189 0.5
10.302524 13.948408 -0.09154219 0.0023365483 3.246869 0.5
10.313075 23.050683 -0.11273925 -0.13236205 2.032293 0.5
22.3432 16.626521 -0.036777635 -0.10065746 6.136396 0.5
23.398536 21.050275 0.0016492825 -0.090351836 4.563161 0.5
19.771055 4.8865833 0.046971697 -0.00033352467 5.916686 0.5
11.624049 3.3959195 0.0053759031 -0.020295904 1.344992 0.5
11.711842 1.5522072 0.00025556028 0.01269484 3.633442 0.5
16.938936 25.365665 -0.10288526 0.0044968372 2.78777 0.5
23.411627 23.561495 0.02357792 -0.098415719 1.483056 0.5
24.463622 21.629042 0.096895932 -0.070576697 0.879468 0.5
23.01422 19.994042 0.188561 0.32447098 4.923104 0.5
13.529363 26.162652 -0.17605236 -0.051224524 5.350229 0.5
4.6103517 23.417086 0.036027874 -0.063017488 1.508644 0.5
12.406705 22.694509 -0.033480615 0.1192718 4.32761 0.5
15.108114 16.110227 -0.9261251 -0.11372166 1.3724 0.5
19.441378 23.997087 -0.022277384 -0.014458141 2.64206 0.5
14.030332 3.8097106 -0.0039044616 0.0042747463 2.466218 0.5
10.07276 24.256819 -0.046528823 -0.031020814 0.69625 0.5
7.1088329 2.7297352 -0.0059904738 0.018209834 0.502972 0.5
20.389645 11.373181 -0.068122953 -0.0082832903 4.066135 0.5
13.997706 10.515518 -0.029935703 0.0056348065 3.026607 0.5
18.026178 10.820144 0.017096765 -0.040241444 6.171553 0.5
22.487412 15.185607 0.11559763 -0.11905863 3.767955 0.5
6.4082929 5.244027 -0.0085624392 0.012360608 5.349705 0.5
6.5241375 24.903236 -0.045796857 -0.028893956 3.28374 0.5
5.0946609 17.390622 0.0015829772 -0.0058448698 1.964272 0.5
25.027885 14.569432 -0.015613589 -0.096870149 1.170799 0.5
5.4283909 10.52737 0.021727753 -0.026975506 0.802835 0.5
25.920926 16.789626 -0.0052031418 -0.10480008 5.063896 0.5
17.622495 22.467012 0.033769775 -0.014888271 2.243796 0.5
12.086315 4.9846585 0.0063135176 -0.02418687 5.270568 0.5
16.46331 22.515352 -0.017989584 -0.034259408 5.757172 0.5
25.470466 20.701264 -0.072556911 -0.032419872 5.271397 0.5
20.478012 22.773309 -0.14974732 0.0054558486 3.151318 0.5
9.5644758 19.215499 -0.0040481939 0.012078585 0.221595 0.5
23.28682 11.77062 -0.025006819 -0.0070862224 1.510648 0.5
25.445138 7.1327557 -0.053481091 -0.12658071 5.29405 0.5
22.351408 14.055425 0.0049108142 -0.07063395 2.737677 0.5
14.519924 7.4767979 -0.021527391 0.0085316643 4.134415 0.5
10.394824 17.408315 -0.046376026 -0.087916671 1.432456 0.5
15.208598 21.169834 -0.072074314 -0.036069289 2.840655 0.5
24.410287 13.63944 0.0056534144 -0.029128761 2.899005 0.5
2.1863108 8.2231241 0.00084310925 0.0080400597 4.137855 0.5
21.71136 20.051539 0.099868211 -0.035983027 1.992807 0.5
20.98095 14.540741 0.068980344 -0.25297419 0.375558 0.5
22.548115 12.885969 -0.047471977 -0.057790561 0.629977 0.5
10.700536 20.398375 -0.011256127 0.02255507 5.301885 0.5
12.695913 26.924748 -0.051449221 -0.016296776 1.197725 0.5
13.334964 8.1280251 -0.01671054 -0.00038493325 2.939026 0.5
10.309446 1.3276868 0.0091544451 0.024646619 3.912909 0.5
19.64327 7.1694114 -0.011720547 0.0373381 3.115045 0.5
12.451404 19.889044 -0.068063697 -0.029945754 1.662001 0.5
8.5378665 12.384897 -0.039889607 0.036737511 0.131507 0.5
