# x y vx vy theta radius
12.152821 24.433968 1.7642133 0.67851976 0.39329546 0.5
14.378737 27.297648 0.69242677 -1.1254985 1.764168 0.5
19.795206 20.909023 0.019448575 0.0074006729 3.951996 0.5
15.513978 15.630433 0.038308355 0.05823184 4.259518 0.5
0.71143556 11.988024 -0.03195537 -0.010327608 1.882067 0.5
5.938753 15.638132 0.0013016001 0.026175027 0.92276 0.5
5.1646014 11.685578 -0.05816619 -0.048067093 4.981497 0.5
20.841299 4.4809172 -0.0092689517 0.0061301092 0.663689 0.5
6.0594211 12.444695 -0.030918647 0.031650724 4.599871 0.5
23.70828 6.220262 0.020364605 0.0096863864 3.315122 0.5
15.379608 12.352734 0.0032976637 -0.0063318357 5.224588 0.5
17.234539 3.9243348 0.0101898 0.0088254617 4.739779 0.5
23.044437 18.340922 -0.0098521504 0.0044684031 0.624425 0.5
7.3067143 11.997665 0.0099454138 -0.0068359983 0.734434 0.5
6.1384757 7.9332715 0.018192218 0.026766863 4.989084 0.5
5.4289874 10.563476 -0.025392715 0.023856204 2.508867 0.5
5.5157598 19.287358 0.024370597 -0.018630517 5.939565 0.5
11.458216 10.129552 0.0094175629 0.023744138 0.028815 0.5
1.2449374 9.7806181 0.036127999 -0.0021050918 3.449449 0.5
22.050791 3.2454348 -0.021445581 0.0082036942 0.592282 0.5
18.212469 11.808031 0.010046711 -0.0024919737 6.045768 0.5
9.8722015 16.915103 -0.032078155 -0.051557262 0.890473 0.5
25.852231 9.5041445 -0.01480144 0.0086977871 2.353219 0.5
10.982204 3.6844456 -0.0033062091 0.011747097 1.672869 0.5
8.3111197 9.5390756 -0.021181396 -0.029548137 4.21507 0.5
10.962277 14.623227 0.040140384 0.083076166 0.4829 0.5
10.926599 2.5385757 0.0086189189 -0.0014662966 6.274711 0.5
23.476307 8.759011 -0.017615202 8.1598005e-05 1.301021 0.5
18.527114 2.4882114 -8.1825185e-05 -0.0020633395 3.538852 0.5
3.787482 8.6889775 -0.021255708 -0.0047742139 1.72413 0.5
12.196189 5.4521997 -0.0044995276 0.031418785 0.779811 0.5
5.642737 22.960635 0.064390247 0.043966398 1.209651 0.5
15.209919 4.394931 -0.011352285 0.025446727 5.377079 0.5
12.965315 11.618668 -0.0022053012 -0.014268459 3.122843 0.5
2.0386203 19.689217 0.020326733 0.004835339 4.105439 0.5
11.126946 11.389732 -0.035071582 -0.086563912 2.246795 0.5
7.7055993 2.2090257 0.028653291 -0.0095712944 3.468535 0.5
2.3755851 18.618819 -0.0013675473 0.0057642331 5.532293 0.5
18.461994 8.2538914 -0.0040421823 0.014903612 0.531572 0.5
6.1356169 14.468071 0.043144952 -0.0039740108 5.261584 0.5
2.6071205 6.9295 0.01110698 -0.017869998 0.040113 0.5
15.14236 14.156126 -0.0052310604 0.0030128266 4.576591 0.5
11.22328 7.2981652 -0.012912499 0.025548998 0.209824 0.5
1.5758409 14.087886 0.02738179 0.0060350637 1.770879 0.5
14.333524 15.278027 -0.010502353 -0.0010402381 4.791815 0.5
3.9081954 11.97472 0.033309831 0.013059313 2.522673 0.5
10.9986 9.0809823 0.002718104 0.02052398 3.232151 0.5
3.9446039 5.0970491 0.0067690561 0.0043145305 0.943125 0.5
20.804306 6.7341301 -0.012214936 -0.021550683 1.031271 0.5
23.771074 4.8706712 -0.0027427767 0.016953563 1.523797 0.5
9.5148533 8.8269164 0.011077428 0.029108316 1.787492 0.5
13.283378 8.3609637 -0.0072422621 0.0064088525 3.056837 0.5
4.7480625 9.6545482 0.012530751 0.025913105 3.332967 0.5
3.648067 20.140695 -0.0061510967 0.069642201 3.889918 0.5
7.1603932 16.297455 0.032892468 0.034211125 1.775857 0.5
12.552228 10.563131 -0.016301397 -0.0053109127 4.33857 0.5
13.230558 7.1952685 -0.024960939 0.016396884 2.652322 0.5
14.169784 16.499574 -0.012403428 0.011108302 1.360759 0.5
21.838802 11.141803 -0.029073138 0.0013425697 1.350476 0.5
7.0729783 13.832964 0.026101075 -0.011082432 3.139709 0.5
24.838572 8.6542756 -0.0036025982 0.019667771 3.877928 0.5
8.7766236 10.567299 0.0050026366 0.0028524789 4.111005 0.5
6.865051 6.728026 -1.8585718e-05 0.0071249393 4.354529 0.5
8.2276227 7.0761432 -0.005788574 0.015415025 1.958136 0.5
14.131905 2.8210592 -0.010220561 0.0048518472 1.935129 0.5
18.739155 5.2036782 -0.0062628138 0.017575146 0.983243 0.5
11.851801 1.850082 -0.013503128 -0.020954975 4.524452 0.5
14.396089 0.71841871 -0.0013087781 -0.01976288 4.628506 0.5
5.489037 5.2705989 0.018766159 -0.0050285388 4.619789 0.5
0.67297438 14.768228 -0.021418257 -0.0157849 6.246698 0.5
11.513252 19.028864 0.040399663 0.00048835612 2.597917 0.5
11.958196 12.349141 -0.0011455445 0.018507696 5.540445 0.5
24.331335 14.278105 -0.0051061477 -0.0033408555 1.135786 0.5
18.417358 3.8816655 0.021325518 -0.010871865 0.649744 0.5
16.463457 14.325601 0.00058927475 0.0084034937 4.647872 0.5
12.96827 17.503918 -0.0063711675 -0.00053955292 3.116928 0.5
15.752363 5.7870761 -0.017208151 -0.0072802428 1.058365 0.5
8.3112469 8.4071787 -0.003192861 0.045105581 1.223223 0.5
4.9729886 14.557439 0.028613927 -0.00013799305 6.185729 0.5
12.317775 14.757123 -0.011618913 0.0071684331 5.03693 0.5
12.878503 2.3458973 -0.0072243946 0.0267502 0.158334 0.5
7.623172 3.4845949 0.011369172 0.0027979377 0.09489 0.5
15.621158 0.90264478 0.0054435426 0.003437875 3.182579 0.5
20.301403 2.1975951 0.0080288872 0.0080534802 5.999337 0.5
10.13047 6.9215837 -0.0015988575 0.0080706478 0.712677 0.5
2.8005517 20.867732 0.0075253056 -0.038150302 1.70588 0.5
15.823265 8.5045622 -0.0042407138 0.011034551 5.092516 0.5
19.855891 10.353044 0.021743746 0.013049738 0.506989 0.5
5.4210276 13.529355 0.028234244 -0.066665999 4.452103 0.5
2.4935736 14.733285 0.0023668405 -0.04370054 3.429354 0.5
14.191767 11.963617 -0.019509181 0.024028201 5.942963 0.5
5.7867717 6.4163493 0.0044595935 0.018182104 2.062723 0.5
15.035606 10.07872 -0.013619257 0.012705474 2.598321 0.5
26.413178 12.007425 0.006040727 0.0017621342 6.159219 0.5
22.17236 23.315505 0.0024750451 -0.0047267576 1.488917 0.5
8.9231787 5.1099555 -0.0031711654 0.037219916 1.927238 0.5
13.518432 20.737526 0.18688203 0.018291535 3.98558 0.5
3.8000027 21.485782 -0.096562347 -0.060440701 3.515453 0.5
8.6789952 2.8609921 0.0053865324 0.01904369 3.362574 0.5
18.125828 16.215377 -0.0084465586 0.04085185 2.617045 0.5
19.249405 11.300391 -0.0028416942 0.0031727527 4.416501 0.5
9.2141251 7.6759368 0.0075295487 0.022393093 2.357123 0.5
9.9881031 26.74164 0.53383344 -0.80080458 0.027213 0.5
0.6165047 13.40075 -0.037484962 -0.0092653058 3.270335 0.5
5.656897 18.132202 0.070649754 -0.021935321 5.133302 0.5
17.841484 13.542858 0.0082607059 -0.014290977 4.163048 0.5
4.9533115 8.4905386 0.050356796 -0.012601179 3.93618 0.5
12.218746 6.651874 -0.0095453904 0.018525204 5.951127 0.5
20.22124 15.579129 -0.013225498 0.028874432 4.082451 0.5
22.851832 21.334742 -0.037805974 -0.05090043 1.780305 0.5
8.749076 3.9830855 0.020626541 0.017012351 2.847882 0.5
13.812246 1.6921435 0.0094824892 0.010791803 1.767937 0.5
17.341401 18.990361 0.023108693 0.030253024 0.00135 0.5
4.3044647 10.83458 0.054556691 -0.044216312 5.312468 0.5
22.71924 5.6554533 0.021193626 0.031041828 0.320289 0.5
8.1089961 17.152328 0.0027321092 0.0015183991 0.581132 0.5
23.64609 7.594334 -0.00248737 0.0098589621 3.087421 0.5
12.110313 0.69847087 -0.010533321 0.0026527865 3.560403 0.5
14.106256 4.0284173 0.020287779 -0.019460222 0.555117 0.5
12.827763 16.114191 -0.024704941 0.023037015 6.220608 0.5
2.3666084 16.165614 0.014851468 0.017405874 5.652715 0.5
2.6168568 8.0663759 0.031617519 0.015693457 0.827952 0.5
6.7739117 5.4665428 0.0028202454 0.045486531 1.054048 0.5
17.736741 23.316954 0.0056469601 -0.0074818129 0.319962 0.5
14.47117 7.5900455 0.0011724939 -0.0026112076 2.464344 0.5
6.6995992 2.8154182 -0.016541478 -0.014269662 3.780782 0.5
15.067463 21.835139 0.39489045 0.051924885 0.745414 0.5
13.799809 23.648151 -0.040129645 0.30854458 3.348875 0.5
15.269497 3.0089607 -0.0011210287 -0.0064378331 5.365761 0.5
12.044461 4.1998862 0.0049596597 0.0026407257 0.445642 0.5
2.2417421 10.316961 0.0062945896 -0.010267472 2.979068 0.5
4.8986961 7.1965693 0.017719811 0.0025063089 2.813895 0.5
13.589696 14.344459 0.001481225 0.020644453 4.039246 0.5
19.810355 8.2533755 -0.011004486 -0.0014692354 4.602055 0.5
13.211599 18.848379 0.046702069 -0.28751593 1.676583 0.5
11.213657 17.824446 0.13714215 -0.058423075 1.207935 0.5
3.6221826 9.8995564 0.0098794148 -0.025606608 6.164191 0.5
6.117078 20.714086 0.028180434 -0.019899802 1.491784 0.5
8.5703179 20.872178 0.19775707 -0.061459063 6.269379 0.5
7.2689235 7.7843293 -0.0024784869 -0.016904493 0.35856 0.5
14.469326 9.0221245 -0.0071525622 0.01670035 0.326238 0.5
2.8387056 12.355213 0.028405167 0.012095784 1.608548 0.5
6.1734591 16.912622 -0.0080851384 -0.02577832 2.616667 0.5
17.769979 6.6956663 0.018973704 0.0070374543 0.410672 0.5
11.150803 4.8911844 -0.013671961 -0.022369643 3.210668 0.5
9.8685435 4.2234621 0.0017013445 -0.0049532193 0.309541 0.5
5.9363215 9.1516132 0.00035893518 0.017583839 1.761874 0.5
7.2038906 20.036806 0.069860042 0.019345556 4.731547 0.5
13.123301 3.4488759 0.017459321 0.0084454245 0.313065 0.5
16.109281 7.1443963 0.00070940862 0.014219397 0.087229 0.5
10.342356 13.024247 0.080560301 -0.015507004 5.713071 0.5
13.287698 5.9300114 -0.011652121 -0.0025908937 0.34983 0.5
10.944095 0.98737769 -0.0090200699 0.0078357389 2.015368 0.5
0.94548067 17.031509 0.024030449 0.037469991 0.42176 0.5
3.8781777 14.343378 0.044316706 -0.077985542 5.580866 0.5
23.551499 10.486677 -0.027424241 0.014333882 4.066321 0.5
18.105073 1.2880078 0.0068372761 0.0016041804 5.863794 0.5
10.363125 8.0378922 0.0092396501 0.031510425 5.355125 0.5
27.08351 11.028429 -0.001370586 0.0096549299 5.404824 0.5
11.986615 3.0418112 -0.0067169544 0.01381574 1.361005 0.5
1.3728004 18.088808 -0.026391201 0.026606879 5.19755 0.5
3.6000112 17.83865 -0.02571015 0.00045689439 5.853071 0.5
16.117966 1.9336874 0.011924274 -0.018661834 2.830697 0.5
7.7428873 4.8380108 -0.0053358984 0.010831906 3.251414 0.5
6.3536451 11.286509 0.042852298 0.03898365 3.305262 0.5
16.408754 4.7128602 0.0072645577 0.020414888 3.841898 0.5
2.5237916 17.481765 -0.033705037 0.014468285 4.917041 0.5
22.727188 9.6298858 0.01445785 0.040792659 1.726803 0.5
21.14219 16.658217 -0.029948338 0.073648081 2.534849 0.5
12.937209 13.090678 0.0029182746 -0.011418709 1.985571 0.5
4.6579618 6.0513082 -0.0060664812 0.024830537 5.636684 0.5
1.0357121 10.891033 0.018907548 0.024081463 0.642493 0.5
1.6402557 12.692916 -0.012264464 0.027306426 5.796573 0.5
3.7582317 7.2171308 -0.0050267074 -0.0026009454 4.738871 0.5
11.498455 13.489571 0.015756209 -0.021755697 1.568073 0.5
8.8142418 15.736491 0.041680128 -0.026279225 2.749741 0.5
7.4337191 24.040927 0.058455409 0.090456865 1.171823 0.5
20.750766 9.4385729 -0.0041657997 0.018676157 2.226958 0.5
4.6875165 15.683568 -0.0070860262 -0.072129102 1.548545 0.5
2.7158039 13.596422 -0.00017533246 0.027246813 3.653333 0.5
24.513765 16.410008 -0.050491535 0.031999729 4.394256 0.5
4.3040699 19.053276 -0.060368059 0.0017033902 0.605652 0.5
4.1513668 13.159258 0.018870054 -0.0075586355 3.106146 0.5
19.310809 1.6719268 0.008944441 0.022308474 3.095002 0.5
9.9601639 1.6977949 -0.044510403 -0.0082166552 1.841384 0.5
14.943664 1.8560963 -0.02561746 0.0063258752 6.034028 0.5
17.614618 5.0146013 -0.014187854 -0.0024721571 1.857551 0.5
6.8447885 25.065251 0.1103759 0.1043666 1.702664 0.5
9.8568946 2.9086401 0.0094954753 0.0040869033 1.16125 0.5
18.746299 25.779848 -0.0077913978 0.055756732 4.720586 0.5
9.1387175 17.843847 0.0042110758 0.023156188 0.205718 0.5
8.7636065 1.6637451 -0.019982183 0.0032453985 5.820667 0.5
22.294652 8.3766372 -0.021504457 0.013408607 3.894129 0.5
24.757709 10.246756 -0.0026174043 0.02689985 3.074393 0.5
10.057845 9.8862954 0.039137976 -0.032121437 0.467747 0.5
14.466295 5.3031896 0.0014364114 -0.0032906288 5.60533 0.5
13.276802 0.61082916 0.0088279419 -0.005243567 6.227367 0.5
10.740227 15.766336 -0.016922085 -0.023812835 5.177094 0.5
12.127289 7.9745984 0.013690524 -0.022453572 0.203779 0.5
7.8035973 5.9735779 -0.0029796267 0.01282671 6.095105 0.5
22.387915 4.4720502 0.020176534 0.012878029 5.150288 0.5
20.412737 14.290781 -0.023371311 0.018621073 3.059892 0.5
4.9300186 4.2679547 -0.018816838 0.0042756231 3.692189 0.5
24.481346 11.853402 0.0020360738 0.013102417 3.246869 0.5
0.78377517 15.902018 0.038477822 0.0030199816 2.032293 0.5
18.825147 9.566116 -0.0076244077 -0.0021651736 6.136396 0.5
20.838863 3.3298678 -0.0054958688 0.019022326 4.563161 0.5
9.0277901 6.2516157 -0.0095733302 0.022706559 5.916686 0.5
11.231737 6.0290166 -0.0034184265 0.0080973473 1.344992 0.5
16.789852 12.118248 0.0055477747 -0.01472688 3.633442 0.5
17.318836 2.3875185 0.012697567 -0.0015234051 2.78777 0.5
14.476528 6.4668301 0.012413931 0.0089275819 1.483056 0.5
2.6796893 9.2353232 0.019987047 0.010100123 0.879468 0.5
4.7491367 17.145742 -4.0153164e-05 -0.022230618 4.923104 0.5
6.668794 4.3058858 0.021162477 0.015233822 5.350229 0.5
16.708436 21.388607 0.0084398295 0.018403561 1.508644 0.5
8.6898975 11.897338 0.030167864 0.023131962 4.32761 0.5
18.995418 6.6667898 -0.0033840031 -0.01784106 1.3724 0.5
20.496394 11.77984 0.0060030431 0.015664955 2.64206 0.5
2.0401005 11.516123 0.062444232 -0.025802839 2.466218 0.5
8.3897649 22.131291 0.13312388 -0.063910243 0.69625 0.5
13.512582 9.9628443 -0.012215173 0.01919597 0.502972 0.5
4.6791026 20.672092 0.015599692 -0.011434203 4.066135 0.5
1.6547 8.7189565 -0.035346768 -0.063581434 3.026607 0.5
22.279515 6.786704 0.012839761 0.026825536 6.171553 0.5
9.7896911 11.456778 -0.017921518 -0.044167165 3.767955 0.5
7.0620132 8.9534158 0.034796871 0.029376773 5.349705 0.5
3.3559377 15.563285 -0.013379489 0.029242478 3.28374 0.5
7.6505978 10.470339 0.033480237 -0.10548071 1.964272 0.5
3.4469799 16.70744 0.058747171 -0.019415007 1.170799 0.5
8.4140481 14.322796 0.010151798 0.010099482 0.802835 0.5
17.15386 7.6445845 0.0050497285 0.0206326 5.063896 0.5
9.0700071 13.219665 -0.0021453089 -0.054237024 2.243796 0.5
13.176721 4.6685592 -0.0027200899 0.0079267471 5.270568 0.5
16.901475 5.96214 0.0053249863 0.019312051 5.757172 0.5
19.698977 13.339936 0.0058411008 0.0043300331 5.271397 0.5
15.498678 17.468095 0.050723912 -0.038808369 3.151318 0.5
3.1160167 11.028126 0.0050922219 -0.058979687 0.221595 0.5
16.897365 1.0215357 0.037537776 -0.019971376 1.510648 0.5
17.110248 9.3646562 0.022747382 0.0044935041 5.29405 0.5
12.349347 9.1442198 -0.00030243693 0.0035843024 2.737677 0.5
6.4904968 10.139965 0.053082044 -0.027591621 4.134415 0.5
17.916572 10.325598 -0.0011078178 0.011211984 1.432456 0.5
25.04467 7.2197231 0.012116218 0.015705916 2.840655 0.5
10.154994 5.5835068 -0.0075799996 -0.011935886 2.899005 0.5
5.7175677 3.4687944 0.01448366 0.015349935 4.137855 0.5
3.2192084 5.9850503 -0.00061552222 -0.007429933 1.992807 0.5
19.480196 3.2007212 0.004922617 -0.0065280323 0.375558 0.5
16.597996 10.640751 0.0072011744 0.017994036 0.629977 0.5
25.709201 15.048561 0.0080031397 0.026441291 5.301885 0.5
16.417558 3.1188583 -0.013156712 -0.027067625 1.197725 0.5
20.858097 7.8543964 -0.013527596 0.010637332 2.939026 0.5
6.5263691 21.984563 -0.050267191 0.06816776 3.912909 0.5
7.7630355 15.300504 0.043284013 -0.044244661 3.115045 0.5
19.60023 4.3838636 0.014306475 0.016427027 1.662001 0.5
20.111996 5.4675606 -0.019996292 0.0059025208 0.131507 0.5
