# x y vx vy theta radius
6.7743406 11.25757 0.55172659 -0.16751354 5.6247366 0.5
27.131034 13.410641 -0.00016778917 0.00057967289 1.764168 0.5
8.8332486 4.7356882 0.020768492 0.031172197 3.951996 0.5
6.5324442 18.696331 0.047895378 -0.0055424412 4.259518 0.5
6.5234007 3.5106413 -0.018338928 -0.14383131 1.882067 0.5
4.5464984 11.855402 0.21238695 -0.17736679 0.92276 0.5
21.117638 13.373913 -5.9218623e-05 0.00048373695 4.981497 0.5
10.428786 11.232377 0.23478087 0.29148823 0.663689 0.5
10.995306 6.0729759 0.059001975 -0.022877215 4.599871 0.5
2.9381107 12.155729 0.34449526 0.16517279 3.315122 0.5
13.797251 21.1414 0.034651727 -0.073750836 5.224588 0.5
2.006768 17.430488 0.17140705 0.016056038 4.739779 0.5
1.4605898 11.193124 -0.098069217 -0.073242106 0.624425 0.5
21.597953 9.6241999 0.015232476 0.018226617 0.734434 0.5
19.161887 3.1558004 0.00096027424 0.0053920021 4.989084 0.5
5.2341187 8.1946905 -0.06603954 -0.11362231 2.508867 0.5
6.0035651 19.834342 0.043422737 0.051068369 5.939565 0.5
10.09063 22.189285 0.12661589 0.00092108067 0.028815 0.5
15.026553 24.792258 -0.00072747391 0.00016449364 3.449449 0.5
19.085249 12.572877 0.039370877 0.037716763 0.592282 0.5
26.533321 9.3038804 0.0023874176 -0.0010174199 6.045768 0.5
11.054286 17.462184 0.020688547 -0.010862657 0.890473 0.5
12.927483 8.1980787 -0.0086375318 0.0047668447 2.353219 0.5
8.9543802 25.184501 0.071984201 0.016113685 1.672869 0.5
18.897804 14.178224 -0.0012953488 0.0011376465 4.21507 0.5
23.275286 8.2043044 0.00092932047 0.00078811909 0.4829 0.5
1.6230913 15.48948 -0.030412213 0.0099606019 6.274711 0.5
24.264361 15.123888 0.0038897261 0.001798371 1.301021 0.5
3.654282 22.523929 0.028759207 0.099354185 3.538852 0.5
9.6611166 6.7714586 0.019172165 -0.046385848 1.72413 0.5
12.577486 13.221343 0.010091747 -0.020367237 0.779811 0.5
7.3682374 4.4955013 0.11252645 -0.11547741 1.209651 0.5
14.392857 1.7941934 0.015211028 -0.01178995 5.377079 0.5
7.0720309 6.7753521 0.32313257 -0.028956641 3.122843 0.5
3.0653115 17.809659 0.13399472 0.10031901 4.105439 0.5
21.288974 23.576015 -0.0018189925 -0.00035991391 2.246795 0.5
8.579485 19.37191 0.076448076 -0.025650862 3.468535 0.5
15.957892 12.637884 0.0099700325 0.013106575 5.532293 0.5
15.132436 9.1480451 0.0031127413 0.0068320106 0.531572 0.5
10.650034 2.1742711 0.014389835 0.00099025983 5.261584 0.5
17.009062 15.90723 -0.0014022389 -0.0004526025 0.040113 0.5
26.007116 14.25933 0.00022895803 0.00060652708 4.576591 0.5
20.559416 19.663069 0.0019931122 0.0020542795 0.209824 0.5
16.459062 4.9664722 0.0073348187 0.0077727692 1.770879 0.5
10.014941 14.214867 0.0023897687 0.00043379498 4.791815 0.5
7.28508 20.261216 0.0036698367 -0.016172554 2.522673 0.5
3.1983538 9.0332357 0.0073132576 -0.07484761 3.232151 0.5
20.026766 13.834652 0.0031059066 0.0022433823 0.943125 0.5
14.291716 13.279108 0.012176355 0.015852557 1.031271 0.5
2.4020222 9.9794361 0.11941902 -0.013079022 1.523797 0.5
13.533818 5.7827051 0.0041122408 -0.0013767798 1.787492 0.5
13.337676 22.187746 0.024670573 0.01204938 3.056837 0.5
10.873831 12.786243 0.010458215 -0.0071067289 3.332967 0.5
20.333773 3.4398314 -0.0058844624 0.010250465 3.889918 0.5
25.979667 7.9525398 0.00030854921 0.0035933533 1.775857 0.5
18.170689 11.835852 -0.026562864 0.028161295 4.33857 0.5
27.070395 15.804096 5.0981537e-05 0.0013623321 2.652322 0.5
11.602911 9.6830571 0.55964712 0.14006484 1.360759 0.5
23.311586 15.785204 0.00076043185 -0.0035651126 1.350476 0.5
22.205449 4.9161803 0.0064252872 0.0067468309 3.139709 0.5
14.36674 23.622427 0.11662202 0.11561462 3.877928 0.5
19.860448 17.692877 -0.001274221 0.0011255393 4.111005 0.5
15.839432 10.27486 -0.011593277 0.0032209573 4.354529 0.5
12.000585 7.1336479 0.14778546 -0.0091061795 1.958136 0.5
4.393196 21.025445 -0.11234794 -0.019633768 1.935129 0.5
2.2105662 20.394511 0.051506437 0.069414283 0.983243 0.5
16.813581 11.299759 0.0013027738 0.0098340931 4.524452 0.5
23.083252 11.891108 0.0014613428 0.00082076402 4.628506 0.5
13.175258 10.096154 0.048285647 0.0048549785 4.619789 0.5
9.0822335 23.503691 -0.012325328 0.023517821 6.246698 0.5
9.719712 10.362523 0.28460059 -0.18987014 2.597917 0.5
4.1058668 7.6237531 0.11465482 0.11134729 5.540445 0.5
17.719354 25.251889 0.00072549755 0.00062004023 1.135786 0.5
14.318342 3.9421 0.015746868 0.0047149993 0.649744 0.5
8.458328 7.1465027 0.20283317 -0.051542002 4.647872 0.5
4.3681851 9.2356487 -0.098582158 0.23522499 3.116928 0.5
13.671634 11.212005 0.071913234 0.1065513 1.058365 0.5
22.886531 14.612999 0.00055970989 0.003153376 1.223223 0.5
23.032367 16.982757 5.3275347e-05 0.0032597234 6.185729 0.5
1.9110895 8.8721343 -0.023668193 -0.23969522 5.03693 0.5
14.121426 7.5825902 0.0029287467 0.013991435 0.158334 0.5
20.76568 7.1581781 0.029444207 0.0017734523 0.09489 0.5
13.991451 8.7784 0.091334862 -0.10584733 3.182579 0.5
4.647136 23.348428 0.015643466 -0.029943161 5.999337 0.5
25.737263 11.634265 0.0011924612 0.00046810586 0.712677 0.5
4.5548693 6.4141379 -0.41861746 0.38155149 1.70588 0.5
2.941037 7.9290323 0.095713863 0.015318255 5.092516 0.5
17.682129 4.9984281 0.02043384 -0.013344705 0.506989 0.5
11.523066 19.183377 0.24090756 0.016279034 4.452103 0.5
12.944439 0.63529951 0.020649414 -0.016251786 3.429354 0.5
3.0842049 16.077736 0.22743882 -0.073377446 5.942963 0.5
25.975207 16.602638 -0.00057908481 -0.00034314881 2.062723 0.5
19.005734 9.4304132 -0.0011035874 0.0052336445 2.598321 0.5
10.285412 4.690387 0.097008104 0.036918701 6.159219 0.5
21.961164 12.007715 0.0033626365 0.0033148081 1.488917 0.5
15.473036 1.187156 -0.0064291118 -0.015186 1.927238 0.5
6.2635729 4.5884376 0.29664103 -0.10717341 3.98558 0.5
19.165487 16.575006 0.00022570317 0.0055185691 3.515453 0.5
22.465153 18.022547 0.0010586748 0.00052648065 3.362574 0.5
11.674263 25.284643 0.0031558935 -0.013821562 2.617045 0.5
0.87463709 16.586265 0.024955712 0.0233922 4.416501 0.5
9.6858402 16.901951 0.10064395 -0.090468765 2.357123 0.5
11.919279 3.4107376 0.0022616197 0.0088199323 0.027213 0.5
26.228027 12.73351 0.0006914799 0.0039556446 3.270335 0.5
23.956158 7.1653656 -0.00081869162 0.00029168485 5.133302 0.5
8.0054879 24.582949 0.049300203 0.049067569 4.163048 0.5
22.368774 13.457805 -0.0034796701 0.0018958601 3.93618 0.5
3.0834385 14.795919 0.046678708 -0.18356778 5.951127 0.5
24.85077 12.33167 0.004942076 -0.0019226364 4.082451 0.5
9.9847346 19.033667 0.060752729 0.055661194 1.780305 0.5
22.43257 3.6012486 0.0026004574 0.0004310637 2.847882 0.5
7.072655 8.9455141 0.046139113 -0.12388455 1.767937 0.5
11.615532 11.034575 -0.0090080368 0.10165573 0.00135 0.5
10.134889 20.718183 0.042663812 -0.00081625777 5.312468 0.5
25.149421 13.456879 0.0029640718 0.0010500956 0.320289 0.5
7.2013508 5.6765383 -0.015035078 -0.12224946 0.581132 0.5
25.503926 15.394284 -6.8812564e-05 0.00058890254 3.087421 0.5
7.3868761 23.598163 0.045051447 0.011317735 3.560403 0.5
3.6741981 18.757529 -0.058017397 0.15941762 0.555117 0.5
10.649175 23.925807 0.046415773 0.019504141 6.220608 0.5
10.166035 1.1348356 0.049844074 -0.027803117 5.652715 0.5
2.4818594 18.893042 0.042946772 -0.013249586 0.827952 0.5
12.487796 15.880945 0.0016297273 0.0038760711 1.054048 0.5
22.108687 20.145339 0.00043335782 0.0014678412 0.319962 0.5
19.899134 2.1722901 0.017037773 -0.0028493682 2.464344 0.5
26.97031 17.458662 0.00012165907 0.00034460667 3.780782 0.5
6.7794069 21.623788 0.061367969 0.05152644 0.745414 0.5
23.360158 4.4002235 0.0061363319 0.0046830772 3.348875 0.5
20.867954 5.433328 0.035508317 0.019480172 5.365761 0.5
25.059754 18.674759 -9.787641e-05 0.00021478749 0.445642 0.5
18.691847 5.7119562 0.011918401 -0.0012980678 2.979068 0.5
11.337211 15.77107 0.0067564832 0.0032564601 2.813895 0.5
25.024585 6.737847 0.0054773541 -0.0028077938 4.039246 0.5
16.465971 26.882187 -0.00036725374 0.0015091092 4.602055 0.5
19.627823 22.341444 1.904773e-05 0.0064385339 1.676583 0.5
3.7561883 5.5118951 -0.014978949 0.0043064172 1.207935 0.5
20.925995 8.702561 0.0064737961 -0.007093038 6.164191 0.5
13.504561 3.1110953 0.0061757425 -0.020429169 1.491784 0.5
22.896712 5.8013464 0.017035492 -0.0013193375 6.269379 0.5
4.5336175 4.5768743 0.080951656 -0.13346981 0.35856 0.5
10.951886 7.419889 0.29646668 -0.11910295 0.326238 0.5
4.8891271 16.001845 0.26674614 0.079319512 1.608548 0.5
16.335337 8.7590554 -0.010471195 0.0076157005 2.616667 0.5
25.149895 17.524685 -0.00080722867 0.0006509744 0.410672 0.5
23.962673 14.002945 8.6028468e-05 0.0049545169 3.210668 0.5
19.742991 8.5218245 -0.0062955499 0.02187484 0.309541 0.5
11.371704 1.1452796 -0.0065174863 6.4083181e-05 1.761874 0.5
19.354221 10.704106 0.062841008 0.007753004 4.731547 0.5
15.474482 2.4326652 0.015515808 0.010224084 0.313065 0.5
17.054839 6.2097795 0.0017703772 -0.0033885767 0.087229 0.5
18.036953 3.4830609 0.020993419 0.020584673 5.713071 0.5
21.510441 17.419919 0.0037259982 0.0063822021 0.34983 0.5
12.806014 4.1882693 -0.0070912394 0.00050879896 2.015368 0.5
15.52789 3.8601426 0.00046465302 0.007903222 0.42176 0.5
5.1712306 22.195017 0.19172195 0.12159166 5.580866 0.5
5.4649072 7.1206159 0.38021647 0.0048862993 4.066321 0.5
21.11516 4.2825489 -0.00093435517 -0.014558329 5.863794 0.5
21.859528 8.0088619 0.00078275214 0.0043621827 5.355125 0.5
25.770549 10.254043 0.00052628682 0.0030895899 5.404824 0.5
8.9907028 15.41092 0.023950119 -0.007793395 1.361005 0.5
19.891337 6.2964197 0.023628699 0.0087181395 5.19755 0.5
8.5173518 10.177324 0.14131278 0.23145693 5.853071 0.5
22.724307 19.181578 -9.5234896e-05 0.0029141579 2.830697 0.5
24.694261 8.0636067 -0.0017315839 0.0010352442 3.251414 0.5
8.0104717 25.812804 0.079696406 -0.0063253548 3.305262 0.5
18.714392 2.008458 0.032555439 -0.0035165284 3.841898 0.5
17.963233 13.453431 -0.0011254401 0.0034677639 4.917041 0.5
13.241232 1.757406 0.00054954859 -0.0037990441 1.726803 0.5
22.239674 10.701702 0.0031183939 0.0051617193 2.534849 0.5
17.545103 2.4521009 0.01786081 0.011617789 1.985571 0.5
12.118105 2.2171155 0.014772228 0.018456174 5.636684 0.5
5.6840053 21.147574 0.014504199 0.13536164 0.642493 0.5
26.230567 18.449899 -0.0013267502 -0.00024140934 5.796573 0.5
15.451049 7.9407362 -0.028793731 -0.025109233 4.738871 0.5
24.647323 10.234072 0.0048050228 -0.00084850096 1.568073 0.5
21.282551 21.286515 -0.0027330279 0.0044431699 2.749741 0.5
9.1981712 3.4662425 0.0083127918 0.024875698 1.171823 0.5
20.939071 10.765073 -0.0013856431 0.010953542 2.226958 0.5
13.357897 24.367651 0.0063211986 -0.0023437247 1.548545 0.5
4.9608887 10.82948 0.14831847 0.030032582 3.653333 0.5
24.026081 11.250753 0.0036523455 0.00022887321 4.394256 0.5
23.483588 20.848123 0.0063897017 0.0047437195 0.605652 0.5
9.2185992 26.277878 0.10073393 -0.0022695779 3.106146 0.5
6.8407598 25.195621 0.032306232 -0.0052075245 3.095002 0.5
15.091406 11.464308 0.020219442 0.0045597542 1.841384 0.5
24.592491 16.283404 0.0049016615 0.001988812 6.034028 0.5
17.599774 18.402021 -7.1208722e-05 0.0015410768 1.857551 0.5
5.3294255 18.597999 0.05722198 0.014670348 1.702664 0.5
4.948912 17.275881 0.13625367 -0.041307742 1.16125 0.5
15.84372 15.09875 0.0024657153 0.0046119947 4.720586 0.5
18.594318 8.1231653 0.067654464 -0.057632947 0.205718 0.5
4.675254 19.666692 0.12426942 0.046620829 5.820667 0.5
16.572425 1.8518951 0.00064913413 0.0014810684 3.894129 0.5
17.897726 10.652795 -0.024487225 0.0068585442 3.074393 0.5
18.059258 15.293705 -0.0034396059 -0.0035940341 0.467747 0.5
1.3832748 12.698691 -0.056606691 0.043425198 5.60533 0.5
23.661917 22.534665 -0.0012983125 -0.00083425853 6.227367 0.5
6.609848 17.4714 0.18849856 0.015812771 5.177094 0.5
8.6472167 17.873533 -0.01512832 -0.0025755304 0.203779 0.5
10.462423 26.086855 0.050959598 0.046958626 6.095105 0.5
27.296741 14.550872 -0.0012369283 -7.3668197e-05 5.150288 0.5
17.718676 1.1297853 0.010617238 0.015251245 3.059892 0.5
14.947298 6.7472175 0.020932506 -0.0013160626 3.692189 0.5
11.886936 14.424569 0.011842019 0.025665537 3.246869 0.5
20.361783 11.848225 0.00091726082 0.0011742521 2.032293 0.5
11.562747 4.6373907 -0.018066854 -0.05360077 6.136396 0.5
5.8015334 24.412295 0.010668484 0.032569037 4.563161 0.5
3.3878359 20.277611 0.052478238 0.011606831 5.916686 0.5
24.075243 6.0151568 -0.00073113913 0.0023029842 1.344992 0.5
3.1560825 6.5170183 0.0032702558 -0.03580571 3.633442 0.5
25.409051 19.979725 0.00071782415 0.0020647187 2.78777 0.5
13.290628 17.611289 0.014368761 0.00059527699 1.483056 0.5
10.039449 9.2285015 0.075183081 0.078626842 0.879468 0.5
5.9374736 23.126873 0.11338727 0.11410628 4.923104 0.5
21.79971 6.152333 0.0070596583 0.018559313 5.350229 0.5
3.4827676 13.348291 -0.00044686291 0.14156711 1.508644 0.5
17.850224 9.4980638 0.046744793 0.043780438 4.32761 0.5
24.04576 19.384436 -0.00068903212 0.0010362294 1.3724 0.5
14.330223 0.59285506 -0.0046653179 -0.0078696919 2.64206 0.5
19.87345 4.8913614 -0.00025000347 -0.00050597963 2.466218 0.5
23.273994 10.188412 0.010603824 -0.007339876 0.69625 0.5
24.248944 9.1725667 -0.00078560809 0.0014362994 0.502972 0.5
5.3226078 3.7344382 0.18877882 0.16781854 4.066135 0.5
18.762502 4.427326 -0.0016228669 0.019670152 3.026607 0.5
25.451947 8.9762809 0.0093455214 0.0081595758 6.171553 0.5
15.142961 14.023478 -0.0017218428 0.017932207 3.767955 0.5
16.672645 3.2852155 0.013560155 0.0088333023 5.349705 0.5
16.716388 13.607646 -0.0015423495 0.001095728 3.28374 0.5
21.938619 15.829691 -0.0010894581 0.0040420734 1.964272 0.5
23.703427 18.076706 -0.00027117611 0.002250321 1.170799 0.5
21.134369 14.523957 0.00081628168 -0.00061851547 0.802835 0.5
20.545984 16.712721 0.00055010703 0.0068130564 5.063896 0.5
9.7240258 7.9350865 0.084308038 -0.0044410538 2.243796 0.5
12.175539 5.6818956 0.034013744 -0.0070582443 5.270568 0.5
14.105539 19.390162 0.06678779 0.03217958 5.757172 0.5
9.2795299 1.8952172 0.040990394 0.036118776 5.271397 0.5
8.0678495 3.5369273 0.12855281 -0.045429764 3.151318 0.5
5.4280333 5.317275 -0.3129012 -0.57650273 0.221595 0.5
22.657106 9.198897 0.0012501765 -0.0003441279 1.510648 0.5
19.55802 7.3770919 -0.0052026718 0.0072868673 5.29405 0.5
21.463153 18.657232 0.00030501091 0.00068047607 2.737677 0.5
26.731846 10.968762 -0.00027113677 5.7638774e-05 4.134415 0.5
22.625139 6.967345 0.0012826874 0.0023384342 1.432456 0.5
8.3856293 5.7490503 0.11620486 -0.35249409 2.840655 0.5
20.105776 9.7773765 0.0035563807 -0.0041023365 2.899005 0.5
18.123456 7.0071008 0.013290213 0.0041559595 4.137855 0.5
8.1316152 1.9324194 0.15485626 -0.0751838 1.992807 0.5
15.870548 5.9650209 0.018816485 0.021670171 0.375558 0.5
21.472052 2.9266305 0.0058773105 0.006509031 0.629977 0.5
27.273329 11.993699 0.00073131416 -0.00012479906 5.301885 0.5
15.038632 5.0310665 -0.0049072676 0.0043700158 1.197725 0.5
17.3101 7.9890377 0.037386848 -0.014901392 2.939026 0.5
10.423256 3.5351841 -0.0013154488 -0.010045748 3.912909 0.5
7.1693011 2.4936324 0.57041217 0.13547208 3.115045 0.5
11.668916 8.2896812 0.043757049 0.029926349 1.662001 0.5
23.666868 12.861066 -3.4616805e-05 0.0053248545 0.131507 0.5
