# x y vx vy theta radius
16.150795 8.6459386 -0.35048633 -0.083963106 5.0069089 0.5
22.330106 18.545251 -0.020191777 0.039868573 1.764168 0.5
2.9104418 16.582436 0.00090293688 -2.6101399e-05 3.951996 0.5
21.607032 19.386937 -0.073279216 0.08391393 4.259518 0.5
7.6954936 21.448988 7.235235e-05 0.00064085619 1.882067 0.5
11.111842 19.857061 -0.00039366072 -0.00057266086 0.92276 0.5
12.316478 14.645717 -0.059946394 0.058785503 4.981497 0.5
18.591366 23.018784 -0.00036691712 0.00018669801 0.663689 0.5
2.4462028 18.819002 -0.0002190563 -0.00014098624 4.599871 0.5
13.286211 22.402085 -0.00029947553 0.00073930695 3.315122 0.5
24.709753 9.7843183 0.05331982 -0.10812039 5.224588 0.5
13.769504 7.8496306 0.022556551 0.0098654012 4.739779 0.5
21.099263 21.929437 -0.067182251 0.068238241 0.624425 0.5
25.724694 8.4849542 0.11123808 0.028884093 0.734434 0.5
19.701738 12.013709 0.26470922 0.42395265 4.989084 0.5
18.370348 24.31325 -0.00063221809 0.00037918425 2.508867 0.5
10.04207 21.967195 -0.00020782071 0.00062651867 5.939565 0.5
4.7880412 23.483642 -0.00040724193 4.9757912e-05 0.028815 0.5
2.1201067 17.399753 -0.0002085293 0.00042034461 3.449449 0.5
1.2638353 11.286301 3.9909051e-06 0.0007905172 0.592282 0.5
19.0752 21.12105 0.023631219 0.27610371 6.045768 0.5
15.713201 18.943243 -0.1361399 -0.080578767 0.890473 0.5
7.7103557 13.587691 0.0001703925 0.00010006552 2.353219 0.5
20.025268 19.508759 -0.0013165973 -3.8352422e-06 1.672869 0.5
4.961436 20.387948 0.00041345835 -0.00031908664 4.21507 0.5
7.4882545 25.751916 -0.00016289469 8.5199187e-05 0.4829 0.5
16.671798 25.908233 -9.0179472e-06 -9.6312418e-05 6.274711 0.5
16.420187 12.352281 0.015678418 0.013455181 1.301021 0.5
1.5391862 9.0468886 -0.00068055858 -0.00041905895 3.538852 0.5
11.821497 6.5830815 -0.025525413 0.0039019712 1.72413 0.5
13.583528 21.233895 -0.0016014212 0.00024056228 0.779811 0.5
12.431659 1.600461 -0.18150006 -0.013168878 1.209651 0.5
1.0375155 16.670337 -9.8734161e-05 -9.2303562e-05 5.377079 0.5
6.4551867 8.1604585 0.0086492542 0.021757528 3.122843 0.5
5.230382 4.2716857 0.034767064 0.042474589 4.105439 0.5
13.852113 1.4226865 -0.010757064 0.044471288 2.246795 0.5
11.406713 24.033432 -0.0010153883 0.00050093061 3.468535 0.5
16.317455 21.517109 0.0004565383 0.0015460898 5.532293 0.5
15.852987 20.443041 -0.20838356 0.20748954 0.531572 0.5
10.795899 22.952428 -0.00020679289 -0.00036926023 5.261584 0.5
16.752671 19.592125 0.05290433 0.037347983 0.040113 0.5
21.15327 25.279923 -0.00047911776 0.00027077427 4.576591 0.5
12.350423 19.455297 0.00032843578 -0.00055846911 0.209824 0.5
23.912321 13.040536 -0.09381873 -0.021350043 1.770879 0.5
4.8370922 16.576466 0.00084234627 -0.0006231926 4.791815 0.5
24.979831 16.467666 0.016565078 -0.0092974031 2.522673 0.5
1.9190465 15.726104 -0.0002827428 -0.00062206606 3.232151 0.5
13.032354 26.092603 4.5533022e-05 -0.00017480967 0.943125 0.5
7.4677129 11.73753 0.0010676219 0.015001718 1.031271 0.5
10.603967 8.0202963 -0.03213623 0.015439577 1.523797 0.5
6.3105486 11.568399 -0.0011715767 -0.012449472 1.787492 0.5
9.1947697 14.713526 -0.00026049077 -9.8506042e-05 3.056837 0.5
4.9340202 21.609497 0.00016769213 0.00030690991 3.332967 0.5
25.387541 10.704321 0.19793459 0.21273343 3.889918 0.5
13.367797 18.520294 0.0004347017 -0.00028896038 1.775857 0.5
5.1846828 10.371557 -0.00091132448 0.00019077193 4.33857 0.5
8.8959237 21.455918 -0.00038836055 -0.00025366943 2.652322 0.5
14.07841 3.2100671 0.085599119 -0.17602636 1.360759 0.5
22.886547 22.155432 -0.00018712925 0.0010067013 1.350476 0.5
2.6588531 13.277793 -0.00028580528 0.00039550398 3.139709 0.5
14.970358 0.66713768 -0.042915779 0.040771092 3.877928 0.5
14.951845 21.391833 -0.0021941711 0.00093029663 4.111005 0.5
7.6194013 18.682049 -0.00013818433 0.00042423547 4.354529 0.5
14.554174 22.552968 -0.00091462222 0.00011910153 1.958136 0.5
8.5476413 12.52159 -0.0010726293 0.00068572076 1.935129 0.5
26.039913 15.986123 0.076033144 0.086109442 0.983243 0.5
17.422439 26.884104 -4.8644969e-06 0.0001083467 4.524452 0.5
16.170129 23.696083 -0.0010959631 0.00020352662 4.628506 0.5
12.303705 5.0026199 -0.16224463 0.14168043 4.619789 0.5
7.7242788 3.53808 -0.030906324 -0.015737566 6.246698 0.5
17.862328 18.929695 0.0070686121 -0.01150782 2.597917 0.5
5.5185286 18.644841 0.00046642753 -0.0004411561 5.540445 0.5
13.271046 9.373414 -0.020401833 0.0013705313 1.135786 0.5
20.193247 20.963595 0.13729932 -0.013770125 0.649744 0.5
2.1529235 14.352567 -0.0015331141 -0.00036493118 4.647872 0.5
23.723899 19.826765 0.021342486 0.0294359 3.116928 0.5
7.2839144 5.7604127 0.023775957 0.021995682 1.058365 0.5
12.343547 27.184579 -0.00025592116 4.122228e-05 1.223223 0.5
21.416364 12.665128 -0.12481954 0.11276106 6.185729 0.5
15.535254 11.573291 -0.0060449301 0.0037191814 5.03693 0.5
26.330684 17.144772 -0.0024751588 -0.00065746703 0.158334 0.5
18.269409 16.372014 -0.14851991 -0.052242679 0.09489 0.5
8.2244606 22.495588 -0.00041004533 0.00014980162 3.182579 0.5
15.478697 15.197675 -0.00070213744 -0.0010832314 5.999337 0.5
6.1266305 5.8028327 0.0058139005 -0.0061323429 0.712677 0.5
7.6739544 9.0729939 0.00095002439 0.013135307 1.70588 0.5
9.8193173 2.7708221 -0.014470388 0.0047944435 5.092516 0.5
22.125555 6.79262 -0.17002668 0.040758307 0.506989 0.5
14.854194 25.095866 -0.00063983549 0.00062020051 4.452103 0.5
5.0461883 11.868028 -0.028447817 0.023502428 3.429354 0.5
23.115509 11.65298 0.025301982 -0.069637639 5.942963 0.5
6.584033 18.117113 -0.00026528824 0.00019188229 2.062723 0.5
13.111418 12.191394 -0.0089130466 -0.018446997 2.598321 0.5
18.137341 25.458443 -0.00085781798 -0.00067204474 6.159219 0.5
2.5743583 9.5187688 -0.026820112 0.0027671051 1.488917 0.5
7.2164547 6.886481 -0.020525059 0.0011295308 1.927238 0.5
6.1768014 3.0894197 -0.012390046 -0.031242454 3.98558 0.5
25.578435 20.680929 0.00046211548 4.0626184e-06 3.515453 0.5
8.7615935 18.307334 -0.00027470015 -0.00048016272 3.362574 0.5
0.80675813 15.563642 0.00040497648 0.00046856506 2.617045 0.5
13.382619 20.089277 -0.002106185 -0.0011075583 4.416501 0.5
6.9457813 22.417283 -0.00021358323 -0.0003037008 2.357123 0.5
16.964282 15.248034 -0.0003968936 -0.00054771762 0.027213 0.5
6.1179457 9.2957882 -0.0033264069 -0.0045826862 3.270335 0.5
19.897083 24.466704 0.001529767 0.00082804378 5.133302 0.5
5.8544164 12.729027 -0.0035086321 0.010996229 4.163048 0.5
5.9549696 22.975784 0.00036426283 0.00019962451 3.93618 0.5
14.320309 26.143519 -0.00063679671 0.0013149668 5.951127 0.5
13.87781 27.336195 -4.4790097e-05 0.00018434871 4.082451 0.5
17.362131 23.575638 -0.0021422454 -0.00066179146 1.780305 0.5
10.75705 6.0390681 0.018637989 0.0093687271 2.847882 0.5
5.9941915 15.512916 0.00018011422 -0.00045989074 1.767937 0.5
14.850093 17.995652 1.2595034e-07 -0.00074388948 0.00135 0.5
11.666303 10.261064 0.022068305 0.0092310187 5.312468 0.5
26.26022 12.18067 -0.095521886 0.15875642 0.320289 0.5
10.255599 24.004577 -0.00014564809 -0.00031428389 0.581132 0.5
3.8567154 20.657415 2.549525e-05 0.00077093064 3.087421 0.5
22.279004 14.065743 0.11133799 0.14944952 3.560403 0.5
18.36137 17.607031 0.029482433 0.0076325099 0.555117 0.5
11.323718 2.7447289 0.0062750098 0.04034452 6.220608 0.5
15.953807 17.784581 -0.00091553115 -0.0016367 5.652715 0.5
13.770167 23.633564 -0.0020699915 0.00055640387 0.827952 0.5
13.445884 24.897479 -0.00031966631 -4.6631452e-05 1.054048 0.5
4.7144326 7.4739102 0.0045719418 0.0027083757 0.319962 0.5
4.7953571 8.9230826 0.00080784704 -0.00042734237 2.464344 0.5
15.997946 24.892118 -0.00040709463 -6.1817262e-05 3.780782 0.5
12.230711 24.922531 -0.00026944819 0.00070647144 0.745414 0.5
12.491855 21.536853 0.0001771607 0.00030479625 3.348875 0.5
23.093081 4.7120523 -0.045647998 -0.008524972 5.365761 0.5
21.096487 23.97268 -0.00027411371 0.0001006665 0.445642 0.5
8.6857029 5.6042596 -0.0073897032 0.059604202 2.979068 0.5
27.158277 15.088165 0.05101384 0.17135327 2.813895 0.5
18.430435 10.425382 0.0036322454 0.011256204 4.039246 0.5
11.502808 11.529664 0.0037233083 0.022057618 4.602055 0.5
10.092811 9.4310028 0.0024516939 0.013514269 1.676583 0.5
4.5367068 19.274516 -0.00034230679 0.00023979264 1.207935 0.5
8.406619 25.098827 -0.00048664414 0.0015932717 6.164191 0.5
11.350785 18.498906 -0.00050778576 -0.00032135113 1.491784 0.5
8.6807722 11.228696 0.0049033663 0.0088782672 6.269379 0.5
8.7395196 19.918473 -0.00033212557 -0.00011034205 0.35856 0.5
6.1683198 19.847384 0.000583583 -0.00069248751 0.326238 0.5
18.427108 20.042079 -0.019449169 0.0046165205 1.608548 0.5
15.144544 13.533474 0.027638856 0.061406164 2.616667 0.5
4.6370751 14.766442 0.00014044343 -2.8816601e-05 0.410672 0.5
12.081355 3.6654729 -0.33515998 -0.12472851 3.210668 0.5
4.6250336 13.56673 -9.8702189e-05 0.00056693581 0.309541 0.5
15.72314 22.517707 -0.00057747916 -0.0013673122 1.761874 0.5
6.8143068 10.431522 -0.0051246072 0.0019812114 4.731547 0.5
10.470779 17.148624 0.0002606811 -0.00045573711 0.313065 0.5
12.971214 2.6209244 -0.080179251 0.012009701 0.087229 0.5
17.722756 11.505688 -0.091058619 0.1310245 5.713071 0.5
23.06121 9.700615 -0.099609666 0.28961959 0.34983 0.5
11.825683 8.943855 -0.0026259616 0.013280803 2.015368 0.5
8.8194093 26.304339 -0.00015668577 0.00019464222 0.42176 0.5
18.188198 2.6244631 -0.0035920426 -0.0033522742 5.580866 0.5
21.861949 21.135185 -0.11622758 0.096214269 4.066321 0.5
27.255694 13.008784 0.014719943 -0.099261539 5.863794 0.5
24.092235 22.801479 0.00093095168 0.00041644319 5.355125 0.5
25.019617 11.818257 0.014511862 -0.00055101827 5.404824 0.5
5.0143309 6.2970075 -0.0068012549 0.051047194 1.361005 0.5
19.603177 25.64525 2.2850747e-05 -0.00018523959 5.19755 0.5
3.6767184 8.3471177 -0.00094056702 -0.00010620813 5.853071 0.5
19.151867 18.527428 -0.0024263657 -0.0019779763 2.830697 0.5
2.7301528 7.3203894 -0.025162591 0.054395621 3.251414 0.5
10.729857 4.4853924 -0.017793291 0.036806485 3.305262 0.5
3.3698861 15.356618 0.00016014789 -0.00051393385 3.841898 0.5
15.49192 26.23098 -0.00010273234 0.00031435305 4.917041 0.5
5.744769 24.078499 -5.0320955e-05 -0.000970393 1.726803 0.5
9.3073463 17.2649 0.00018145369 -7.5857534e-05 2.534849 0.5
12.581202 7.7294162 0.02042065 0.022400605 1.985571 0.5
2.3044787 10.862813 0.0016260604 0.00068416796 5.636684 0.5
3.6945408 10.254778 -0.0071871987 0.010410461 0.642493 0.5
23.381942 17.500442 0.078554354 0.057488431 5.796573 0.5
10.055444 11.351169 0.020694852 0.045514286 4.738871 0.5
22.084264 24.619898 0.00043453597 0.00058810968 1.568073 0.5
14.915737 23.761295 0.00036250723 0.00026945162 2.749741 0.5
9.7257639 19.360572 -0.00040365327 0.00013752215 1.171823 0.5
24.722229 21.756922 -0.00082700674 -0.00010519745 2.226958 0.5
17.111491 4.7354936 0.0052951902 0.10045842 1.548545 0.5
16.226233 16.202022 0.00017917644 -0.00031462461 3.653333 0.5
8.8023969 24.04326 -0.0004198264 -0.00042525169 4.394256 0.5
6.6304664 24.970455 -0.00018838142 -0.00035467833 0.605652 0.5
9.7446578 1.554902 0.0037785703 0.012517213 3.106146 0.5
5.977166 7.0977048 -0.019090104 0.0073636341 3.095002 0.5
24.707459 7.9248917 0.0095570915 0.039099178 1.841384 0.5
3.4212432 19.622855 0.00042553255 -0.0006605119 6.034028 0.5
12.000335 22.627229 -3.8091013e-06 -0.00028805394 1.857551 0.5
21.731503 10.120631 -0.07746944 0.059829699 1.702664 0.5
13.097012 10.826122 -0.044987726 0.0097569322 1.16125 0.5
17.188122 24.819804 -8.5264509e-05 0.0003584466 4.720586 0.5
3.503559 18.340634 0.00036139827 -0.00014920817 0.205718 0.5
13.483399 13.287578 -0.011281199 -0.0078416603 5.820667 0.5
11.324273 21.125469 -0.00025594452 -0.00011892883 3.894129 0.5
8.564699 1.7468771 0.004434489 0.0092182761 3.074393 0.5
1.395417 18.259235 -0.00033252177 -9.6304249e-05 0.467747 0.5
14.077131 6.1154932 -0.17117485 0.13972254 5.60533 0.5
6.7704696 4.7058737 -0.00090584983 0.02554518 6.227367 0.5
14.473756 10.674529 -0.0085869789 0.0031795858 5.177094 0.5
22.705495 20.350502 -0.036014164 -0.044775171 0.203779 0.5
8.5667837 4.3606498 -0.021344674 -0.0046573252 6.095105 0.5
13.759675 15.698545 -0.00015068794 -0.00068375963 5.150288 0.5
9.6120297 25.043288 0.00011273069 -0.0001196445 3.059892 0.5
24.841893 19.020651 -0.2401021 -0.0011924204 3.692189 0.5
4.6390632 17.716528 8.6609288e-05 0.00011779988 3.246869 0.5
18.582845 26.535007 0.0001717237 0.00072415342 2.032293 0.5
10.119626 16.073939 -0.00065255669 -0.00012762138 6.136396 0.5
3.7833672 12.795646 0.00029203712 0.00010241289 4.563161 0.5
1.3021314 13.369552 0.00070419573 -0.00016482993 5.916686 0.5
8.2852807 16.442949 -0.00050178295 0.00099686933 1.344992 0.5
4.2577505 5.2384012 -0.0041550001 0.002227302 3.633442 0.5
0.67284395 14.431109 -0.0001725222 0.00054344781 2.78777 0.5
16.159833 27.227862 -9.0258273e-05 3.7730022e-05 1.483056 0.5
14.444036 19.060097 -0.00061774419 -0.000358813 0.879468 0.5
17.206851 9.6025997 0.3551257 0.26488169 4.923104 0.5
10.727222 25.395932 -6.5278053e-05 0.0005131757 5.350229 0.5
3.2027382 11.537362 0.00038054192 -0.00016968113 1.508644 0.5
13.292521 4.1091378 0.065865549 -0.10586286 4.32761 0.5
17.817675 22.161275 -0.001195993 -0.00081128363 1.3724 0.5
7.5976599 24.078068 -0.00042548384 -8.3674519e-05 2.64206 0.5
17.173637 20.780868 -1.350334e-05 -0.00016537474 2.466218 0.5
0.80400684 12.322295 0.00021394103 -0.00080803302 0.69625 0.5
26.399897 14.060667 -0.011321655 0.11920438 0.502972 0.5
15.013206 27.353889 0.00050280545 0.00010385943 4.066135 0.5
7.9440255 10.219779 -0.00060889374 0.0039078409 3.026607 0.5
26.068986 19.270149 0.07394034 0.011524147 6.171553 0.5
20.701921 16.641406 -0.00027041808 -0.00042810649 3.767955 0.5
23.618537 21.125127 -0.00071878806 -0.00046580242 5.349705 0.5
11.658681 26.032306 2.8224975e-05 -0.00020149216 3.28374 0.5
7.7756375 7.8985288 -0.028758615 -0.007668288 1.964272 0.5
3.8176693 22.757474 0.00035465443 0.00043598694 1.170799 0.5
12.533128 23.797733 -0.00038853886 -0.00045351631 0.802835 0.5
24.683307 6.4826475 -0.012429761 0.028674589 5.063896 0.5
1.2195763 10.146184 4.7151753e-05 0.00026306973 2.243796 0.5
2.346938 20.596923 0.00018049196 0.0006696032 5.270568 0.5
19.33661 8.8769729 -0.18959608 0.23136172 5.757172 0.5
16.534306 10.501355 -0.25039026 0.42211864 5.271397 0.5
3.3898607 14.170641 -0.00018670698 0.00089020007 3.151318 0.5
7.665371 17.384316 -0.00038416514 -0.00077198219 0.221595 0.5
2.9493235 21.567072 -6.1323445e-05 -0.00083934406 1.510648 0.5
7.2988462 20.253843 7.8212329e-05 9.9463793e-05 5.29405 0.5
11.153409 27.106259 -7.6215419e-05 -9.9950605e-05 2.737677 0.5
23.831764 14.598096 -0.056696585 0.1324164 4.134415 0.5
20.225003 23.152534 -0.00070992387 0.0011717548 1.432456 0.5
3.2687385 6.1468626 0.0016317492 0.049714756 2.840655 0.5
22.826511 16.187363 -0.16188312 -0.016221308 2.899005 0.5
14.592626 20.29897 0.0013160353 0.00070612058 4.137855 0.5
9.4772457 22.961639 -0.00033020919 0.00022751519 1.992807 0.5
17.074178 17.561178 -9.5326668e-05 -0.00033649133 0.375558 0.5
2.140688 12.193423 0.0008713529 -0.00081794984 0.629977 0.5
26.740018 10.747083 -0.050997669 0.058832641 5.301885 0.5
10.190005 20.807679 -0.00043121711 0.00026662436 1.197725 0.5
22.142521 23.229696 2.0458407e-05 -0.0010138742 2.939026 0.5
6.0763274 21.012913 0.00021848107 3.5055634e-05 3.912909 0.5
10.001207 26.56701 -7.0573411e-05 -0.00033566307 3.115045 0.5
8.8362668 8.4564626 0.0013374476 0.004527147 1.662001 0.5
11.902912 16.570695 -0.00022384992 -0.0010967091 0.131507 0.5
