# x y vx vy theta radius
12.699067 19.954738 0.6013926 -0.33200139 5.8842051 0.5
25.778961 10.699317 0.022484446 -0.033002667 1.764168 0.5
6.6077952 14.735814 0.028415124 -0.047274939 3.951996 0.5
19.610505 20.861369 0.054592619 0.0093527187 4.259518 0.5
11.20625 13.897547 -0.052077607 0.010575501 1.882067 0.5
11.677173 16.956082 0.095741661 -0.14417682 0.92276 0.5
7.5142436 22.506608 -0.019982489 -0.029032506 4.981497 0.5
23.830853 21.54762 -0.0010969037 -0.051685733 0.663689 0.5
7.6686843 20.794332 0.063880637 -0.22373135 4.599871 0.5
16.712127 23.20311 -0.03140205 0.0094278798 3.315122 0.5
16.729901 15.254756 -0.022960142 -0.037654906 5.224588 0.5
19.882959 13.685439 0.06090373 -0.04167463 4.739779 0.5
22.97943 22.392972 0.058882502 -0.084744852 0.624425 0.5
26.341461 14.097875 0.014403833 -0.075120743 0.734434 0.5
20.561926 12.560675 0.0094707365 0.0093084039 4.989084 0.5
12.706455 25.063307 0.088923074 0.07839425 2.508867 0.5
13.770039 25.407337 0.1343537 -0.47754201 5.939565 0.5
5.3128866 23.954851 -0.11530509 -0.01740886 0.028815 0.5
16.968309 14.132272 -0.35134378 -0.31368314 3.449449 0.5
10.767411 10.157793 0.0055612445 -0.047491316 0.592282 0.5
25.002569 16.596768 0.019770872 -0.0085855388 6.045768 0.5
23.106408 15.303196 -0.03489738 -0.023074125 0.890473 0.5
12.576725 13.566594 -0.0072712988 -0.010030018 2.353219 0.5
19.892473 11.383385 -0.010399534 -0.04007009 1.672869 0.5
18.244873 9.7126393 -0.017434238 0.0073262217 4.21507 0.5
10.48393 23.867623 0.096964411 0.15533949 0.4829 0.5
22.26904 24.437248 0.48812241 0.18838626 6.274711 0.5
15.252558 20.107503 0.00065552072 -0.26414293 1.301021 0.5
5.870118 5.6444357 0.00065723153 -2.4977654e-05 3.538852 0.5
8.3428371 8.9845653 -0.003223202 0.00019247068 1.72413 0.5
18.90883 24.085137 0.038770618 0.098700342 0.779811 0.5
22.41141 7.9592165 0.0058790914 -0.019542472 1.209651 0.5
6.6292298 10.665874 -0.020594671 0.0030523685 5.377079 0.5
16.026733 11.115625 0.003201214 -0.058119054 3.122843 0.5
20.188469 2.1777379 -4.7772318e-06 -5.3123683e-06 4.105439 0.5
24.888106 11.453491 -0.0089865178 -0.031179792 2.246795 0.5
11.667987 24.314219 0.012445914 0.1703709 3.468535 0.5
15.551126 23.78648 0.014662336 -0.031191892 5.532293 0.5
20.987533 15.489499 -0.0057738568 -0.033789614 0.531572 0.5
22.131304 17.274148 -0.033392621 -0.045399161 5.261584 0.5
12.759362 7.3267566 0.0051869033 -0.014013644 0.040113 0.5
20.056504 24.623105 0.029477688 -0.099040229 4.576591 0.5
23.009558 16.473766 0.02618308 0.032268781 0.209824 0.5
24.065344 13.482489 -0.026624033 -0.023299925 1.770879 0.5
12.671733 12.434258 -0.014240127 -0.046802917 4.791815 0.5
21.331551 8.6094461 -0.0027627596 0.00014384889 2.522673 0.5
13.664636 22.255438 0.23491127 0.21199968 3.232151 0.5
9.0167745 26.008091 -0.15033877 -0.16657081 0.943125 0.5
8.0928893 10.213073 -0.0019407868 -0.0067655508 1.031271 0.5
24.057501 15.982436 -0.018845407 -0.02489336 1.523797 0.5
23.125057 11.477068 -0.019539477 -0.044786782 1.787492 0.5
7.7069727 4.4726011 0.00018865915 -0.00026141284 3.056837 0.5
5.2112732 19.647076 0.0051208733 -0.0057832637 3.332967 0.5
24.703675 9.0735919 0.013766058 -0.024926365 3.889918 0.5
18.257052 18.961348 0.018002421 -0.0481445 1.775857 0.5
16.060971 17.602915 -0.040016664 0.15456208 4.33857 0.5
17.72634 22.452408 -0.11054651 0.00015289753 2.652322 0.5
24.681478 7.9126956 0.014315305 -0.0091318976 1.360759 0.5
25.139754 12.808947 -0.013875268 -0.031223022 1.350476 0.5
21.275753 11.450407 0.0010533198 0.017443521 3.139709 0.5
16.160413 3.0013446 -3.5300986e-05 2.0209914e-06 3.877928 0.5
21.214899 24.03365 -0.1779709 0.22674002 4.111005 0.5
16.833846 12.64312 -0.020238485 -0.030449137 4.354529 0.5
18.907926 22.954923 0.014099876 -0.20838854 1.958136 0.5
7.2003634 16.410269 0.1055273 -0.027123486 1.935129 0.5
26.130822 16.339204 0.0031761372 -0.030247135 0.983243 0.5
10.014234 14.780754 -0.025045954 -0.011716743 4.524452 0.5
22.087078 23.294354 0.20163869 -0.11407639 4.628506 0.5
14.857724 17.510184 -0.01717704 -0.22112988 4.619789 0.5
10.877026 5.8346286 -0.013902205 -0.021823312 6.246698 0.5
26.308551 12.977597 0.0036952205 -0.0067649607 2.597917 0.5
14.767666 26.112966 0.12011555 -0.052086582 5.540445 0.5
20.082645 3.9863272 0.0066324313 -0.013180963 1.135786 0.5
15.399942 15.071106 -0.0016264662 -0.031916953 0.649744 0.5
13.063327 0.8739727 0.00078082396 -0.00063244907 4.647872 0.5
26.215507 19.602829 0.0062491163 -0.01689015 3.116928 0.5
27.301832 13.512155 -0.027713278 -0.042831628 1.058365 0.5
19.186667 26.344322 0.11115144 0.012802355 1.223223 0.5
17.478226 20.707742 -0.0025675335 -0.031930726 6.185729 0.5
20.18971 23.467735 -0.044276352 -0.080903813 5.03693 0.5
23.393314 20.379438 0.028922016 -0.1134317 0.158334 0.5
20.651148 10.52363 0.015948362 -0.025561694 0.09489 0.5
21.060159 4.786442 -1.4897578e-05 1.4621533e-05 3.182579 0.5
11.065005 22.357637 -0.11424255 -0.085062202 5.999337 0.5
4.4456157 22.064136 0.071757133 -0.10303694 0.712677 0.5
1.9152502 19.636658 0.045542454 -0.11849479 1.70588 0.5
21.277405 13.473078 0.009070909 -0.018622486 5.092516 0.5
21.607444 9.7333292 -0.016881173 -0.02125419 0.506989 0.5
7.8059602 23.728288 -0.045761091 -0.40936053 4.452103 0.5
17.888798 14.733443 0.15283788 -0.22108537 3.429354 0.5
20.41337 20.019963 0.21247902 -0.065190577 5.942963 0.5
17.195911 19.522565 -0.065265578 -0.16689554 2.062723 0.5
14.755137 18.833029 -0.036209955 -0.25505509 2.598321 0.5
16.736593 24.392468 -0.014333919 0.02047318 6.159219 0.5
10.190747 11.504587 0.010196036 0.027011892 1.488917 0.5
4.9876401 16.614302 0.27835402 -0.19027408 1.927238 0.5
14.172106 15.482088 -0.0012417629 -0.4453518 3.98558 0.5
27.018674 17.089599 0.0070534578 -0.0052471022 3.515453 0.5
27.140071 11.237556 -0.0060253657 -0.072295356 3.362574 0.5
12.096771 8.8569736 0.0027670891 -0.011263571 2.617045 0.5
21.2532 7.4418005 -0.0018421538 -0.02598046 4.416501 0.5
13.18558 9.3359064 0.013658457 -0.052427409 2.357123 0.5
18.208761 12.301343 -0.02273259 -0.077494315 0.027213 0.5
23.691131 8.5334879 -0.0043361324 -0.0061896613 3.270335 0.5
22.708092 21.297039 0.12241796 -0.012593308 5.133302 0.5
17.847183 15.995548 0.28283658 -0.11966137 4.163048 0.5
1.4730637 12.338164 0.011698599 -0.066770733 3.93618 0.5
17.988078 24.708273 0.040097111 0.11717708 5.951127 0.5
20.055881 17.307145 0.10102435 -0.024648251 4.082451 0.5
15.955958 25.466519 0.1005329 -0.060182638 1.780305 0.5
21.125174 17.864854 0.0098137329 -0.056431625 2.847882 0.5
25.456008 7.0223602 -0.0033187637 -0.0088482973 1.767937 0.5
22.051523 15.871966 -0.0073608273 -0.049925811 0.00135 0.5
20.935699 22.627306 0.089390006 -0.21964517 5.312468 0.5
22.934577 13.949027 0.0049139517 -0.06343615 0.320289 0.5
21.216313 25.19103 0.17480312 -0.075189533 0.581132 0.5
9.7478232 16.945973 -0.11915005 -0.38817155 3.087421 0.5
16.989845 18.352507 0.33120064 -0.27752819 3.560403 0.5
21.251088 19.249792 0.085654004 0.068820472 0.555117 0.5
19.03428 14.383013 0.26445567 -0.1844434 6.220608 0.5
25.855469 17.425085 -0.0024063236 -0.06172353 5.652715 0.5
15.532232 13.30212 0.0067115391 -0.034012098 0.827952 0.5
14.456937 11.434908 -0.010348302 0.00050672451 1.054048 0.5
14.348882 9.4256758 0.033242825 -0.0083264097 0.319962 0.5
9.8821274 8.4000618 -0.045358346 -0.01527908 2.464344 0.5
14.340438 21.159354 -0.14948291 0.15140991 3.780782 0.5
17.01732 26.945518 -0.041201605 -0.077070101 0.745414 0.5
21.569762 20.693418 -0.011116035 -0.02756424 3.348875 0.5
25.212062 14.096005 -0.021239975 -0.059933922 5.365761 0.5
23.162227 23.690329 0.099822808 0.071981663 0.445642 0.5
18.958387 15.612288 -0.0061203222 -0.051705356 2.979068 0.5
23.923343 17.183465 0.010703803 -0.02017938 2.813895 0.5
27.406095 14.83421 -0.023747638 -0.034589982 4.039246 0.5
23.608097 10.2187 0.012878026 0.0033148963 4.602055 0.5
4.7952614 4.2198004 -0.00028602846 -0.00025587794 1.676583 0.5
14.227642 16.60632 0.018849012 -0.074712374 1.207935 0.5
6.3204982 21.611034 0.0076455699 -0.20575319 6.164191 0.5
13.977345 24.246757 -0.12993328 0.0046701373 1.491784 0.5
13.534906 8.212162 -0.0073693729 -0.040242363 6.269379 0.5
2.7042022 6.7200468 0.10307768 -0.01580774 0.35856 0.5
10.57707 18.540119 -0.10516827 -0.21716409 0.326238 0.5
23.175281 18.052015 -0.012263542 -0.013009717 1.608548 0.5
26.847504 10.153807 0.013210327 -0.065321031 2.616667 0.5
22.169669 5.4813019 5.5948445e-06 2.8887535e-06 0.410672 0.5
9.1668355 22.733727 -0.02203112 -0.12300545 3.210668 0.5
13.828522 19.636741 0.44233506 -0.04858228 0.309541 0.5
15.064122 24.788531 0.0041132473 -0.19236562 1.761874 0.5
24.727646 10.262567 0.01551667 0.0027818933 4.731547 0.5
15.995363 19.036713 0.10696776 0.19256137 0.313065 0.5
24.241998 6.6704676 -1.968532e-05 -0.00023962615 0.087229 0.5
21.896095 12.43402 -0.0049232048 -0.019204281 5.713071 0.5
22.752915 9.2809606 -0.018142487 -0.032038941 0.34983 0.5
15.440409 12.133612 -0.043389645 -0.038410509 2.015368 0.5
12.835333 26.422693 -0.0074705707 -0.056985234 0.42176 0.5
8.8370374 11.240799 -0.033699393 -0.018017536 5.580866 0.5
25.634399 20.638559 0.03822346 0.012487786 4.066321 0.5
26.734602 18.192958 0.005687758 -0.034950891 5.863794 0.5
25.64723 18.622796 0.013502409 -0.017385948 5.355125 0.5
22.076236 18.469108 0.034845889 -0.045476686 5.404824 0.5
16.666413 21.833017 0.34090832 0.18539354 1.361005 0.5
15.814576 26.630875 -0.030914706 0.031001794 5.19755 0.5
18.873811 8.6863213 0.010105039 -0.031025696 5.853071 0.5
24.563423 19.388346 0.012343934 0.011286998 2.830697 0.5
25.880097 8.1908573 -0.0034257981 0.0014774365 3.251414 0.5
12.029525 1.7099765 -2.7327416e-05 -2.6890992e-05 3.305262 0.5
8.9849828 16.195412 -0.34131799 -0.3463081 3.841898 0.5
2.7632749 20.609565 -0.19916934 -0.25202162 4.917041 0.5
9.9876793 13.658256 -0.013375554 -0.078334747 1.726803 0.5
23.455359 19.139395 -0.019146927 -0.0084259026 2.534849 0.5
13.029957 15.164904 -0.014236139 -0.035997085 1.985571 0.5
17.153348 17.059616 -0.052296125 -0.030993592 5.636684 0.5
6.3913832 23.339346 0.21372401 -0.11285073 0.642493 0.5
26.250779 15.217783 -0.00079465969 -0.0066353301 5.796573 0.5
10.83422 12.759251 -0.035610477 -0.066726935 4.738871 0.5
19.663917 22.014737 -0.079650186 -0.040322558 1.568073 0.5
19.124843 25.213915 0.030301237 -0.046495312 2.749741 0.5
18.504265 20.069743 0.1081175 -0.077011425 1.171823 0.5
24.052466 14.636176 0.030087758 -0.021700382 2.226958 0.5
14.726481 6.0761561 0.021962859 -0.059530559 1.548545 0.5
15.393107 1.7813843 0.0014504751 -0.001044073 3.653333 0.5
16.25741 5.0907587 -7.0078285e-06 2.5546679e-05 4.394256 0.5
17.121734 25.511727 -0.044481314 -0.15830372 0.605652 0.5
18.162913 17.653933 -0.044269235 0.12673362 3.106146 0.5
22.441599 10.490371 -0.0033109901 -0.0066960313 3.095002 0.5
27.311171 12.377011 0.0080709877 -0.03345448 1.841384 0.5
16.024646 16.252299 -0.0087589267 -0.15457772 6.034028 0.5
14.599588 27.236358 -0.057087371 -0.0039839178 1.857551 0.5
19.320602 12.607651 0.024523118 -0.037727374 1.702664 0.5
9.0448178 12.41206 0.0026424367 -0.040710786 1.16125 0.5
17.806624 23.605743 -0.059971741 -0.057098773 4.720586 0.5
15.771888 22.504793 0.090404029 -0.019746263 0.205718 0.5
19.308884 18.17288 0.0060538066 0.15099614 5.820667 0.5
7.4007047 25.583046 -0.080176541 0.056284297 3.894129 0.5
1.4654782 9.5516665 0.4490748 -0.19925322 3.074393 0.5
8.4167446 7.4081352 -0.00039757871 -0.0040945524 0.467747 0.5
21.811002 14.594704 0.010613839 -0.067930401 5.60533 0.5
17.068706 9.9757209 -0.012814871 -0.034061333 6.227367 0.5
24.099934 5.2315424 -2.9302115e-06 -6.2824587e-06 5.177094 0.5
20.322246 18.646515 0.57285366 0.025033924 0.203779 0.5
20.687085 6.2865188 -1.819335e-05 1.2166064e-05 6.095105 0.5
18.628598 6.3729179 0.0019908005 0.00041457316 5.150288 0.5
6.5569908 9.4178755 -0.005479445 -0.059735417 3.059892 0.5
22.401548 19.563092 0.033854719 -0.030540109 3.692189 0.5
19.44144 5.5203414 0.002770977 0.0016744903 3.246869 0.5
20.229115 25.7833 0.11455421 0.27702323 2.032293 0.5
13.117741 21.108325 0.010496045 -0.14369609 6.136396 0.5
19.717439 7.8457423 -0.018665358 -0.02801383 4.563161 0.5
4.4096342 12.284002 -0.16474287 -0.2311622 5.916686 0.5
19.039346 16.779944 0.12867655 -0.10146949 1.344992 0.5
20.045191 14.814082 0.065961248 -0.041056071 3.633442 0.5
18.084237 13.430781 0.014075625 -0.0037407651 2.78777 0.5
18.068171 26.094569 0.24193283 0.053854605 1.483056 0.5
12.665956 17.632842 -0.038471731 -0.046986004 0.879468 0.5
9.4055058 24.111984 0.050783071 -0.079362913 4.923104 0.5
13.408782 27.394966 0.18116653 0.013984035 5.350229 0.5
20.964371 3.282001 -2.3086455e-06 -4.2998324e-06 1.508644 0.5
25.827201 9.383228 -0.0093085419 -0.011028038 4.32761 0.5
24.401398 18.203214 0.015020756 -0.00079112208 1.3724 0.5
4.0618438 9.447294 -0.034315261 -0.076864176 2.64206 0.5
12.712151 16.316093 -0.48903246 -0.21826573 2.466218 0.5
24.079735 12.250361 0.0044807468 -0.032690782 0.69625 0.5
22.940489 6.432905 2.6802936e-06 -1.112578e-05 0.502972 0.5
3.9293936 15.152613 -0.0091772401 -0.19706789 4.066135 0.5
21.053547 16.736558 0.02457274 -0.10261061 3.026607 0.5
16.365496 20.373365 0.25579756 0.019087064 6.171553 0.5
21.742554 21.859609 0.11857551 0.068217151 3.767955 0.5
24.502047 20.545186 0.026411244 -0.018702573 5.349705 0.5
11.477372 25.74158 0.12130965 0.044301521 3.28374 0.5
19.420363 19.419092 -0.057325607 0.035665013 1.964272 0.5
19.652753 9.8331952 -0.003132049 -0.071514533 1.170799 0.5
2.2800534 16.786943 -0.0053443572 -0.027021321 0.802835 0.5
22.999359 12.76449 -0.021704936 -0.026007591 5.063896 0.5
17.395355 11.274316 -0.010025692 -0.019809724 2.243796 0.5
11.495213 6.8276961 -0.0045484523 0.0036885572 5.270568 0.5
22.13604 3.3748272 7.6267409e-06 7.582237e-07 5.757172 0.5
18.628662 21.481815 -0.014934865 -0.052070442 5.271397 0.5
20.009972 16.200663 -0.019634757 -0.12461544 3.151318 0.5
11.902936 15.142374 0.018457758 -0.020962355 0.221595 0.5
4.3079063 23.292445 -0.19984503 0.046366627 1.510648 0.5
10.237244 26.896532 0.079329487 -0.0041396152 5.29405 0.5
6.859867 24.600312 0.18218628 -0.22110544 2.737677 0.5
27.236592 15.983387 -0.016834925 -0.043281627 4.134415 0.5
25.008148 21.658955 -0.013289962 -0.031606775 1.432456 0.5
18.651099 11.16578 0.0063407987 -0.033536808 2.840655 0.5
25.049483 15.255166 0.0026035369 -0.022700377 2.899005 0.5
20.67196 21.394034 0.0099006973 -0.19944366 4.137855 0.5
4.9815877 8.1209845 -0.0022207126 -0.0091574486 1.992807 0.5
13.887496 4.9960143 -0.0030700096 -0.012888871 0.375558 0.5
2.4772522 15.657564 0.015034986 -0.0069678284 0.629977 0.5
26.160768 11.844476 0.011113355 -0.055063033 5.301885 0.5
15.60507 21.326728 -0.11423305 0.11573836 1.197725 0.5
24.043175 22.781797 0.046454963 0.024975409 2.939026 0.5
14.65779 22.856176 0.0060740577 -0.048600203 3.912909 0.5
10.148013 25.183616 -0.19385203 -0.31666489 3.115045 0.5
14.406263 13.651425 -0.052034008 -0.027857463 1.662001 0.5
12.355721 22.797984 -0.25023999 -0.2855072 0.131507 0.5
