# x y vx vy theta radius
12.600477 19.343667 -1.1192915 1.1637799 2.9653406 0.5
22.763215 13.658667 -0.012898044 -0.013785709 1.764168 0.5
17.921589 18.27064 -0.045913697 0.0069511589 3.951996 0.5
6.1680633 23.363463 -0.097621412 -0.12362327 4.259518 0.5
3.9498587 15.453196 -0.0099455402 -0.0057396599 1.882067 0.5
25.667725 13.650014 0.02159423 -0.070539796 0.92276 0.5
17.501359 25.668261 0.00043226632 0.054329179 4.981497 0.5
24.316021 9.4534862 -0.034342675 -0.015200495 0.663689 0.5
13.007417 3.7107069 -0.00409735 0.0019719689 4.599871 0.5
8.8490861 23.967358 -0.12221453 0.13558277 3.315122 0.5
21.877754 8.6115818 -0.0062176314 -0.12065829 5.224588 0.5
22.012031 11.221824 0.061976827 0.084132726 4.739779 0.5
4.0714582 19.284841 0.0025381778 -0.01275949 0.624425 0.5
17.327646 19.295492 0.00872262 -0.032598909 0.734434 0.5
4.4365304 17.621616 -0.060922338 0.088370625 4.989084 0.5
5.2386549 24.048028 -0.37319982 0.24842385 2.508867 0.5
12.942283 21.923551 0.062057143 0.012040859 5.939565 0.5
9.2643892 26.254871 -0.017044776 0.061947072 0.028815 0.5
18.345396 1.7067393 -0.0037143318 0.0018533571 3.449449 0.5
19.817155 20.623839 -0.022321194 0.0054824136 0.592282 0.5
23.522491 17.266241 0.067269579 -0.0089605817 6.045768 0.5
2.9527352 20.973783 -0.052078009 -0.039513915 0.890473 0.5
21.753838 23.603108 -0.029749919 0.057474148 2.353219 0.5
12.890953 25.935004 -0.0051221652 0.026142078 1.672869 0.5
25.084121 19.452086 0.002911313 -0.033026728 4.21507 0.5
16.879483 14.319914 0.031119208 -0.12196519 0.4829 0.5
25.912041 17.042125 0.019506434 0.018905514 6.274711 0.5
20.581263 11.471518 -0.14343275 -0.0069105407 1.301021 0.5
18.321996 22.799442 0.084679467 -0.051151702 3.538852 0.5
14.746202 24.83812 -0.038499639 -0.079425735 1.72413 0.5
22.034355 24.73133 0.044005734 0.063878461 0.779811 0.5
14.836592 23.460778 -0.00402029 -0.0096541978 1.209651 0.5
20.369116 13.961413 -0.058659988 -0.057372644 5.377079 0.5
11.941507 20.896935 -0.027918365 -0.015369963 3.122843 0.5
14.067902 21.313186 -0.087190453 0.023337379 4.105439 0.5
6.7460565 13.978139 0.027381156 -0.0045361864 2.246795 0.5
13.692144 24.309535 0.25894742 0.37675496 3.468535 0.5
21.402757 21.221018 -0.038338786 0.035871456 5.532293 0.5
9.9912584 14.589828 0.03412375 -0.049059263 0.531572 0.5
7.1446451 19.942121 -0.09114257 -0.038399715 5.261584 0.5
7.903521 12.33218 0.011346207 -0.06074539 0.040113 0.5
18.492851 19.529116 0.060370286 -0.1263514 4.576591 0.5
26.061485 9.1172632 -0.021584293 0.017946216 0.209824 0.5
22.908044 18.260906 -0.020110382 -0.0049299166 1.770879 0.5
21.22775 22.452486 0.35612308 0.28844694 4.791815 0.5
19.604616 26.07844 -0.069861446 -0.019119058 2.522673 0.5
8.4806489 19.330299 -0.0049942014 0.25782391 3.232151 0.5
27.131267 16.800219 0.061441069 -0.042160975 0.943125 0.5
22.994372 23.967312 -0.014964046 -0.0078806259 1.031271 0.5
12.562596 24.56991 0.0033821982 -0.034555876 1.523797 0.5
8.8467826 6.6011039 -0.008598167 0.00084393388 1.787492 0.5
19.791456 17.50088 -0.0060923528 -0.018800873 3.056837 0.5
7.7530323 24.32678 0.051685633 0.014963265 3.332967 0.5
10.30336 26.884076 0.077758532 -0.24196326 3.889918 0.5
24.61137 22.243125 0.0044430515 -0.08145967 1.775857 0.5
6.3414737 17.416981 -0.063494339 -0.14227931 4.33857 0.5
4.7041647 16.369984 0.0031402443 -0.029201736 2.652322 0.5
2.0751911 8.967594 -0.016472583 -0.028131935 1.360759 0.5
21.735129 18.076841 0.046873805 0.04888158 1.350476 0.5
18.616249 7.8671696 -0.025770315 -0.033023524 3.139709 0.5
17.46758 26.958493 0.016108223 0.031487008 3.877928 0.5
10.050017 18.511988 -0.097358099 -0.19176765 4.111005 0.5
19.247713 5.5118447 -0.06483218 -0.074460177 4.354529 0.5
15.772191 24.091944 -0.048343642 0.0013089559 1.958136 0.5
21.697808 19.206377 0.0065231813 -0.016232075 1.935129 0.5
10.574933 20.210002 0.05102537 0.13171182 0.983243 0.5
25.237128 21.286287 -0.0028882365 -0.092305372 4.524452 0.5
22.806203 7.7402259 -0.017853972 -0.11196519 4.628506 0.5
17.419572 9.7512298 0.036432665 -0.034711741 4.619789 0.5
8.6895748 14.609118 0.067674643 0.069934022 6.246698 0.5
17.827648 13.267846 -0.04923252 0.0046999258 2.597917 0.5
4.2914175 9.8631252 0.026636747 -0.010205421 5.540445 0.5
6.6322105 8.7461644 -0.0039326751 -0.030348591 1.135786 0.5
12.058061 4.5333143 -0.015863525 0.014800222 0.649744 0.5
5.7660915 7.4361586 -0.0011679797 0.0079247815 4.647872 0.5
8.1223281 20.574938 0.069327674 -0.048407384 3.116928 0.5
24.550802 7.7886153 -0.091448056 0.12584044 1.058365 0.5
14.868948 16.182381 -0.042379833 0.020737853 1.223223 0.5
26.185366 19.149745 -0.012534621 -0.0062708008 6.185729 0.5
2.9182524 6.6160372 0.011795648 -0.01642644 5.03693 0.5
16.336098 5.7540803 0.013548995 0.014240818 0.158334 0.5
6.3908766 3.8256511 0.013227187 0.0093260568 0.09489 0.5
5.2665188 19.536666 0.063924355 -0.017245099 3.182579 0.5
6.823415 5.2264446 0.010732725 0.010115517 5.999337 0.5
9.3155569 16.264098 0.010742913 -0.036932226 0.712677 0.5
17.33978 0.99129916 -0.0086680376 -0.017798286 1.70588 0.5
10.760896 24.36919 0.017614382 -0.055264877 5.092516 0.5
15.215209 18.011783 -0.033770397 -0.15431191 0.506989 0.5
2.5253785 11.144633 0.036309981 -3.1536421e-05 4.452103 0.5
14.090099 22.497992 0.12596669 -0.038432838 3.429354 0.5
18.930912 3.581698 0.080262395 -0.37793247 5.942963 0.5
2.281192 7.6863468 -0.018701097 0.058281282 2.062723 0.5
10.582216 16.160301 0.013924263 0.0093999958 2.598321 0.5
9.1598262 21.646157 -0.032931916 -0.08175714 6.159219 0.5
23.50278 21.95393 0.027600402 0.038226014 1.488917 0.5
6.5425846 25.03056 -0.00092581989 -0.0059948809 1.927238 0.5
3.7713493 12.482876 0.028393784 0.016990884 3.98558 0.5
23.968509 11.684424 0.052438232 -0.065561722 3.515453 0.5
13.123345 20.59077 0.0086848108 -0.062840603 3.362574 0.5
7.618741 22.794034 -0.030003971 -0.1372824 2.617045 0.5
19.203231 15.218978 0.046880954 -0.070181943 4.416501 0.5
16.769379 24.662994 -0.13011272 -0.066354986 2.357123 0.5
5.627512 9.3142753 -0.0041757064 -0.054664776 0.027213 0.5
7.735366 16.257768 0.10744938 -0.12246058 3.270335 0.5
14.405848 18.845362 -0.22772631 -0.074825396 5.133302 0.5
5.7882825 22.015968 0.025177865 -0.066375398 4.163048 0.5
23.513363 14.778588 -0.0059191755 0.00067157889 3.93618 0.5
16.316191 25.750666 -0.050244705 0.11518625 5.951127 0.5
16.075447 16.974195 -0.021472533 -0.01823625 4.082451 0.5
16.127739 21.58333 -0.10067231 -0.0031577225 1.780305 0.5
24.601485 16.882304 -0.004787783 0.012300104 2.847882 0.5
25.020285 12.704053 0.085912576 -0.077040165 1.767937 0.5
3.4159969 13.68293 0.035570789 0.0023068271 0.00135 0.5
27.344142 14.14532 0.022004037 -0.018896207 5.312468 0.5
3.3128039 16.741252 0.0095688067 -0.084080814 0.320289 0.5
9.4094278 22.987672 0.14037028 0.045353412 0.581132 0.5
7.2231927 10.190616 0.017119599 0.010595054 3.087421 0.5
18.797821 13.842515 0.029471452 -0.010147786 3.560403 0.5
0.91075151 16.660198 0.069553141 -0.0064448296 0.555117 0.5
4.1069607 21.961854 0.049567459 -0.022183552 6.220608 0.5
22.040265 6.2394764 -0.04793419 -0.041468072 5.652715 0.5
24.142243 20.993575 0.010856662 -0.054544634 0.827952 0.5
26.798651 13.037109 0.025356538 0.058017443 1.054048 0.5
6.862502 21.532218 -0.25227236 0.13680384 0.319962 0.5
6.1107524 20.512623 0.043735315 -0.00046589046 2.464344 0.5
11.128081 10.022732 -0.0013157547 -0.01139109 3.780782 0.5
26.72334 17.95265 0.0077262922 -0.019149999 0.745414 0.5
24.557863 14.301232 0.0018277653 0.023489633 3.348875 0.5
22.730638 9.7168602 -0.0057952819 -0.0082555924 5.365761 0.5
17.112931 22.241819 0.0051397296 0.057772633 0.445642 0.5
13.703637 5.8433507 0.0036609666 0.01443243 2.979068 0.5
10.589516 23.197007 -0.020183526 -0.016750799 2.813895 0.5
18.456056 26.433767 -0.053906354 0.085334326 4.039246 0.5
16.554631 20.41284 -0.030339489 -0.042153266 4.602055 0.5
15.90682 19.335872 -0.077486418 0.039343149 1.676583 0.5
7.1545192 11.488511 0.032903116 0.011685578 1.207935 0.5
21.436357 9.863179 0.063646828 0.10334824 6.164191 0.5
3.3919032 8.5676098 0.02783437 -0.019743797 1.491784 0.5
11.743549 0.94700949 -0.0091921374 0.023042808 6.269379 0.5
15.031273 1.4228519 -0.012983198 0.0030647091 0.35856 0.5
10.83584 17.672685 -0.31101033 -0.16827638 0.326238 0.5
25.863784 20.297991 -0.027678993 0.024634312 1.608548 0.5
13.037289 23.332665 -0.080314124 0.065698429 2.616667 0.5
19.389967 16.467081 0.062369849 0.0087941911 0.410672 0.5
3.0018956 9.8297833 0.025562759 -0.024196601 3.210668 0.5
21.539701 13.519276 -0.053548609 -0.083612021 0.309541 0.5
5.3580397 18.242496 -0.33194551 0.30093111 1.761874 0.5
19.552663 22.474808 -0.0057215397 0.021892726 4.731547 0.5
25.371501 11.361087 0.0040009121 0.0096064591 0.313065 0.5
8.0549139 25.425903 0.014100405 -0.023589371 0.087229 0.5
26.645833 11.667667 0.072256846 -0.039064773 5.713071 0.5
23.87415 13.255833 0.033931728 0.015406137 0.34983 0.5
14.955323 27.305791 -0.0057970427 0.063124498 2.015368 0.5
13.611982 6.967125 -0.098537566 -0.14119128 0.42176 0.5
10.574702 25.649417 -0.13296141 -0.05893464 5.580866 0.5
10.984313 2.7417601 -0.0024712169 -0.0035479056 4.066321 0.5
20.233327 23.534613 0.038583506 0.16914073 5.863794 0.5
4.6619377 6.4989252 0.0016124206 0.018397825 5.355125 0.5
23.008325 20.762673 -0.043055056 -0.05060069 5.404824 0.5
22.888958 4.6565923 0.024836361 -0.08801552 1.361005 0.5
10.987692 6.2124651 0.0072813099 0.027980839 5.19755 0.5
16.177155 23.050945 -0.029307236 0.078889676 5.853071 0.5
22.956561 12.455171 -0.0064094627 -0.009248353 2.830697 0.5
8.7502732 5.4760141 0.022262286 0.016078858 3.251414 0.5
1.4210161 10.146643 0.020130563 0.0048959639 3.305262 0.5
5.0498944 4.0401508 -0.0048941975 -0.0074661693 3.841898 0.5
19.55889 9.6473579 -0.032424293 -0.15014654 4.917041 0.5
18.959819 23.750687 0.032689502 0.00069160177 1.726803 0.5
6.0552837 10.899886 0.015741644 -0.013507214 2.534849 0.5
18.711131 21.521285 0.037594646 0.014142517 1.985571 0.5
20.635771 18.6345 -0.024772447 0.02581572 5.636684 0.5
9.3990678 20.475335 0.11291872 0.01660375 0.642493 0.5
3.8813775 5.5046013 0.026145616 0.0051455932 5.796573 0.5
25.211037 18.196075 -0.0029857095 -0.0043331843 4.738871 0.5
17.497535 21.173212 -0.036360603 -0.040275669 1.568073 0.5
18.042368 15.753949 -0.049048764 -0.020148087 2.749741 0.5
7.1273719 15.152223 -0.23395485 -0.52469983 1.171823 0.5
24.503964 15.421797 0.062026185 -0.00063475349 2.226958 0.5
26.753122 10.122394 0.099717049 0.040431651 1.548545 0.5
21.73464 7.4436535 -0.059869342 0.0051076142 3.653333 0.5
19.272175 12.219172 -0.01587626 -0.035736492 4.394256 0.5
9.9475009 8.26488 0.0081320561 0.024657513 0.605652 0.5
3.7555973 10.999742 0.052778651 -0.010700147 3.106146 0.5
21.995694 20.277547 0.078441611 -0.0081353626 3.095002 0.5
0.86664572 11.162623 -0.040881603 -0.052565552 1.841384 0.5
23.271169 10.80673 0.004201892 0.035450589 6.034028 0.5
6.9182257 6.3840538 0.013101851 -0.0099867637 1.857551 0.5
2.6002473 14.458883 0.04001798 0.037576417 1.702664 0.5
11.275476 8.5346026 0.015605409 0.0027147904 1.16125 0.5
23.483124 16.121393 0.044695024 0.03116744 4.720586 0.5
19.036923 18.451242 -0.038046956 -0.020751539 0.205718 0.5
8.8512149 18.304695 -0.029301449 0.012647116 5.820667 0.5
1.8753505 12.687491 -0.046889526 -0.13055899 3.894129 0.5
18.080109 16.885543 0.034771661 0.013401958 3.074393 0.5
8.8275643 1.6549998 -0.0064770797 -0.013770719 0.467747 0.5
12.603538 27.369862 0.27598597 -0.11072226 5.60533 0.5
13.764517 26.905929 -0.052941795 -0.017592869 6.227367 0.5
1.7632408 18.345714 0.014364166 -0.04159697 5.177094 0.5
5.1080657 21.033125 -0.005695862 -0.032820092 0.203779 0.5
20.824446 12.568538 0.040606059 -0.021078665 6.095105 0.5
9.2686657 13.467907 0.015626161 -0.015064763 5.150288 0.5
18.09259 11.62634 0.052600523 0.046700148 3.059892 0.5
14.960778 6.5532354 -0.0036917741 0.026678886 3.692189 0.5
20.353082 15.833506 -0.010434262 0.0016323473 3.246869 0.5
15.0988 20.747538 0.03548248 -0.0062663305 2.032293 0.5
14.105142 0.72796844 0.00050252236 -0.0036544216 6.136396 0.5
1.1105734 14.168618 0.0040271242 -0.0063526421 4.563161 0.5
25.749216 15.870018 -0.0039237619 0.054529305 5.916686 0.5
9.1778826 25.113379 -0.01579013 0.0064679994 1.344992 0.5
15.261784 22.355002 -0.037446962 -0.06620778 3.633442 0.5
18.517352 25.0531 0.0031230701 0.018215279 2.78777 0.5
19.124397 10.973074 0.025007917 -0.034956174 1.483056 0.5
24.065719 18.415551 -0.029067942 -0.083890181 0.879468 0.5
16.288109 27.178384 -0.0070552753 0.011837715 4.923104 0.5
22.841388 19.396647 0.14066137 0.02572247 5.350229 0.5
22.377047 21.802973 0.0019102774 -0.027923061 1.508644 0.5
20.810432 20.148221 0.070596166 -0.10730129 4.32761 0.5
10.329754 21.93456 -0.032346077 0.36831652 1.3724 0.5
20.677492 25.639534 0.055805048 0.054002947 2.64206 0.5
22.383062 14.782529 0.053593404 -0.099611588 2.466218 0.5
20.291398 21.668082 0.10838494 -0.068629912 0.69625 0.5
9.242935 9.7017302 0.0071136804 0.010934672 0.502972 0.5
8.1942687 8.098695 0.0054689426 -0.0074554986 4.066135 0.5
3.7385822 7.4869046 0.0043529703 0.0056209375 3.026607 0.5
6.2932678 12.695907 -0.024523805 -0.021877613 6.171553 0.5
21.186702 15.043136 0.026964972 -0.12984126 3.767955 0.5
17.558901 3.0026825 -0.0096467543 0.0056396595 5.349705 0.5
23.747287 5.6825935 -0.19566518 0.059106429 3.28374 0.5
3.0413293 18.777315 -0.057124723 -0.030678601 1.964272 0.5
22.756602 22.85281 -0.008461754 -0.067617711 1.170799 0.5
13.485538 9.8745066 -0.051992419 -0.0334737 0.802835 0.5
16.769453 3.8200716 -0.015558347 0.003298973 5.063896 0.5
11.854755 22.446855 -0.10658283 0.010495623 2.243796 0.5
22.379457 17.15863 0.083490286 -0.019174735 5.270568 0.5
10.069048 6.9468196 0.010019059 -0.0067676226 5.757172 0.5
12.637838 8.4935818 -0.012642215 0.019050994 5.271397 0.5
27.32556 15.291927 -0.042113468 -0.067736089 3.151318 0.5
23.964318 19.884798 0.033667142 0.017297476 0.221595 0.5
21.88209 15.950101 -0.0046579259 -0.071106146 1.510648 0.5
4.5067907 23.08663 0.0088819932 -0.031052916 5.29405 0.5
14.057725 25.750218 -0.0065283815 0.02981124 2.737677 0.5
26.299081 14.782553 -0.038186972 -0.070305607 4.134415 0.5
15.22977 26.188314 0.0033517835 -0.017917606 1.432456 0.5
7.3401845 18.640428 -0.21196346 -0.19017527 2.840655 0.5
2.0377693 15.873626 0.017790579 -0.030205999 2.899005 0.5
11.72036 23.708717 -0.027545333 0.12489137 4.137855 0.5
19.982931 6.7831498 -0.026208009 -0.066161274 1.992807 0.5
19.833361 19.493987 -0.057764325 0.1385079 0.375558 0.5
20.895558 24.441135 0.026536822 -0.0011121014 0.629977 0.5
17.716417 23.859414 0.040929567 0.019311205 5.301885 0.5
11.47807 26.619865 -0.068441833 0.045882481 1.197725 0.5
19.720717 24.703055 0.1196649 0.10123946 2.939026 0.5
8.0469875 4.400213 0.024033207 -0.011018401 3.912909 0.5
5.0884203 15.135756 -0.013658058 -0.025779384 3.115045 0.5
23.869916 23.121452 0.1133368 -0.037764709 1.662001 0.5
21.061098 17.096708 0.097196631 0.01044195 0.131507 0.5
