# x y vx vy theta radius
8.4964132 14.923816 -0.23074709 0.94411685 1.3546032 0.5
19.699224 26.16856 0.013135693 0.00013689984 1.764168 0.5
9.2926232 22.228231 0.012417958 -0.031408487 3.951996 0.5
10.40064 9.5109619 0.23357568 -0.15020777 4.259518 0.5
6.826005 24.305058 0.0035228503 -0.03465828 1.882067 0.5
22.669531 22.74287 -0.0012674183 0.010317286 0.92276 0.5
20.821034 25.488983 0.017325559 -0.025990658 4.981497 0.5
14.218641 22.432399 -0.066324934 -0.010032165 0.663689 0.5
6.6058373 15.270706 -0.29105429 -0.045142558 4.599871 0.5
18.622569 11.262617 -0.017330431 -0.012892295 3.315122 0.5
15.548891 20.496678 -0.014368763 -0.012506747 5.224588 0.5
14.068788 24.906234 0.0071742124 0.034953397 4.739779 0.5
13.115902 26.109932 0.066547346 -0.016625715 0.624425 0.5
24.482473 17.694738 0.025470084 -0.0010838683 0.734434 0.5
14.567509 10.320336 0.034377738 -0.019761294 4.989084 0.5
20.865383 21.349794 0.00099403412 -0.011031368 2.508867 0.5
11.749193 27.133416 -0.037669954 0.0032981515 5.939565 0.5
22.006617 11.078248 0.0024256441 -0.019757232 0.028815 0.5
18.84919 21.314761 -0.00080559578 -0.046198344 3.449449 0.5
20.766059 11.834831 -0.018917404 -0.027281855 0.592282 0.5
8.9882953 21.003281 -0.0030413134 0.0052406882 6.045768 0.5
21.81438 14.10988 0.017024406 -0.022650921 0.890473 0.5
14.204852 23.611191 -0.0089823155 0.011108644 2.353219 0.5
4.968368 20.547524 -0.037962519 -0.049953859 1.672869 0.5
15.327234 21.845192 0.048732831 -0.013095448 4.21507 0.5
16.568859 21.220685 0.0040702188 0.025057942 0.4829 0.5
23.524358 13.859558 -0.0079697725 0.017155068 6.274711 0.5
20.917547 19.05874 -0.025773684 -0.026101198 1.301021 0.5
18.910661 10.129383 -0.0042550305 -0.020412365 3.538852 0.5
9.6618415 18.942306 -0.11537402 0.059672831 1.72413 0.5
24.720449 22.063204 0.0013983443 0.016864304 0.779811 0.5
8.3446737 10.587771 -0.078318341 -0.013359656 1.209651 0.5
13.442481 21.347904 -0.053616724 -0.051491315 5.377079 0.5
22.236121 17.276511 -0.021929266 -0.035669927 3.122843 0.5
6.1839717 10.194605 -0.019931828 -0.052196583 4.105439 0.5
14.217026 13.843584 -0.014179282 -0.013115109 2.246795 0.5
19.802598 24.831511 0.0037721006 -0.0015394929 3.468535 0.5
12.190136 25.26496 -0.017722556 0.0045053391 5.532293 0.5
7.2069056 12.345374 0.21484453 -0.091632714 0.531572 0.5
8.3767759 18.27217 -0.096110887 0.098175097 5.261584 0.5
21.928303 23.708743 0.018191083 -0.0027934226 0.040113 0.5
27.110743 12.723159 0.00085109965 -0.055115899 4.576591 0.5
17.586626 12.107802 0.0073922337 -0.0050161468 0.209824 0.5
13.672562 27.136274 -0.04268631 0.0053497335 1.770879 0.5
27.202996 16.390545 -0.0071209515 -0.04798486 4.791815 0.5
1.4707022 12.808722 -0.084976794 -0.03101742 2.522673 0.5
10.872315 21.240073 -0.024782873 0.0026405825 3.232151 0.5
24.448965 8.3521048 -0.00029730219 0.00030939863 0.943125 0.5
12.997106 8.3582555 0.027610728 -0.012884685 1.031271 0.5
17.264908 27.03764 0.058736812 0.016988304 1.523797 0.5
10.429418 3.6433499 -0.0030219334 -0.0017757097 1.787492 0.5
2.9447665 8.8928889 0.04458481 -0.26799867 3.056837 0.5
17.401264 15.753192 0.015113516 -0.016892324 3.332967 0.5
26.098189 13.40636 -0.086536764 -0.0013564381 3.889918 0.5
11.737428 16.335197 0.093377559 0.039844986 1.775857 0.5
4.2222561 6.1367382 0.092683222 -0.051711026 4.33857 0.5
24.745278 20.065134 0.031830848 -0.019942012 2.652322 0.5
24.193071 14.812669 -0.032307869 -0.0085724675 1.360759 0.5
25.443436 9.8360832 0.019851895 -0.039506062 1.350476 0.5
13.774989 17.31418 0.010317913 -0.035425436 3.139709 0.5
24.650519 6.8271473 -0.014928002 -0.017030061 3.877928 0.5
7.2131628 21.785888 0.021729105 -0.016677855 4.111005 0.5
14.833781 11.584362 -0.010833121 -0.062439316 4.354529 0.5
24.821761 11.944938 -0.020567389 -0.014394464 1.958136 0.5
11.882362 8.4467081 0.0051038841 -0.090403258 1.935129 0.5
27.139029 11.543275 -0.017035916 -0.064710724 0.983243 0.5
14.331341 26.181543 0.0012287745 -0.052024071 4.524452 0.5
22.093183 18.527322 -0.0083345269 0.013343906 4.628506 0.5
17.728002 22.048973 0.031461352 0.0052663481 4.619789 0.5
17.752203 23.512988 0.040212324 -0.0052203974 6.246698 0.5
13.18547 24.165798 0.027282266 -0.051884145 2.597917 0.5
18.737821 25.390455 -0.027994679 0.057476218 5.540445 0.5
23.808393 22.799826 0.088896163 -0.014072614 1.135786 0.5
4.7332717 8.0123196 0.16524234 0.34567676 0.649744 0.5
9.401353 11.823727 0.19231459 0.053944574 4.647872 0.5
15.893399 17.635785 -0.023620346 -0.019203935 3.116928 0.5
26.446534 14.489595 -0.010815059 -0.0064515798 1.058365 0.5
17.066114 9.8343381 -0.0017562781 -0.018102396 1.223223 0.5
19.82027 23.638318 -0.0069426445 0.01629357 6.185729 0.5
23.788997 11.465062 -0.019323999 -0.021739695 5.03693 0.5
24.072049 21.104594 0.033814313 0.0099667724 0.158334 0.5
11.10497 15.214743 0.15858909 0.14644836 0.09489 0.5
9.9396 5.6866736 0.6167836 -0.30667717 3.182579 0.5
20.709379 14.573638 -0.016728091 -0.037495692 5.999337 0.5
23.050034 23.807053 0.022980122 0.0098651689 0.712677 0.5
15.464196 24.168879 -0.0041360241 0.01699508 1.70588 0.5
1.2321372 10.533953 0.16995854 0.18880937 5.092516 0.5
18.486777 15.389129 0.026336984 -0.019637322 0.506989 0.5
19.942837 18.404441 0.0065340028 0.0025648376 4.452103 0.5
18.95609 18.945261 0.0036167683 -0.05686809 3.429354 0.5
11.542847 22.908321 0.02358537 -0.073993259 5.942963 0.5
21.180209 17.799325 -0.0052083994 0.023346464 2.062723 0.5
23.115706 19.318819 0.0042290753 -0.0099040153 2.598321 0.5
24.745934 16.594576 -0.00056878251 -0.042914699 6.159219 0.5
25.912645 20.142253 0.0057627432 -0.014261689 1.488917 0.5
19.130183 17.212836 -0.02302057 -0.034149408 1.927238 0.5
21.803959 24.881229 0.042787068 0.048722828 3.98558 0.5
15.149077 16.775154 0.019456645 -0.043857457 3.515453 0.5
7.7966082 20.745607 -0.064117456 0.022479824 3.362574 0.5
8.5791957 25.85149 -0.040223353 0.010539644 2.617045 0.5
16.574364 14.200793 0.057889979 -0.099785897 4.416501 0.5
10.442155 19.95599 0.054073542 0.12118624 2.357123 0.5
18.860597 20.129859 -0.0085181548 0.0046706073 0.027213 0.5
11.926571 12.330619 -0.13697303 -0.093282351 3.270335 0.5
17.619272 14.606712 0.0086695602 -0.0056309315 5.133302 0.5
21.857974 6.4185503 -0.0004288807 -0.00093806841 4.163048 0.5
4.0319812 21.49236 0.050011157 -0.00085752541 3.93618 0.5
15.1284 6.5995145 0.013395295 -0.014471833 5.951127 0.5
23.126699 18.075207 -0.019564171 -0.0059397162 4.082451 0.5
20.166294 7.8166618 -0.0012415348 -0.0012040231 1.780305 0.5
23.872423 9.4845611 0.0029061743 -0.029972099 2.847882 0.5
25.849653 16.843827 -0.0080171209 -0.0023630268 1.767937 0.5
20.92518 10.37418 0.007421717 -0.0024754591 0.00135 0.5
27.384141 15.105089 0.0022248096 -0.016496075 5.312468 0.5
24.989468 13.126582 0.029413532 -0.014819653 0.320289 0.5
23.091305 21.647372 0.020923791 -0.038906654 0.581132 0.5
16.814083 8.4922423 0.02031548 -0.018024525 3.087421 0.5
10.877893 7.3086201 0.29229612 -0.8510576 3.560403 0.5
10.501261 17.001082 0.083883074 -0.0024563454 0.555117 0.5
19.854388 20.768996 -0.010736828 -0.012314768 6.220608 0.5
25.793297 7.8777479 -0.014337522 -0.019531056 5.652715 0.5
10.13033 13.086036 0.72414218 -0.49771063 0.827952 0.5
11.578205 20.118018 0.042787458 0.038065546 1.054048 0.5
21.303797 16.633715 0.0025099992 -0.0075413753 0.319962 0.5
11.258149 13.506008 0.44860271 -0.037202591 2.464344 0.5
17.331615 10.997588 -0.022246823 -0.023327885 3.780782 0.5
13.105632 22.698376 0.0037037337 -0.0091866253 0.745414 0.5
24.15081 18.825668 -0.02039437 -0.043377513 3.348875 0.5
15.216592 23.044597 0.0065473749 -0.030731811 5.365761 0.5
20.033407 9.5897877 -0.020692241 -0.016019045 0.445642 0.5
14.753753 19.249193 -0.0063819441 -0.0049495179 2.979068 0.5
20.859171 20.213362 0.00053331198 -0.023112394 2.813895 0.5
7.9752621 23.992845 0.01199896 -0.06149502 4.039246 0.5
16.126742 13.14928 -0.019946571 -0.022392957 4.602055 0.5
25.271127 14.234827 -0.0096353783 -0.015478091 1.676583 0.5
18.530921 12.892631 0.0025312394 -0.027854874 1.207935 0.5
7.8062849 4.8986849 0.69465885 -0.25556183 6.164191 0.5
16.662313 24.096694 -0.015762451 0.012543786 1.491784 0.5
26.045514 12.238287 0.014324234 -0.032591717 6.269379 0.5
19.510149 12.103809 0.029415234 -0.031098202 0.35856 0.5
20.507884 15.789125 -0.0039463077 -0.020399662 0.326238 0.5
15.911466 15.928322 -0.0094663965 0.0013372641 1.608548 0.5
6.0092201 19.759997 0.018081458 -0.0632981 2.616667 0.5
10.724812 11.999277 -0.029919494 -0.032882255 0.410672 0.5
6.7935386 18.143438 -0.038816171 -0.0023741905 3.210668 0.5
5.834241 5.7235756 0.0097040246 0.058911416 0.309541 0.5
8.9742213 8.3400997 0.10476292 -0.29011006 1.761874 0.5
14.943704 27.368134 0.0028277598 -0.073611713 4.731547 0.5
24.558624 10.649884 0.026911003 -0.050364579 0.313065 0.5
10.43677 26.754189 -0.0041584693 0.02560787 0.087229 0.5
26.262891 15.729054 -0.013886614 -0.028687205 5.713071 0.5
12.020847 23.984844 0.041971765 -0.023611969 0.34983 0.5
8.7462614 12.913475 0.17021458 0.096279325 2.015368 0.5
12.680725 20.503165 0.0086374125 -0.059872489 0.42176 0.5
23.708507 12.642279 0.015239588 -0.058827853 5.580866 0.5
7.3336664 25.507372 -0.0032943048 -0.040735717 4.066321 0.5
14.489519 12.7242 -0.0014312728 -0.072275609 5.863794 0.5
12.470341 11.289246 0.034559098 -0.097833121 5.355125 0.5
20.861706 13.337451 0.00040156462 -0.0094337057 5.404824 0.5
7.3700357 7.8559149 -0.044946073 -0.70767023 1.361005 0.5
22.6104 16.00906 0.034835707 -0.033443453 5.19755 0.5
11.154919 18.873595 0.0034673747 -0.073075578 5.853071 0.5
21.651635 15.364493 0.008756334 -0.0095266582 2.830697 0.5
15.65897 14.823314 0.09423083 0.0014288808 3.251414 0.5
12.042182 21.791153 -0.045829566 -0.044033551 3.305262 0.5
15.905703 9.1698878 0.027497115 -0.029781634 3.841898 0.5
25.981488 11.043688 0.032452754 -0.039756365 4.917041 0.5
21.662813 12.550463 -0.0026656089 -0.072442809 1.726803 0.5
12.792589 18.942835 0.14943378 -0.036703653 2.534849 0.5
16.168044 18.827856 -0.0034854159 -0.042989154 1.985571 0.5
22.947099 4.8635923 -0.00089443093 -0.00039091766 5.636684 0.5
21.623805 22.265639 0.0035353646 -0.037126117 0.642493 0.5
14.782231 17.866856 0.0033184898 -0.036473629 5.796573 0.5
6.59221 23.03687 0.068676089 0.0015621053 4.738871 0.5
2.1212405 9.7961299 -0.20859719 -0.049320788 1.568073 0.5
20.005662 22.226659 -0.00014635535 0.004372133 2.749741 0.5
19.397706 16.075109 0.03911728 0.00032224964 1.171823 0.5
11.32565 10.685062 0.029177265 0.0056291741 2.226958 0.5
12.241463 14.82366 0.13446646 -0.12210338 1.548545 0.5
18.102222 16.645488 -0.0053639185 0.010775846 3.653333 0.5
17.874394 8.9595701 0.013868764 -0.020514725 4.394256 0.5
15.544717 8.1108719 -0.0040868564 -0.052088749 0.605652 0.5
25.568415 17.993044 0.0074743514 -0.010508195 3.106146 0.5
21.327909 8.7819033 -0.0031931232 -0.012569277 3.095002 0.5
18.818415 22.852692 -0.0081740917 -0.021095458 1.841384 0.5
26.783563 17.675216 0.039077375 -0.03032923 6.034028 0.5
17.761081 24.673553 0.03914931 -0.024099727 1.857551 0.5
22.670507 11.979202 0.0049854868 -0.001298033 1.702664 0.5
19.733979 10.984999 0.0092267382 -0.028383107 1.16125 0.5
12.94375 13.227617 0.034252776 0.011380566 4.720586 0.5
14.19353 8.8774783 -0.0023676277 -0.02493608 0.205718 0.5
21.930124 20.993727 -0.019129818 -0.012884159 5.820667 0.5
5.8302565 16.738836 -0.018491015 -0.15723917 3.894129 0.5
13.280671 14.47757 0.41314776 -0.16136426 3.074393 0.5
23.763009 15.886081 0.033855065 -0.038724488 0.467747 0.5
26.489639 9.3846016 0.0035289338 -0.011878989 5.60533 0.5
18.614672 26.608318 0.044449985 -0.017145875 6.227367 0.5
19.136906 8.7996368 -0.0064931185 -0.012798267 5.177094 0.5
18.807769 24.187019 0.038943772 -0.010710727 0.203779 0.5
17.669637 19.298691 -0.0013668717 -0.016917327 6.095105 0.5
14.401198 15.447024 0.03765041 0.12765391 5.150288 0.5
26.924296 10.432125 -0.018462549 -0.056005523 3.059892 0.5
18.640968 14.084987 0.010697456 -0.034738578 3.692189 0.5
22.489446 8.2261827 -0.00098749351 -0.00093995955 3.246869 0.5
26.372729 18.778612 0.010576412 0.0012492774 2.032293 0.5
18.19083 18.030226 0.011090338 -0.0024915186 6.136396 0.5
25.292158 19.081841 -0.00039407525 -0.026478131 4.563161 0.5
10.889362 24.563272 0.033163053 0.061024076 5.916686 0.5
6.6880059 6.900111 -0.065628036 -0.11686757 1.344992 0.5
9.8466083 25.729101 -0.017573286 -0.025299766 3.633442 0.5
20.895657 24.207357 0.035143127 0.011366687 2.78777 0.5
16.685838 25.337323 -0.0026693279 -0.036779428 1.483056 0.5
23.174402 10.373702 -0.02517159 -0.028850265 0.879468 0.5
22.587727 13.215314 0.010440491 -0.034661331 4.923104 0.5
19.896966 19.556287 -0.02405403 -0.017906227 5.350229 0.5
5.1584584 21.809261 0.005229639 -0.041051265 1.508644 0.5
22.787968 14.804643 0.019178876 -0.0097777986 4.32761 0.5
16.995663 17.980522 0.033276276 -0.018610312 1.3724 0.5
5.3273645 23.797188 -0.030638558 0.011266744 2.64206 0.5
13.662559 11.074778 -0.0254584 -0.013622827 2.466218 0.5
12.487902 17.448574 -0.028325326 -0.056420216 0.69625 0.5
15.946934 10.909795 0.014634879 -0.058991966 0.502972 0.5
10.274498 23.18484 -0.02317602 -0.065882864 4.066135 0.5
19.423215 3.4140954 -7.974765e-05 0.00020460342 3.026607 0.5
9.3641939 24.251803 0.01323709 -0.053459801 6.171553 0.5
16.659859 22.601368 -0.021975011 0.0060900299 3.767955 0.5
21.940312 19.640568 0.020607825 -0.041347771 5.349705 0.5
8.2861673 16.059693 0.025503192 0.99596461 3.28374 0.5
16.800905 20.108634 -0.00078540808 0.013421786 1.964272 0.5
13.038854 16.453282 0.044512534 -0.04002898 1.170799 0.5
13.884384 7.3095697 -0.006389318 -0.017994635 0.802835 0.5
8.5457813 9.3891214 -0.090443846 -0.039414382 5.063896 0.5
17.756885 20.748303 0.016912046 -0.010636504 2.243796 0.5
13.35778 12.1818 0.015911013 -0.094484021 5.270568 0.5
15.207038 25.444935 -0.002235466 -0.0086645592 5.757172 0.5
25.286931 21.092921 0.0020100994 -0.019170529 5.271397 0.5
19.691585 13.472666 0.020050797 -0.01250054 3.151318 0.5
9.5853177 10.508797 0.20529949 -0.096394649 0.221595 0.5
18.266985 6.2999289 -0.00034572499 -0.0010895469 1.510648 0.5
16.140662 26.74644 0.009729708 -0.047073858 5.29405 0.5
23.396819 16.95569 0.0025543919 0.0024906751 2.737677 0.5
22.984141 20.502729 -0.011750777 0.027933194 4.134415 0.5
20.845494 23.072516 0.038367146 -0.053073461 1.432456 0.5
17.460407 13.4959 -0.015980133 -0.04728972 2.840655 0.5
16.330447 11.97368 0.0028612984 -0.02503159 2.899005 0.5
17.669024 25.887527 -0.022673267 0.043820662 4.137855 0.5
16.754666 16.881725 0.0045435054 -0.00051607042 1.992807 0.5
25.102537 15.485705 0.0018189069 -0.052049813 0.375558 0.5
19.528384 14.935304 0.024753886 -0.068523934 0.629977 0.5
27.436338 13.896615 0.0080575038 -0.040663498 5.301885 0.5
8.7686659 6.2084195 -0.0044845895 -0.019325732 1.197725 0.5
11.228585 25.934768 -0.045011241 0.0074103296 2.939026 0.5
16.829094 5.9188001 -0.00064740815 -0.0011926633 3.912909 0.5
20.277145 17.102952 -0.014597826 -0.061805437 3.115045 0.5
21.988466 9.7993222 0.017673829 -0.024699996 1.662001 0.5
9.8478852 15.133877 0.69721731 0.41184962 0.131507 0.5
