# x y vx vy theta radius
15.510935 24.510741 -0.52636027 0.18843654 0.98231884 0.5
16.644325 3.5822609 0.017807356 0.0072096312 1.764168 0.5
11.940902 12.722046 0.0023043919 0.0054046156 3.951996 0.5
16.490776 15.602792 0.015861865 -0.17030077 4.259518 0.5
26.730161 11.170042 -0.0012674993 0.0013748711 1.882067 0.5
18.70855 17.236559 0.051254947 0.00045086829 0.92276 0.5
6.0983976 9.1047624 0.014391521 -0.00045794974 4.981497 0.5
14.191778 18.153677 -0.054646105 -0.038787532 0.663689 0.5
17.162423 6.0047511 -0.0019784339 0.007153244 4.599871 0.5
19.505699 7.7244838 -0.0018494289 0.011681559 3.315122 0.5
18.48892 1.670936 0.016579369 0.003630083 5.224588 0.5
4.2518639 8.0010059 -0.011086524 0.015466996 4.739779 0.5
19.349418 23.517237 0.054807908 -0.064295058 0.624425 0.5
17.651297 19.357846 -0.14811123 -0.31044203 0.734434 0.5
19.393676 8.8520844 -0.011076913 0.0077393782 4.989084 0.5
19.610781 17.935582 0.086558838 -0.080947738 2.508867 0.5
18.767163 14.324712 -0.0066546334 0.00049049387 5.939565 0.5
7.2820685 9.4148921 -0.0082012234 -0.006989677 0.028815 0.5
13.544396 1.7899182 0.0014449571 -0.00032545644 3.449449 0.5
17.119582 22.155241 -0.090601285 0.005245511 0.592282 0.5
3.362415 12.077885 -0.0053915885 -0.017678787 6.045768 0.5
17.508685 25.25418 -0.043788238 -0.21391587 0.890473 0.5
22.815896 24.135255 0.2594727 -0.050514338 2.353219 0.5
21.153157 18.653817 0.039640951 -0.13271187 1.672869 0.5
6.9108428 10.517274 -0.01038355 0.0084939028 4.21507 0.5
11.972395 24.624132 -0.14911181 -0.086585015 0.4829 0.5
12.893826 5.7608419 -0.0072166449 -0.0073912534 6.274711 0.5
21.366018 4.7641902 -0.011999126 -0.0040046107 1.301021 0.5
27.408982 14.28261 0.0058160152 0.00044273633 3.538852 0.5
22.116217 14.876913 -0.023275748 -0.10960305 1.72413 0.5
13.462125 6.8079032 -0.0058090313 -0.00085017439 0.779811 0.5
12.735418 18.797691 0.016900523 -0.31851403 1.209651 0.5
23.851524 23.086626 0.1886065 0.099054321 5.377079 0.5
22.210707 18.259217 0.017678172 -0.1257707 3.122843 0.5
4.542275 6.0307099 -0.0079479589 0.0127425 4.105439 0.5
25.837051 14.708614 -0.0031787681 0.0040703524 2.246795 0.5
20.993044 25.36983 0.0025703994 0.010752204 3.468535 0.5
4.2722159 17.878189 -0.047386904 -0.20360942 5.532293 0.5
20.759263 7.5216808 0.0082278283 0.0025271474 0.531572 0.5
10.271904 4.1592242 0.003215989 0.0019690174 5.261584 0.5
20.795664 21.482676 0.027433735 -0.021918866 0.040113 0.5
18.913112 15.554583 -0.00054898681 0.00032570088 4.576591 0.5
14.222131 27.227084 0.02611402 0.085928256 0.209824 0.5
7.1125913 16.1879 0.0031951828 -0.0054275065 1.770879 0.5
21.783476 19.584872 0.0021165696 -0.20210169 4.791815 0.5
22.744508 12.789512 -0.009934114 0.006278369 2.522673 0.5
22.649715 23.006418 -0.00256037 -0.091928293 3.232151 0.5
18.862016 19.789287 0.15082541 -0.08535312 0.943125 0.5
5.2526077 3.7978693 0.0014389649 -0.0028585707 1.031271 0.5
18.22048 10.892468 -0.0096899199 0.0025626019 1.523797 0.5
16.926069 26.723455 -0.18133318 0.13782212 1.787492 0.5
18.491666 21.109157 -0.075527309 -0.21271455 3.056837 0.5
19.854946 13.880383 -0.00067240682 0.0021451548 3.332967 0.5
20.457329 9.6453404 -0.0062881979 0.0089531428 3.889918 0.5
13.044755 0.68221228 0.005168961 0.0092134181 1.775857 0.5
13.249969 11.001996 0.013720197 0.0034892618 4.33857 0.5
17.617158 15.082255 0.012947581 -0.051586795 2.652322 0.5
14.38698 12.196504 0.00075621791 0.0032254069 1.360759 0.5
8.6533412 3.1054926 -0.011733656 0.023004389 1.350476 0.5
3.392238 5.8306462 0.00069613955 -0.00087104385 3.139709 0.5
11.636349 18.058416 -0.04065285 -0.24136836 3.877928 0.5
8.6784008 6.1964009 -0.010841472 -0.0010479153 4.111005 0.5
15.66714 2.4080299 0.0033266186 0.0018216095 4.354529 0.5
21.005434 14.384251 -0.057350392 -0.025105243 1.958136 0.5
20.132262 4.9379526 0.0017389629 0.0035803802 1.935129 0.5
18.369814 24.386278 0.32854442 -0.17384287 0.983243 0.5
24.685835 8.1930263 0.0019851219 -0.00090341328 4.524452 0.5
4.8019593 14.853105 0.019656703 0.032922121 4.628506 0.5
21.533929 22.578645 -0.12102114 -0.14803986 4.619789 0.5
7.9740911 7.0895901 -0.00050036268 0.0031574013 6.246698 0.5
2.7719867 9.2479447 -0.0055164244 0.00011841889 2.597917 0.5
27.036746 16.651065 -0.0020362617 0.0043909044 5.540445 0.5
23.349011 18.294591 0.25194485 -0.10100296 1.135786 0.5
15.388862 10.099264 0.0061132999 0.0024748537 0.649744 0.5
12.87865 2.703123 0.011747303 -0.0022298519 4.647872 0.5
21.23877 5.8961 1.5734408e-05 -0.0040109744 3.116928 0.5
5.2836118 19.731768 -0.035820952 -0.084838595 1.058365 0.5
17.986122 12.227803 0.00090177859 -0.00059644053 1.223223 0.5
19.225997 12.740932 -0.0022910254 -0.0022215629 6.185729 0.5
24.851303 15.690368 -0.006919013 -0.024780159 5.03693 0.5
15.216064 15.702528 -0.13505156 -0.011978255 0.158334 0.5
26.013294 12.196708 -0.0065651766 0.0017311011 0.09489 0.5
19.674265 11.13173 -0.00068441495 0.00076705815 3.182579 0.5
10.111186 7.1309424 0.010142648 0.0091779808 5.999337 0.5
15.978898 21.50487 -0.15581928 -0.077370944 0.712677 0.5
22.904346 19.596648 0.051362737 0.012081348 1.70588 0.5
7.3244012 24.295229 0.05470752 -0.054491627 5.092516 0.5
19.247659 22.015105 -0.016880727 -0.034897735 0.506989 0.5
8.736752 8.9844993 -0.0013770553 0.003387631 4.452103 0.5
11.377603 26.181559 -0.10256815 -0.015877119 3.429354 0.5
15.981954 7.7503303 0.0063244754 0.011191095 5.942963 0.5
2.9314654 16.688782 -0.0031850803 -0.02130186 2.062723 0.5
16.826881 12.994197 -0.00068178185 -0.0020680581 2.598321 0.5
1.6166201 9.7470855 -0.0090116701 -0.0069500199 6.159219 0.5
25.131657 16.774738 -0.0041059245 -0.0043831023 1.488917 0.5
6.0914865 15.014182 -0.0085593487 0.023502017 1.927238 0.5
23.376132 11.682452 -0.0052159402 -0.0037824554 3.98558 0.5
14.989919 7.1438708 0.007225661 0.0044798841 3.515453 0.5
12.874772 8.3277892 0.0037814181 0.0059986322 3.362574 0.5
13.400015 15.967965 0.015400928 -0.082345959 2.617045 0.5
17.173111 23.76756 0.30823267 -0.10758359 4.416501 0.5
13.389511 17.302546 0.0067818562 -0.0090286778 2.357123 0.5
4.0954602 4.9244024 -0.0020992055 0.020615122 0.027213 0.5
25.986252 19.978218 0.07621722 -0.20033649 3.270335 0.5
22.60393 10.366564 -0.0067641372 0.0022670967 5.133302 0.5
6.33482 4.0928147 0.006728564 0.0055332869 4.163048 0.5
18.156874 26.721659 0.21677982 0.14135527 3.93618 0.5
11.997484 16.036289 -0.10497817 -0.2051451 5.951127 0.5
2.6414827 13.503973 0.029543149 -0.0028717502 4.082451 0.5
15.428035 18.186768 -0.024218527 -0.024505806 1.780305 0.5
22.490874 4.1603067 -0.00020129302 -0.0016789081 2.847882 0.5
13.85497 3.2563502 0.0060892349 0.0045463692 1.767937 0.5
14.224146 25.285416 -0.70859964 0.010161237 0.00135 0.5
16.050103 6.2574385 -0.0050080758 0.0052802844 5.312468 0.5
10.06837 21.745802 -0.072651774 -0.0073511267 0.320289 0.5
7.4577318 3.6378268 -0.0014746903 -0.0035211214 0.581132 0.5
23.537398 21.971344 0.034459894 -0.038807019 3.087421 0.5
18.750296 25.592001 -0.24891787 -0.17221872 3.560403 0.5
15.049821 8.9233939 -0.0063197599 -0.00044497511 0.555117 0.5
8.873867 4.424212 -0.0049468284 -0.001283202 6.220608 0.5
3.8748328 10.78228 -0.0050414283 0.00042029948 5.652715 0.5
6.6559806 5.1678056 0.003586226 0.011295216 0.827952 0.5
21.437445 8.5659942 0.011928241 0.0050177743 1.054048 0.5
21.825357 24.608574 0.10433963 -0.28067971 0.319962 0.5
19.815809 19.204612 -0.0058644316 -0.018221499 2.464344 0.5
10.964489 19.687372 -0.052991818 -0.03524733 3.780782 0.5
18.558427 6.9453843 0.0026122274 0.0057844194 0.745414 0.5
5.8538201 16.64155 0.026563466 -0.033950217 3.348875 0.5
14.845553 1.2910454 -3.3479608e-05 -0.0071856287 5.365761 0.5
17.60236 4.3275055 0.0073006528 -0.0064464966 0.445642 0.5
9.6501308 20.472177 0.025760398 -0.029178394 2.979068 0.5
20.596145 12.675484 0.00074842849 0.0066465253 2.813895 0.5
9.9525985 3.0082223 0.0038240095 -0.0045797938 4.039246 0.5
20.648562 23.636807 -0.21497775 0.07756561 4.602055 0.5
11.246283 2.7777553 0.00090029609 -0.001094374 1.676583 0.5
14.652863 4.4180145 0.0088828142 -0.010570858 1.207935 0.5
21.576253 13.345643 0.088551825 -0.18475835 6.164191 0.5
17.709436 9.3255028 1.9748672e-05 -0.0012437364 1.491784 0.5
20.984564 11.174915 -0.0057354665 -0.0023007171 6.269379 0.5
24.171994 19.100417 0.027505855 -0.0084281017 0.35856 0.5
10.347986 1.7789605 -0.00046416196 -0.0027584522 0.326238 0.5
26.021215 15.827438 0.0034197012 -0.0019944915 1.608548 0.5
14.405527 6.1146888 0.0058202177 0.00085762807 2.616667 0.5
19.847607 6.6288518 -0.0013046343 0.002394582 0.410672 0.5
11.008683 15.483015 -0.0023848691 0.0097344824 3.210668 0.5
24.604673 22.184367 0.14506789 -0.090195148 0.309541 0.5
21.9064 7.2976366 -0.00038341001 -0.002975537 1.761874 0.5
21.594846 9.7461147 -0.0017205604 -0.0070300375 4.731547 0.5
23.583266 4.9505019 0.0026292936 7.1526425e-05 0.313065 0.5
6.3297558 6.4515419 -0.0019076939 -0.005612942 0.087229 0.5
25.361457 13.254257 -0.0022211334 0.00076261404 5.713071 0.5
17.775845 16.308117 -0.19432866 -0.23495887 0.34983 0.5
2.4504019 17.711356 0.021829527 -0.17335923 2.015368 0.5
27.086704 15.373711 -0.0028346297 0.0013741719 0.42176 0.5
16.496841 17.089515 0.050676174 -0.0057844624 5.580866 0.5
3.7299417 6.9982033 -0.014030902 -0.008904869 4.066321 0.5
18.934527 3.0320853 -0.0097429787 0.0049655579 5.863794 0.5
12.910673 20.02837 -0.0099169453 -0.04340013 5.355125 0.5
22.415512 21.708436 0.21360392 -0.16106298 5.404824 0.5
22.116444 11.663079 0.00064211178 0.0015291767 1.361005 0.5
26.527031 13.483797 0.00076444125 -0.0024945282 5.19755 0.5
20.906224 17.508543 -0.045057035 -0.20149686 5.853071 0.5
18.370852 5.3053412 0.0062032963 0.0027487743 2.830697 0.5
10.323443 9.65303 -0.00071656328 -0.0031680554 3.251414 0.5
2.0759111 11.778922 -0.0065896798 0.0018155218 3.305262 0.5
5.0930811 10.461599 -0.012061622 0.0048182966 3.841898 0.5
25.379013 21.135558 0.040371485 -0.002861422 4.917041 0.5
17.44726 18.175177 0.041847429 -0.31132708 1.726803 0.5
4.071891 13.225601 0.02866125 -0.010913107 2.534849 0.5
2.1016105 19.344242 0.061082217 -0.10382325 1.985571 0.5
26.251501 9.4291115 -0.00063415531 0.00018895088 5.636684 0.5
14.02039 23.969932 -0.15261995 -0.23654987 0.642493 0.5
16.015662 0.9812021 -0.0027751062 -0.007580067 5.796573 0.5
10.313859 11.543911 0.018381587 -0.0038124639 4.738871 0.5
19.890656 26.056206 0.53230666 -0.031276949 1.568073 0.5
25.902672 8.2965499 -0.00025519788 0.00075028898 2.749741 0.5
20.590831 2.7310836 -0.0011520166 0.0075380984 1.171823 0.5
16.927201 14.206341 -0.024122453 -0.035345426 2.226958 0.5
10.632518 5.8485438 0.010369468 -0.0011591965 1.548545 0.5
10.242189 8.53157 0.001378878 0.0036679347 3.653333 0.5
6.8243743 7.6502803 0.0092795016 -0.0076538877 4.394256 0.5
22.426723 15.956722 0.27758835 -0.10348858 0.605652 0.5
23.336695 16.896078 0.14956785 -0.044494954 3.106146 0.5
26.477367 18.833373 0.14182698 0.01596402 3.095002 0.5
6.5496787 19.926342 -0.049090712 -0.18087125 1.841384 0.5
1.9836508 8.1120548 -0.0051516509 -0.0057442156 6.034028 0.5
12.065935 1.6467429 0.0055953618 0.0014507215 1.857551 0.5
13.179829 12.866201 0.00402801 0.0029955986 1.702664 0.5
24.405621 17.944197 0.036690621 -0.041412792 1.16125 0.5
16.827928 10.73264 0.0016433697 0.0033579288 4.720586 0.5
14.738964 19.141384 -0.12116769 -0.14645706 0.205718 0.5
23.939938 12.915166 -0.0023235598 -0.0041021698 5.820667 0.5
5.3761633 8.2299121 -0.0076094401 0.00033037709 3.894129 0.5
9.0572103 7.8133016 -0.0068677395 0.016632007 3.074393 0.5
27.283132 12.581198 -0.003190247 -0.0038330591 0.467747 0.5
9.1632264 1.7648361 -0.0012890906 0.0050684957 5.60533 0.5
22.069002 17.082578 -0.084654977 -0.064803746 6.227367 0.5
4.9161976 12.230504 -0.013982678 -0.013373249 5.177094 0.5
24.30893 10.941654 -0.00020813227 0.0047906346 0.203779 0.5
21.714956 20.718472 -0.11153037 -0.12376665 6.095105 0.5
6.1649774 18.051109 0.049341105 -0.1826625 5.150288 0.5
5.4139721 5.3050324 0.018017219 -0.012231189 3.059892 0.5
22.594147 5.9716386 -0.0026521611 -0.012103308 3.692189 0.5
25.468823 10.474658 0.0074003189 0.0015448678 3.246869 0.5
12.180922 3.9258859 0.0056480268 0.009591176 2.032293 0.5
24.651373 14.322006 0.00021182814 -0.0028182191 6.136396 0.5
17.091996 2.3846118 0.0098556524 -0.010733858 4.563161 0.5
23.66864 15.454199 0.0012516986 0.00020658632 5.916686 0.5
8.498765 24.199253 0.10838087 -0.08302599 1.344992 0.5
7.8567756 5.18048 0.011119901 -0.0023000481 3.633442 0.5
19.163012 4.2416245 -0.0055840938 -0.0046915804 2.78777 0.5
16.116395 5.1388503 0.013443698 0.00079671754 1.483056 0.5
23.33472 9.4852681 -0.007259824 0.0036597775 0.879468 0.5
21.70777 3.1293053 -0.0070943726 0.0050730775 4.923104 0.5
24.824968 6.1931014 0.005656031 0.00061069074 5.350229 0.5
9.6566813 19.268313 -0.27111408 -0.14836815 1.508644 0.5
23.840227 7.2125105 0.0010357246 -0.0029511746 4.32761 0.5
24.242833 21.12537 0.023677955 -0.081921356 1.3724 0.5
18.052301 23.062434 -0.17270604 -0.56319384 2.64206 0.5
17.283735 0.98527813 -0.0085254623 0.0048880285 2.466218 0.5
5.0678522 7.0699235 0.0065023453 0.014557811 0.69625 0.5
1.2275705 12.584736 0.019451518 0.0058026953 0.502972 0.5
18.527064 18.475456 -0.031638136 -0.17156382 4.066135 0.5
19.964644 24.606551 0.031059153 -0.1074998 3.026607 0.5
7.0353388 12.078585 -0.0019223088 -0.00025097878 6.171553 0.5
20.384683 22.546481 -0.090411082 -0.27150463 3.767955 0.5
2.6357112 10.416389 0.0098820331 -0.010775455 5.349705 0.5
25.311624 19.037214 0.065501534 0.0089053686 3.28374 0.5
19.830144 16.685935 -0.10809905 -0.14194008 1.964272 0.5
13.470936 4.5136354 -0.0067873854 0.00509519 1.170799 0.5
8.7408802 21.598211 0.034734935 0.047205596 0.802835 0.5
24.799594 20.041051 0.12174282 -0.075542118 5.063896 0.5
1.1746933 15.887492 -0.022260817 0.0083026493 2.243796 0.5
25.439208 7.1667565 0.00083160286 -0.0035869308 5.270568 0.5
11.227325 0.88112356 -0.00085728474 0.010019636 5.757172 0.5
24.794337 12.173541 0.0032799634 0.00057086189 5.271397 0.5
23.422266 13.966782 0.0028946523 0.0028192252 3.151318 0.5
17.224846 20.749677 0.10184132 -0.025692403 0.221595 0.5
18.381708 8.1418393 0.0028160138 0.00042864509 1.510648 0.5
7.771228 2.3683031 -0.0027066224 0.0058843092 5.29405 0.5
22.907842 8.3785754 -0.00077714815 0.00054510741 2.737677 0.5
12.398819 27.305626 -0.20947941 0.043893051 4.134415 0.5
24.559942 9.6344248 0.0014057201 0.0018338949 1.432456 0.5
23.100062 20.788585 0.1018711 -0.080469643 2.840655 0.5
15.136287 26.487737 0.090473142 0.022593914 2.899005 0.5
16.295707 25.493192 0.76638063 0.70277028 4.137855 0.5
20.987859 16.188482 0.033740981 -0.056842872 1.992807 0.5
20.690215 20.197374 0.029632149 -0.058022215 0.375558 0.5
6.5884335 2.8791516 -0.01330842 -0.0064277067 0.629977 0.5
25.537038 17.87796 0.10508239 -0.079548785 5.301885 0.5
26.851425 17.758314 0.026284409 -0.050986456 1.197725 0.5
13.28794 9.5567911 0.0090953172 0.013688279 2.939026 0.5
16.444451 18.708273 0.11637781 -0.081867999 3.912909 0.5
8.122905 10.247836 -0.0089520043 0.0031875542 3.115045 0.5
14.851896 16.996115 -0.036780175 -0.080193884 1.662001 0.5
17.068173 8.1375383 -0.013357422 -0.0054753361 0.131507 0.5
