# x y vx vy theta radius
15.34608 17.700472 2.3368015 -0.5467999 5.7870636 0.5
12.206862 11.043879 0.0049870727 -0.0095730756 1.764168 0.5
12.743539 1.8441916 -0.020580079 0.0016999943 3.951996 0.5
18.935172 3.9254626 -0.024755787 -0.0011992636 4.259518 0.5
9.3773069 1.3829906 0.0012515218 0.0016638462 1.882067 0.5
4.9085292 18.378847 0.0066654736 -0.0062729327 0.92276 0.5
20.998674 10.574851 -0.042234138 -0.00020280229 4.981497 0.5
6.5150413 7.4492071 -0.0067867361 0.0081122161 0.663689 0.5
3.9768322 13.606283 -0.0062352497 0.0028146869 4.599871 0.5
15.319626 3.1476452 -0.001812845 -0.0025696822 3.315122 0.5
23.914394 8.3017306 -0.05916926 0.0038103881 5.224588 0.5
6.1465445 3.3471092 -0.00014127421 0.00056194317 4.739779 0.5
12.320672 7.7140687 0.0035213505 -0.026098681 0.624425 0.5
8.3255678 3.4310324 0.0010718255 -0.0058682283 0.734434 0.5
7.04325 16.277648 -0.0020909966 -0.004847194 4.989084 0.5
5.6751811 10.979898 -0.022013218 0.0057904724 2.508867 0.5
22.62961 7.7691773 -0.097673559 0.047146144 5.939565 0.5
18.801643 22.821456 -0.12576831 0.062047994 0.028815 0.5
8.4963193 8.8040152 -0.0047299949 -0.0037905324 3.449449 0.5
12.71158 5.4973328 -0.0023864032 0.016071011 0.592282 0.5
9.5641634 6.0520167 -0.032349115 -0.019067736 6.045768 0.5
21.097844 18.04182 -0.028027333 0.12818695 0.890473 0.5
17.260941 2.3474403 -0.00085823569 0.015638205 2.353219 0.5
5.0227282 16.167868 0.011984909 -0.0019153081 1.672869 0.5
3.5156866 8.4454002 0.0034061611 -4.8288047e-05 4.21507 0.5
26.181091 9.4163398 -0.038506259 0.0029644787 0.4829 0.5
12.899092 16.213308 -0.093750161 -0.0033926301 6.274711 0.5
13.150205 0.59261601 -0.0041131164 -0.047673424 1.301021 0.5
17.510437 11.901305 0.059895364 -0.005242747 3.538852 0.5
16.706548 10.850135 -0.07651031 0.0059188721 1.72413 0.5
13.249132 10.16067 -0.0045874502 0.00087982515 0.779811 0.5
14.0717 3.0477394 -0.021761758 -0.042850048 1.209651 0.5
7.4555491 6.750796 -0.0039912966 -0.0043229946 5.377079 0.5
4.8141469 4.3053021 0.0019090752 0.00075316835 3.122843 0.5
11.962209 0.7632539 -0.013256254 -0.018089371 4.105439 0.5
22.218741 16.736489 -0.14318176 -0.10545956 2.246795 0.5
9.9956436 25.947833 -0.024493207 -0.12697477 3.468535 0.5
24.346117 10.511034 -0.026046906 -0.015769318 5.532293 0.5
11.895664 8.7933859 -0.0077790644 -0.025766213 0.531572 0.5
17.608443 5.9045914 0.0008506204 0.06280641 5.261584 0.5
23.265992 16.099793 -0.086079591 -0.11633523 0.040113 0.5
19.317303 11.583796 -0.18262772 0.040706307 4.576591 0.5
19.326005 7.224576 -0.027735892 -0.052645321 0.209824 0.5
21.461067 5.9971293 -0.077925465 -0.049182509 1.770879 0.5
21.472545 7.3562715 0.019333783 0.018686882 4.791815 0.5
10.38883 10.178632 -0.0018442847 -0.00019647759 2.522673 0.5
6.0651672 8.7042144 -0.0015219551 -0.0057905648 3.232151 0.5
11.093231 1.4839127 -0.005601597 -0.0051262768 0.943125 0.5
15.048297 5.2266665 -0.042563303 -0.0028098554 1.031271 0.5
1.1261113 10.240202 0.0026467273 -0.0071603121 1.523797 0.5
8.418556 24.080104 -0.095107969 0.061504181 1.787492 0.5
17.092688 8.4299967 -0.018520961 0.056364208 3.056837 0.5
14.026792 26.375874 -0.13940577 -0.16216515 3.332967 0.5
11.60098 5.2483389 -0.0090618626 0.013095854 3.889918 0.5
9.277806 9.8138685 0.0068808235 -0.016730745 1.775857 0.5
25.463659 10.44547 -0.083061097 0.001597576 4.33857 0.5
22.09459 3.3138952 -0.0094972836 0.010440161 2.652322 0.5
16.522794 3.2542474 0.004941521 0.026518196 1.360759 0.5
21.813661 4.5072084 0.0082304624 -0.0084827484 1.350476 0.5
20.371652 7.9361844 -0.013805758 -0.051918269 3.139709 0.5
17.896928 14.375031 -0.018193703 -0.03307768 3.877928 0.5
18.461664 24.161643 0.071720483 -0.088161119 4.111005 0.5
16.614724 6.6961218 -0.040422665 -0.026083246 4.354529 0.5
26.150334 8.2928228 -0.10274979 -0.059480277 1.958136 0.5
22.695483 14.835461 -0.072937021 0.041231052 1.935129 0.5
21.563294 22.991156 0.052700943 0.022419297 0.983243 0.5
25.626022 16.288129 0.078843127 0.040473788 4.524452 0.5
17.738682 3.5619004 -0.053966638 -0.032992597 4.628506 0.5
16.792214 16.95486 -0.023859641 0.017939736 4.619789 0.5
21.156552 14.610627 0.014310722 0.03651807 6.246698 0.5
17.103274 4.5310165 -0.0045224912 -0.0045396805 2.597917 0.5
23.868728 20.644843 -0.067509037 -0.032413235 5.540445 0.5
16.523357 27.157759 -0.098594962 0.1765092 1.135786 0.5
16.665415 22.564215 -0.028086027 -0.064762033 0.649744 0.5
13.421151 4.1199789 -0.013512258 -0.017874725 4.647872 0.5
15.41172 10.208673 -0.072533583 -0.016451213 3.116928 0.5
11.878119 16.725149 0.020342923 0.0083895946 1.058365 0.5
4.3244896 12.380781 0.00045597113 -0.0024076059 1.223223 0.5
25.995855 18.510021 0.067544666 -0.042136082 6.185729 0.5
10.321955 20.917536 -0.063057555 -0.29809524 5.03693 0.5
13.977818 7.6632425 -0.10680117 0.0033550677 0.158334 0.5
26.692533 10.604261 0.11924011 0.090100518 0.09489 0.5
17.846808 26.30562 -0.042555353 -0.013776386 3.182579 0.5
16.137718 9.1473776 -0.013796426 -0.079402009 5.999337 0.5
25.028757 8.2207915 -0.0048076664 -0.018389495 0.712677 0.5
16.10155 2.1831139 -0.037769402 -0.096281029 1.70588 0.5
6.0161488 18.165764 0.0038739667 0.012604592 5.092516 0.5
8.0368279 4.6525784 -0.0014571008 -0.00059829219 0.506989 0.5
2.2137402 19.437675 0.0022749998 -0.0083324213 4.452103 0.5
23.476763 13.818545 -0.077189112 0.065289203 3.429354 0.5
17.704812 25.113961 -0.17520912 -0.31514176 5.942963 0.5
10.453017 4.8378018 -0.0676341 -0.030276475 2.062723 0.5
23.717769 11.709393 -0.054805605 0.11103634 2.598321 0.5
16.197229 7.7517788 -0.0017106884 -0.039429667 6.159219 0.5
20.435343 11.553016 0.020218948 -0.13229385 1.488917 0.5
25.084223 15.083904 -0.087137497 -0.057768358 1.927238 0.5
6.9981086 10.635361 0.0086840846 -0.0017291956 3.98558 0.5
15.743829 4.2255046 -0.020729023 0.0076610176 3.515453 0.5
21.120014 21.268479 0.10700101 -0.043566146 3.362574 0.5
11.930007 12.545441 -0.0051019463 0.043309759 2.617045 0.5
11.980709 9.9331825 -0.044927611 0.0010473594 4.416501 0.5
7.8427628 25.528161 -0.050683777 -0.068864013 2.357123 0.5
1.6332655 15.817297 -0.0076532386 0.0012282369 0.027213 0.5
22.237326 13.504038 -0.15535239 0.028288273 3.270335 0.5
18.46096 8.2373901 0.02142679 0.028297461 5.133302 0.5
12.525629 26.821762 0.1787324 0.088530202 4.163048 0.5
27.266056 11.946367 -0.0028202029 -0.0090481153 3.93618 0.5
23.976009 15.226535 -0.0058851074 -0.05240226 5.951127 0.5
23.084609 4.3061692 -0.035869539 0.013111685 4.082451 0.5
20.220607 25.785988 0.062318287 -0.19654959 1.780305 0.5
22.639617 18.209231 -0.07049472 0.13498162 2.847882 0.5
22.539362 20.740029 -0.053733673 0.025558655 1.767937 0.5
25.120288 13.964936 -0.060498547 0.069200684 0.00135 0.5
20.614422 24.710629 0.18854373 0.10154484 5.312468 0.5
20.853576 2.5707638 -0.0024595481 -0.0093628358 0.320289 0.5
8.7045737 26.246838 -0.078408339 0.06988936 0.581132 0.5
23.602399 6.4136957 -0.025817705 -0.068014411 3.087421 0.5
9.2258653 25.128247 -0.012826253 0.017015786 3.560403 0.5
24.859062 17.887035 0.033951431 -0.045205677 0.555117 0.5
12.96387 13.293814 -0.019463629 -0.030735796 6.220608 0.5
8.4877138 7.2508572 0.0053640748 -0.00051056237 5.652715 0.5
6.2553595 24.907007 -0.041356939 0.062160393 0.827952 0.5
19.662867 10.198786 -0.033183844 0.020395708 1.054048 0.5
18.796728 5.9761094 0.050194018 -0.086155311 0.319962 0.5
17.251689 1.0400634 -0.048018001 -0.016162957 2.464344 0.5
26.169716 14.390613 -0.01086425 0.0023319768 3.780782 0.5
20.796128 5.0003391 0.013354172 0.023369527 0.745414 0.5
20.873857 3.6899132 -0.050686484 -0.018396182 3.348875 0.5
19.636897 1.8944878 -0.072858218 -0.031108563 5.365761 0.5
25.512015 7.1457579 -0.091498809 -0.050540503 0.445642 0.5
6.0292708 4.8095533 -0.015815341 -0.014326604 2.979068 0.5
20.245107 6.5582911 0.027735472 -0.012455006 2.813895 0.5
14.555707 4.126571 0.00073712533 -0.0085023583 4.039246 0.5
12.798448 21.63396 0.0084907173 0.0021087964 4.602055 0.5
8.0591545 1.9658219 -0.0010713364 0.024409635 1.676583 0.5
11.208974 24.67251 -0.10873 -0.061051869 1.207935 0.5
20.769463 9.2813702 -0.00035182857 -0.0076435072 6.164191 0.5
13.88972 1.627729 -0.0016504721 0.0088910598 1.491784 0.5
23.75992 9.5070026 0.036915846 -0.027131698 6.269379 0.5
20.314122 23.149446 -0.2342132 -0.1413236 0.35856 0.5
24.765718 19.377758 0.12094514 0.094094912 0.326238 0.5
9.9285134 3.6173534 -0.0063278762 0.0098454184 1.608548 0.5
19.438607 16.695495 -0.094888179 -0.016194795 2.616667 0.5
18.437301 1.3290965 -0.060907843 0.014078405 0.410672 0.5
7.1570985 21.08965 0.012636367 0.0058527762 3.210668 0.5
24.190309 22.458522 0.18533915 0.1000191 0.309541 0.5
24.922925 6.1768256 -0.063060177 0.029639187 1.761874 0.5
22.159139 24.476893 0.26503721 0.020336233 4.731547 0.5
23.402274 19.588681 -0.067307458 0.090586147 0.313065 0.5
22.403164 6.6615654 -0.0538865 0.037406376 0.087229 0.5
24.335556 7.2576855 -0.018245901 -0.00075240095 5.713071 0.5
14.977129 1.9152717 0.020808039 -0.055193417 0.34983 0.5
14.319444 6.3655384 -0.040511518 -0.052790782 2.015368 0.5
20.555497 19.327577 -0.16027666 0.089614662 0.42176 0.5
15.251533 25.270603 -0.038890776 -0.010711765 5.580866 0.5
6.9535644 5.6273283 0.0057960092 -0.0070827184 4.066321 0.5
20.117455 15.509719 0.08491095 0.034942105 5.863794 0.5
24.306493 12.896769 -0.030297971 -0.03466814 5.355125 0.5
22.683416 8.9736584 -0.10793067 -0.034242695 5.404824 0.5
7.1703295 2.720175 -0.0014635392 0.0017663611 1.361005 0.5
8.3851423 5.8903948 0.0058802659 -0.00094846148 5.19755 0.5
5.3476571 7.2057628 -0.0036891625 -0.0010558682 5.853071 0.5
25.885919 13.042571 0.031826288 -0.037368204 2.830697 0.5
18.452392 12.540805 -0.024282002 0.014549046 3.251414 0.5
20.081251 14.306722 0.027191214 -0.13423942 3.305262 0.5
6.5487004 12.1519 0.0012153579 0.00848253 3.841898 0.5
13.894172 9.0323296 0.023977597 -0.040623164 4.917041 0.5
9.5863443 14.667321 0.00056060292 0.0076696575 1.726803 0.5
24.044081 5.2800718 -0.018018175 0.035204895 2.534849 0.5
15.472009 6.2656501 -0.14323969 0.058595235 1.985571 0.5
9.6113865 12.728824 -0.069960981 0.022723463 5.636684 0.5
15.004456 13.288355 0.035386188 -0.0049550559 0.642493 0.5
18.538757 9.9043821 -0.079572293 0.0039207869 5.796573 0.5
7.1943647 3.9053103 0.0016653409 -0.002059425 4.738871 0.5
15.76995 1.0477182 -0.012674621 -0.0095711979 1.568073 0.5
17.370875 9.7478114 -0.087711441 -0.0032511978 2.749741 0.5
6.239421 13.692489 -0.0070716865 -0.014626572 1.171823 0.5
25.966914 19.719864 0.10682706 0.067662414 2.226958 0.5
13.650757 11.804688 -0.039332987 -0.0032979282 1.548545 0.5
21.884855 9.8579776 -0.07089085 0.0019455563 3.653333 0.5
23.75205 17.875086 0.035152654 -0.054355677 4.394256 0.5
10.456575 23.061945 0.016063135 -0.020657709 0.605652 0.5
22.881594 10.463019 -0.046886543 0.026171561 3.106146 0.5
6.0935033 9.8489124 -0.012376377 0.0060943782 3.095002 0.5
26.891459 16.659119 0.043219508 0.036761971 1.841384 0.5
11.090794 3.6212343 -0.0096848429 -0.010563803 6.034028 0.5
24.955461 9.3540345 -0.10863083 0.055349427 1.857551 0.5
16.731347 25.984534 -0.036247855 0.0802789 1.702664 0.5
4.3405862 5.5890874 0.0019309765 -0.00020171615 1.16125 0.5
19.629624 8.8560137 -0.016064634 -0.031017082 4.720586 0.5
13.179541 6.5733824 -0.0010744939 0.0071631513 0.205718 0.5
24.88769 21.273384 0.038335711 0.11679881 5.820667 0.5
18.312881 4.9422958 0.080502772 -0.089557615 3.894129 0.5
16.16333 5.3725889 0.034704041 0.028383089 3.074393 0.5
10.671595 12.359861 -0.0023014748 -0.016339891 0.467747 0.5
15.381254 26.890066 -0.14345217 0.013640282 5.60533 0.5
22.009272 11.24065 -0.068270771 0.074139257 6.227367 0.5
13.156359 23.417302 0.063579972 -0.34897574 5.177094 0.5
9.273215 23.281668 -0.033088386 -0.048013658 0.203779 0.5
27.036856 13.100918 -0.009580789 0.0010524652 6.095105 0.5
10.402683 13.657615 -0.040739648 -0.016007174 5.150288 0.5
15.407382 15.143658 -0.0058173981 0.024624638 3.059892 0.5
7.9689098 9.8296105 0.0049044312 0.0041997948 3.692189 0.5
18.974485 25.67034 -0.024444675 -0.23175595 3.246869 0.5
8.4173364 13.156653 -0.0011756376 -0.00068519454 2.032293 0.5
5.4988074 6.0782004 -0.00079657122 2.3124483e-05 6.136396 0.5
10.086114 16.4232 -0.0081422759 -0.002724176 4.563161 0.5
11.786654 15.370173 0.0053768494 0.070846264 5.916686 0.5
17.156487 13.290092 0.011656248 0.02260204 1.344992 0.5
11.179286 7.4893508 -0.034682463 0.047974858 3.633442 0.5
18.529648 2.6616164 -0.056535169 0.052187392 2.78777 0.5
6.4477865 19.811868 0.021529476 -0.0014807474 1.483056 0.5
2.2240095 14.773268 0.0063296226 -0.0047027083 0.879468 0.5
5.9569839 21.733661 0.014513675 0.00045097959 4.923104 0.5
14.607102 0.63231353 -0.0042173751 -0.0044194025 5.350229 0.5
27.076094 15.558714 -0.057401111 0.011266545 1.508644 0.5
15.252948 11.670629 -0.060354889 -0.02456135 4.32761 0.5
23.033646 12.591682 -0.024024416 -0.089854723 1.3724 0.5
5.2359189 24.064959 -0.29478663 -0.23799406 2.64206 0.5
8.6622735 11.126194 0.004558148 -0.0026155202 2.466218 0.5
14.33693 10.558247 -0.073272197 0.0090619597 0.69625 0.5
19.396913 18.009948 -0.21628035 0.048636019 0.502972 0.5
9.2730044 4.7284476 -0.012546391 -0.0046403274 4.066135 0.5
18.736331 15.291124 -0.0020578519 -0.0041002736 3.026607 0.5
25.976732 17.380474 0.032342963 0.042944332 6.171553 0.5
20.023723 12.675349 0.032411157 -0.00068348595 3.767955 0.5
19.703221 5.3056898 -0.0083898901 0.012102624 5.349705 0.5
16.768251 14.341045 -0.0067842852 0.01364091 3.28374 0.5
10.808915 9.1098618 -0.03366866 0.017918465 1.964272 0.5
10.378934 2.3525647 -0.018160902 0.022661807 1.170799 0.5
15.051637 8.5147447 0.0059108479 -0.035288243 0.802835 0.5
8.450192 14.674138 -0.0060038577 -0.0085726019 5.063896 0.5
12.955827 24.703236 -0.010257197 0.013893022 2.243796 0.5
17.666083 7.1563207 -0.054025286 0.0036078425 5.270568 0.5
12.867733 3.019549 0.0094624884 -0.011162623 5.757172 0.5
4.6998147 9.1677779 -0.014223357 -0.0042330616 5.271397 0.5
9.9491495 7.1666969 -0.0098220395 -0.0072604947 3.151318 0.5
22.545054 5.3972632 -0.097988515 -0.0096687041 0.221595 0.5
11.566915 14.02133 -0.022829269 0.021665112 1.510648 0.5
24.442792 16.466251 -0.0096760764 -0.0031960471 5.29405 0.5
14.087187 22.751655 0.0042001636 -0.011748464 2.737677 0.5
11.835084 6.5229126 -0.044536179 -0.039393216 4.134415 0.5
27.367462 14.234661 0.022838415 0.0016755948 1.432456 0.5
7.3990693 14.209251 0.0025209894 0.022612946 2.840655 0.5
16.060069 12.772545 -0.025163025 0.025274488 2.899005 0.5
13.854907 5.2485439 -0.020878891 -0.036150672 4.137855 0.5
12.243843 4.3289245 -0.036769443 -0.0030962733 1.992807 0.5
11.714221 2.5908334 -0.0035652477 -0.00036914163 0.375558 0.5
25.974382 11.929823 -0.0061554279 0.027285326 0.629977 0.5
10.975845 11.175074 -0.046784299 0.0022646619 5.301885 0.5
9.0620005 2.5818377 0.0013152119 -0.0040095303 1.197725 0.5
21.652183 8.4625931 -0.053379031 -0.048068906 2.939026 0.5
19.710701 3.1094295 -0.0011903834 0.0090009924 3.912909 0.5
24.888645 11.676562 -0.056231869 -0.0087363193 3.115045 0.5
19.042778 13.901433 -0.072125886 -0.023428304 1.662001 0.5
21.63151 12.430008 0.042644021 0.06654447 0.131507 0.5
