# x y vx vy theta radius
6.659312 3.1672657 0.17205843 1.2843471 1.7704628 0.5
2.8714364 20.396142 0.019415359 0.020189948 1.764168 0.5
25.340038 20.178973 -8.5613215e-05 -0.00026087418 3.951996 0.5
5.7225981 7.2590505 0.30508762 -0.11354172 4.259518 0.5
3.4642475 21.883388 0.00039332053 -0.00026479818 1.882067 0.5
7.7362543 24.223975 -0.0069004732 0.035648462 0.92276 0.5
14.672053 22.226096 3.490307e-05 -0.00051974047 4.981497 0.5
15.393613 15.575726 -0.0008423335 0.01553583 0.663689 0.5
19.670111 4.3958113 0.038124273 0.036357163 4.599871 0.5
23.261555 4.9346595 0.0098868011 0.0020104057 3.315122 0.5
7.4022998 11.467274 0.045022329 0.035227901 5.224588 0.5
17.323289 25.623356 0.0012284991 -0.00059259634 4.739779 0.5
9.4908587 24.959424 0.025731992 0.033307883 0.624425 0.5
14.170824 23.647414 0.0014688469 -0.00041010848 0.734434 0.5
6.8532008 12.513522 -0.048627556 0.11792349 4.989084 0.5
12.570785 19.377786 0.0048678837 0.01906218 2.508867 0.5
21.822169 15.774558 0.00013960119 -0.00075312683 5.939565 0.5
3.3380559 10.277841 -0.24765147 0.11811268 0.028815 0.5
17.668569 8.377837 0.017533796 0.027557249 3.449449 0.5
22.173168 24.61511 0.00012730003 -0.00016882556 0.592282 0.5
6.8658638 6.8808183 0.078529968 -0.018532168 6.045768 0.5
20.1998 17.774322 0.014592324 0.0047495891 0.890473 0.5
11.426038 8.3751445 -0.0093135361 0.008619556 2.353219 0.5
21.429675 5.262795 0.036291193 -0.020792823 1.672869 0.5
7.1082877 14.040661 0.00095568696 -0.015696003 4.21507 0.5
15.657521 17.847677 -0.0046762916 -0.0095407273 0.4829 0.5
21.730132 8.015805 0.026731435 0.014506358 6.274711 0.5
13.542158 20.236767 0.0045086256 0.0011509324 1.301021 0.5
12.910521 27.350805 -0.00049423316 3.0503653e-05 3.538852 0.5
18.437434 4.2416711 0.021541274 -0.012692429 1.72413 0.5
13.970257 19.024561 0.0042748666 0.0046208384 0.779811 0.5
20.315031 5.453825 0.038960071 0.039821975 1.209651 0.5
27.265032 12.534184 -0.0010606791 -0.00029604036 5.377079 0.5
8.8104252 2.5853538 0.35162286 0.34425965 3.122843 0.5
3.0986477 14.414612 0.0037233627 -0.00087028802 4.105439 0.5
20.701011 22.84232 0.00062439176 -7.2742817e-05 2.246795 0.5
12.857154 21.401336 -9.9895624e-05 0.023873959 3.468535 0.5
8.1089863 25.550613 -0.032560921 0.023680527 5.532293 0.5
19.09868 26.42354 0.00093093382 -0.00058880793 0.531572 0.5
16.57935 23.720072 0.00038115964 -4.9337583e-05 5.261584 0.5
18.160814 20.765065 0.0001312819 0.0101575 0.040113 0.5
9.3893281 22.896236 -0.0065958623 0.023157351 4.576591 0.5
15.326116 13.441472 0.0015631481 0.015965605 0.209824 0.5
16.964597 0.95793379 -0.010467074 0.041525534 1.770879 0.5
19.355106 8.7855896 0.015454503 0.040938817 4.791815 0.5
16.618669 4.6149 -0.011655051 0.001238167 2.522673 0.5
10.782254 16.466943 0.0072399446 -0.017690731 3.232151 0.5
14.207698 9.4899516 -0.0054620225 -0.0049983879 0.943125 0.5
24.750282 10.281567 0.019330733 0.03961563 1.031271 0.5
17.611601 21.792525 -0.0024657592 0.0065367104 1.523797 0.5
3.0627591 11.431279 0.047868248 -0.038306082 1.787492 0.5
13.843272 0.56110613 0.0075508434 0.013316505 3.056837 0.5
22.499066 3.9936048 0.0064354115 0.016164754 3.332967 0.5
8.9196363 18.20463 0.0072846343 0.012653004 3.889918 0.5
19.651473 13.914771 -0.0022376102 0.013732245 1.775857 0.5
7.0015074 10.258879 0.017240732 -0.079965568 4.33857 0.5
10.497831 26.728997 -0.00021011277 0.00019213219 2.652322 0.5
6.3102298 23.151444 -0.00031553978 0.00086276503 1.360759 0.5
5.749659 18.12032 -0.0084281435 -0.01133968 1.350476 0.5
22.906336 13.920974 0.00011873998 -0.00043454164 3.139709 0.5
6.8795751 25.36898 -0.00072126582 0.00016043796 3.877928 0.5
23.294232 12.386562 0.00090014545 8.4078888e-05 4.111005 0.5
9.8346211 19.378515 0.0021408939 -0.0021499632 4.354529 0.5
20.023867 21.888431 0.00047570075 -0.00087562078 1.958136 0.5
17.40474 19.779769 0.011798349 0.015836625 1.935129 0.5
19.153193 1.6574071 -0.0093949337 0.053306537 0.983243 0.5
21.039688 23.919576 -4.5427199e-05 -8.0638109e-05 4.524452 0.5
18.110979 12.265993 0.01249043 -0.003661883 4.628506 0.5
15.459908 6.3063206 0.02177124 0.01441339 4.619789 0.5
16.043748 19.984634 -0.00033327236 0.022044911 6.246698 0.5
11.10254 15.122334 0.014494871 0.0067669842 2.597917 0.5
26.317978 19.248223 6.5974554e-06 -0.0001015161 5.540445 0.5
23.882244 17.787416 0.00019891584 -0.00021028232 1.135786 0.5
18.547153 9.7213792 7.8427658e-05 -0.0072121273 0.649744 0.5
17.616941 23.046327 0.0002723308 -0.00050647941 4.647872 0.5
5.5855222 3.6065056 -0.27449008 0.69778632 3.116928 0.5
14.864273 26.023702 -0.00023819403 -0.00057455384 1.058365 0.5
21.293766 2.8835669 0.014082883 0.012625409 1.223223 0.5
15.559306 22.957133 -0.00026334496 -0.00060352352 6.185729 0.5
21.868153 22.246837 0.00013365992 -0.00014330379 5.03693 0.5
3.5998571 17.171832 -0.017836453 -0.016312236 0.158334 0.5
15.76922 3.6681792 0.036112788 0.036426075 0.09489 0.5
10.355155 18.297035 -0.0067056286 0.045799129 3.182579 0.5
25.179238 6.71406 0.031300202 0.028442657 5.999337 0.5
23.552911 8.6460602 0.033238371 0.012474039 0.712677 0.5
16.518635 8.2812463 -0.012309009 0.013501457 1.70588 0.5
16.431874 13.708011 -0.00079917459 0.017969192 5.092516 0.5
12.731338 2.2575919 -0.002750854 0.0050324512 0.506989 0.5
13.980069 13.317516 0.013110393 0.0022928676 4.452103 0.5
25.090373 21.492255 0.00013435222 -0.0001178571 3.429354 0.5
19.790242 18.993117 0.0041113916 -0.0031518345 5.942963 0.5
23.013934 22.386889 -0.00016514427 -0.00016889664 2.062723 0.5
16.418277 16.518078 0.020239656 -0.02062692 2.598321 0.5
13.159837 24.507467 -0.00012307199 0.00057900188 6.159219 0.5
13.462232 6.3537141 0.034228722 0.046833964 1.488917 0.5
18.758714 17.481847 0.0090724155 0.0023919323 1.927238 0.5
20.69759 14.764231 0.0018845421 -0.0049325452 3.98558 0.5
12.523341 15.741551 0.032232419 0.0019649058 3.515453 0.5
14.523634 8.1199073 -0.0096727542 0.014452528 3.362574 0.5
12.101949 13.66852 -0.0027736587 -0.015292419 2.617045 0.5
2.1329485 19.483129 0.024603419 -0.026419525 4.416501 0.5
23.456294 20.247053 0.00016350317 -5.0870817e-05 2.357123 0.5
26.621228 10.375794 -3.3709751e-07 -6.1340268e-08 0.027213 0.5
20.553715 7.8659819 0.053360333 0.019742855 3.270335 0.5
20.408766 20.015745 0.0074305753 0.011601759 5.133302 0.5
13.443033 25.798233 4.2136847e-06 -0.00011537746 4.163048 0.5
15.413537 27.113895 0.00034381084 0.00049310668 3.93618 0.5
16.115328 26.002372 -0.0003600501 -0.00078104743 5.951127 0.5
9.2410819 26.364099 0.00074669093 -8.0061355e-05 4.082451 0.5
9.5338144 14.874927 0.077481116 0.065695663 1.780305 0.5
11.754832 20.908442 0.0006197858 -9.473997e-05 2.847882 0.5
11.162066 22.172005 -0.0093642624 0.031668189 1.767937 0.5
12.402321 22.726172 -0.00016989635 -0.00053628601 0.00135 0.5
19.227894 11.229864 0.016916921 -0.0037866592 5.312468 0.5
2.5171969 8.6922003 -0.16647787 0.28049216 0.320289 0.5
15.411687 21.144118 0.0010250919 -0.00088809679 0.581132 0.5
23.527083 10.857084 4.2237818e-07 -4.6129097e-07 3.087421 0.5
14.201159 21.164669 -0.0049276766 0.012402446 3.560403 0.5
20.886134 4.1270569 0.024278549 0.035748707 0.555117 0.5
18.288901 6.825707 0.0072968653 -0.0048585942 6.220608 0.5
27.374033 14.574882 4.9033511e-07 1.269777e-06 5.652715 0.5
19.766524 3.269974 0.013112168 -0.0061167175 0.827952 0.5
22.992739 15.677822 0.007141292 -0.019268572 1.054048 0.5
6.7556603 15.114667 -0.018225688 0.0021217355 0.319962 0.5
17.14843 6.9388342 0.041890154 0.045294714 2.464344 0.5
5.0693095 16.214608 -0.016838788 0.026211345 3.780782 0.5
1.928767 14.799813 0.0015753454 0.003669323 0.745414 0.5
12.803114 7.2600902 -0.018138473 0.015729779 3.348875 0.5
24.538096 15.455215 0.00016460487 -3.2579396e-05 5.365761 0.5
22.846122 9.9406268 0.049543131 0.039161433 0.445642 0.5
5.1522775 20.751045 -0.019916185 0.010809604 2.979068 0.5
10.254046 21.278541 0.0020354865 -0.0041101178 2.813895 0.5
4.0910192 19.957048 -0.028129882 0.016492883 4.039246 0.5
20.879508 6.4955972 0.0065338758 0.019967902 4.602055 0.5
23.125255 23.615228 0.0001734451 -4.8557044e-06 1.676583 0.5
9.4757612 9.7209773 0.037414255 -0.033493203 1.207935 0.5
5.5865834 9.3854942 -0.055329595 0.08913729 6.164191 0.5
21.594406 19.889851 -0.00013951016 -0.00024857708 1.491784 0.5
15.864775 9.331376 0.0056935675 -0.00020248764 6.269379 0.5
2.9838527 18.759049 0.012111704 -0.028498128 0.35856 0.5
16.572926 22.395076 -0.016689623 0.010075247 0.326238 0.5
1.3934087 16.718864 0.0013384489 0.0077352001 1.608548 0.5
23.500828 6.9381712 0.0052880987 -0.0033665316 2.616667 0.5
5.1892473 23.624933 0.00025666498 -0.0011151516 0.410672 0.5
25.845996 18.026386 -0.00052969052 -0.0003833401 3.210668 0.5
24.415408 14.210396 -0.00013053377 -0.00010994112 0.309541 0.5
4.6039431 17.957928 0.010253151 -0.011334121 1.761874 0.5
18.087162 1.3165632 0.025957714 -0.025857939 4.731547 0.5
23.689022 21.435168 -6.8931111e-05 -9.1010664e-05 0.313065 0.5
25.86379 13.143851 0.00037876695 -0.00041906913 0.087229 0.5
25.678878 9.4663907 2.3032655e-07 3.9399997e-07 5.713071 0.5
3.8245039 8.8932658 -0.078184911 0.18540612 0.34983 0.5
15.153077 18.983047 0.00021211254 0.0028121447 2.015368 0.5
14.727895 20.13625 0.0033957391 0.00565277 0.42176 0.5
16.644903 27.041484 -2.208361e-05 -0.00053220357 5.580866 0.5
6.4490867 21.39613 -0.00023711768 0.00052464196 4.066321 0.5
19.466402 6.3461639 0.0078452149 0.031603231 5.863794 0.5
21.300321 13.352526 0.0048482921 -0.0029261551 5.355125 0.5
21.585071 10.580984 0.03443767 -0.0089064505 5.404824 0.5
20.412142 11.051696 0.03093258 0.035320982 1.361005 0.5
14.250898 24.925327 0.0013402178 -0.00087094628 5.19755 0.5
11.602923 10.919218 -0.0076629626 0.014824269 5.853071 0.5
18.082591 13.651449 -0.0012024655 -0.0012576814 2.830697 0.5
21.828071 12.030277 0.038209281 -0.0019389785 3.251414 0.5
8.647684 10.608417 0.16267168 0.28278534 3.305262 0.5
22.528351 19.045244 0.00012073791 -0.00014259986 3.841898 0.5
23.903988 16.66001 7.2490606e-05 -0.00021971764 4.917041 0.5
18.751989 2.7119862 -0.020442731 -0.018263208 1.726803 0.5
5.2199767 19.35772 -0.0081596587 0.01519964 2.534849 0.5
18.674171 19.747518 -0.0062507267 0.0016248291 1.985571 0.5
21.483818 17.136743 -0.00012624518 0.0027200456 5.636684 0.5
17.739729 26.702461 0.00040824307 -0.00037875466 0.642493 0.5
13.416678 8.3193697 -0.0067628497 0.029884305 5.796573 0.5
15.564157 11.574964 0.0038096056 -0.0027609238 4.738871 0.5
9.5528702 16.520677 -0.0070563262 0.018166869 1.568073 0.5
6.7840792 16.513698 0.0038398226 0.014657103 2.749741 0.5
22.02812 23.368905 0.00012957368 -0.00024697519 1.171823 0.5
25.012449 18.993808 9.6776027e-05 -0.00048533195 2.226958 0.5
17.034397 11.581589 0.012526694 0.017105853 1.548545 0.5
13.534091 16.90584 0.012700705 -0.012746168 3.653333 0.5
21.050834 21.377982 8.9842498e-05 -0.00012481301 4.394256 0.5
14.249389 4.9387208 0.034584184 -0.030570391 0.605652 0.5
17.362735 15.352451 -0.0037761914 0.0070986331 3.106146 0.5
17.04715 10.343909 -0.011072926 0.025166043 3.095002 0.5
6.0435056 8.3489625 0.025267375 0.25379138 1.841384 0.5
8.4471814 14.341136 -0.14230805 0.19951341 6.034028 0.5
9.9393559 11.825564 0.063873075 -0.021156227 1.857551 0.5
10.749609 25.508711 4.4950842e-05 0.00022619408 1.702664 0.5
11.64661 26.740422 0.0011601568 0.00090849844 1.16125 0.5
14.258799 27.103529 0.00080285526 0.00087326135 4.720586 0.5
7.3552518 18.333112 0.012629896 0.01639047 0.205718 0.5
18.629548 23.672238 0.0001611328 9.6969181e-05 5.820667 0.5
19.965416 24.723239 0.0013446082 -0.00061787494 3.894129 0.5
15.211783 24.149935 0.0006332395 -0.00037991282 3.074393 0.5
19.356683 20.838181 0.019338241 0.0070425353 0.467747 0.5
24.223219 22.66905 0.0001361173 -4.0466628e-05 5.60533 0.5
13.525639 22.562022 -0.00066344603 -0.00012826837 6.227367 0.5
11.453718 9.522384 -0.017554381 -0.0069671154 5.177094 0.5
18.917248 15.905821 0.023781669 0.021619439 0.203779 0.5
20.13064 25.921899 0.00081087192 -0.00030640367 6.095105 0.5
14.309953 17.747574 -0.0017669207 0.027504354 5.150288 0.5
17.377293 3.4869999 0.042069992 0.057484025 3.059892 0.5
16.524975 18.926187 0.003207226 -0.023056542 3.692189 0.5
6.4195596 24.300234 -0.00054552374 -0.0003416744 3.246869 0.5
12.471877 17.879936 -0.0081562153 0.019340154 2.032293 0.5
12.95529 3.8686516 -0.015666415 0.0099452715 6.136396 0.5
24.128644 5.7312019 0.001350377 -0.0024785553 4.563161 0.5
25.610641 14.918469 2.0453812e-07 -6.9792605e-09 5.916686 0.5
10.540645 24.204175 0.0012090934 -0.00067446315 1.344992 0.5
8.1884651 19.365746 0.013658378 0.020088246 3.633442 0.5
26.272628 16.346326 0.00026591152 -0.00060035849 2.78777 0.5
19.795484 23.51656 6.6956293e-05 0.00017898793 1.483056 0.5
10.475955 12.881004 0.041477997 0.090027447 0.879468 0.5
15.812679 1.7196118 0.017735071 0.017326635 4.923104 0.5
14.845742 16.743456 0.029764749 4.5407137e-05 5.350229 0.5
11.505655 23.49273 -5.7669002e-05 -0.00038555158 1.508644 0.5
14.581414 3.8048075 0.0069512904 0.04242205 4.32761 0.5
3.7821175 15.694841 -0.00032713703 0.0013293948 1.3724 0.5
22.161848 20.955669 -4.7993356e-05 -0.00011696772 2.64206 0.5
20.338017 9.5590384 0.00090781716 0.014401631 2.466218 0.5
15.708432 7.4567162 -0.028113679 0.044998741 0.69625 0.5
5.0454165 22.361949 -0.00037451306 -0.00070797504 0.502972 0.5
21.425333 9.2254198 0.00883107 0.00048075607 4.066135 0.5
17.276265 17.304175 0.028628713 0.023357488 3.026607 0.5
18.468642 18.605714 -0.0072863866 0.023981749 6.171553 0.5
15.046565 10.456471 -0.003151571 0.010243813 3.767955 0.5
22.166816 6.8524795 0.054455142 0.027321758 5.349705 0.5
21.831715 14.444539 0.014821959 0.029209113 3.28374 0.5
18.288422 5.6408253 0.016784718 0.0026256239 1.964272 0.5
18.416723 14.84 0.019986397 -0.013902544 1.170799 0.5
3.4282421 7.6688 -0.10056786 0.24699808 0.802835 0.5
16.736484 21.054932 0.012887376 0.015614287 5.063896 0.5
18.921073 25.213845 -0.00038019998 -0.0011057052 2.243796 0.5
1.707817 13.237562 -0.002842273 0.0059181203 5.270568 0.5
16.302272 24.848174 0.00032967423 -0.00026182776 5.757172 0.5
7.9670175 22.546308 -0.0070559262 -0.0023495321 5.271397 0.5
23.676598 19.08559 3.0914517e-05 -0.00025322063 3.151318 0.5
18.728486 22.152192 0.010849722 0.0038877739 0.221595 0.5
21.267889 18.503464 8.3684654e-05 8.435933e-05 1.510648 0.5
14.273436 2.5601708 0.014924818 0.04897364 5.29405 0.5
22.687841 16.856191 0.025275907 0.009642774 2.737677 0.5
5.3756545 13.334537 -0.12082273 0.061002536 4.134415 0.5
21.046027 25.113389 0.00019789104 -0.00038673166 1.432456 0.5
13.350426 14.261141 0.0019878291 -0.018320988 2.840655 0.5
8.7422519 21.474835 0.0073525106 0.001991682 2.899005 0.5
17.834902 24.501734 8.4531105e-05 -0.00032919787 4.137855 0.5
20.332131 15.895409 0.0031639146 0.00062666443 1.992807 0.5
15.03313 0.86491494 0.0061565463 -0.014486019 0.375558 0.5
6.8712591 19.969847 0.009657571 0.0021140361 0.629977 0.5
12.280761 25.49813 0.00027366227 0.00022526204 5.301885 0.5
19.304205 7.4804819 0.039998246 0.010273301 1.197725 0.5
4.9593878 15.034491 -0.0059947691 -0.010719227 2.939026 0.5
3.3158383 12.926897 0.0007123486 0.07896612 3.912909 0.5
20.438366 12.602199 0.015937533 -0.0086877103 3.115045 0.5
8.2082939 15.713242 -0.0062931389 -0.027136053 1.662001 0.5
20.177318 2.1480112 0.040235809 0.028916703 0.131507 0.5
