# x y vx vy theta radius
9.2482791 6.7647263 -0.42189169 -0.68064944 5.8558761 0.5
25.399559 7.7383117 0.00091497066 0.0025692698 1.764168 0.5
17.528812 11.192442 -0.044909657 0.0036899664 3.951996 0.5
8.6219708 12.515115 0.037206995 -0.072342527 4.259518 0.5
1.4726418 17.81097 -0.024723348 -0.057139984 1.882067 0.5
11.161668 16.1502 0.01422267 -0.010313646 0.92276 0.5
25.571433 8.8966341 -0.0035013244 0.00074034488 4.981497 0.5
7.684593 19.927493 0.024482268 -0.0038222221 0.663689 0.5
11.127372 25.562981 -0.0056128275 0.016207403 4.599871 0.5
22.640281 5.9024646 0.058163399 -0.012473972 3.315122 0.5
24.166238 14.399482 0.0056276112 -0.019247975 5.224588 0.5
24.80947 11.101074 -0.0021481045 0.00087275374 4.739779 0.5
8.3475313 22.14274 0.033419021 -0.026393345 0.624425 0.5
13.736108 23.42172 0.02037636 0.02730765 0.734434 0.5
10.541732 19.638339 0.024547395 0.0016909069 4.989084 0.5
17.547543 13.738164 -0.00023391521 -0.019699399 2.508867 0.5
4.4611245 14.221846 -0.0055723774 0.0072653472 5.939565 0.5
23.671231 11.87637 0.00022714906 -0.00097371211 0.028815 0.5
8.6684533 19.072791 0.002451508 -0.0099637776 3.449449 0.5
13.459448 14.397114 -0.0086345097 -0.0054366028 0.592282 0.5
4.0504811 18.907836 0.003626101 -0.016991238 6.045768 0.5
25.117984 13.396191 -0.013212982 -0.020905369 0.890473 0.5
7.1408242 12.50295 -0.020035842 0.011875539 2.353219 0.5
25.025202 15.280166 0.006116418 0.0062325433 1.672869 0.5
8.5118399 20.721256 -0.014123904 -0.023743301 4.21507 0.5
23.000458 10.934509 0.00063180906 0.00023976159 0.4829 0.5
6.5542983 17.083099 -5.7180492e-05 -0.009962236 6.274711 0.5
8.6068637 15.605084 0.000867621 0.0052359586 1.301021 0.5
11.554018 10.139256 0.0747755 -0.078052753 3.538852 0.5
5.0731585 17.34438 -0.020583445 -0.10765199 1.72413 0.5
8.0091893 14.087053 0.021008919 0.0036743544 0.779811 0.5
13.288652 9.8919201 0.01417589 -0.078976461 1.209651 0.5
23.696759 13.22274 -9.0321484e-05 0.0015375571 5.377079 0.5
17.039482 22.595983 0.035254797 0.0046382751 3.122843 0.5
20.124836 21.41687 0.0013090391 0.001546084 4.105439 0.5
6.5434587 21.98889 -0.0067265073 -0.0045827491 2.246795 0.5
17.907694 21.821351 0.015664053 0.012512566 3.468535 0.5
15.321156 12.220541 0.016559322 0.029591916 5.532293 0.5
17.817319 9.8925113 0.016689585 0.0063008438 0.531572 0.5
7.4822308 21.348212 0.040768561 8.1917087e-05 5.261584 0.5
14.938 27.365157 -0.051068378 0.012995133 0.040113 0.5
9.9321795 25.534009 0.028216037 -0.031178045 4.576591 0.5
14.914351 23.732827 0.048219839 0.013250206 0.209824 0.5
18.063376 24.353445 0.014386396 0.0150201 1.770879 0.5
15.967124 16.201897 0.011757693 -0.019438168 4.791815 0.5
5.5323981 19.335795 0.062124942 -0.038482602 2.522673 0.5
15.678942 24.580132 -0.0016760303 0.011008958 3.232151 0.5
23.906318 15.694533 0.018651816 -0.029451879 0.943125 0.5
13.812429 27.413069 -0.01454394 0.0074535445 1.031271 0.5
12.735926 22.606973 -0.0011054752 0.036911699 1.523797 0.5
8.9049543 17.130746 -0.015341372 -0.060763294 1.787492 0.5
7.6274292 5.7483541 -0.66399607 -0.24600657 3.056837 0.5
10.215117 5.9710201 0.7952541 -0.874456 3.332967 0.5
18.10364 12.373819 -0.012060093 -0.019540919 3.889918 0.5
8.1485313 4.6522923 0.18737261 -0.70457912 1.775857 0.5
19.095932 14.917469 0.0058104715 -0.002224445 4.33857 0.5
17.806891 25.503444 0.00098186241 0.014018675 2.652322 0.5
24.765373 16.742808 0.045285053 0.012909081 1.360759 0.5
11.445579 24.289853 -0.028878014 0.01000123 1.350476 0.5
24.299501 19.130314 -0.031172162 0.0057458183 3.139709 0.5
19.012963 24.952789 0.0051890239 0.034707083 3.877928 0.5
10.995544 18.5016 0.022193958 -0.0081529998 4.111005 0.5
5.9527155 18.061644 0.086724563 0.06344214 4.354529 0.5
10.092148 17.461393 -0.00085219126 0.0070400114 1.958136 0.5
5.3017005 22.204244 -0.00066356492 0.036382249 1.935129 0.5
19.026321 26.214647 0.019630889 -0.011492125 0.983243 0.5
24.155338 20.446565 0.0017703241 0.0018491602 4.524452 0.5
25.888298 14.338882 0.01483805 -0.0087282067 4.628506 0.5
9.206491 24.190962 0.049842699 0.0027541444 4.619789 0.5
17.545206 20.571222 0.0079108234 -0.0070907779 6.246698 0.5
6.3672021 15.659065 -0.064451748 -0.098762674 2.597917 0.5
15.573753 20.987682 0.0070853762 0.00095385474 5.540445 0.5
10.261948 20.83558 0.056099629 0.011148874 1.135786 0.5
21.365309 25.130953 0.0041241346 0.0016713089 0.649744 0.5
2.9066363 11.075031 0.008537128 0.0016856874 4.647872 0.5
25.346404 20.784455 -0.023871256 -0.0069563539 3.116928 0.5
6.6904681 19.110108 0.022103348 0.01802154 1.058365 0.5
22.845051 19.593465 -0.0071704853 0.0062059332 1.223223 0.5
15.473421 14.932354 0.009197463 0.0073934312 6.185729 0.5
23.49381 9.4237892 0.055654529 0.034493359 5.03693 0.5
18.98869 22.210601 0.0081817725 -0.0023026295 0.158334 0.5
6.8573307 23.826149 -0.0046956004 0.025467656 0.09489 0.5
4.4267575 23.413795 -0.0140804 -0.031483622 3.182579 0.5
21.300634 16.633344 0.00072262489 -0.020190559 5.999337 0.5
10.329065 24.441869 -0.004274799 -0.013146956 0.712677 0.5
20.249265 24.726319 0.028177232 0.0018301379 1.70588 0.5
5.2724435 11.995493 0.055951694 -0.13814381 5.092516 0.5
16.896402 23.743422 0.0018804397 -0.021055751 0.506989 0.5
18.466129 23.237237 -7.6326472e-05 -0.0014648353 4.452103 0.5
11.365147 17.302938 0.020304158 -0.0061739716 3.429354 0.5
19.352478 2.0172767 -0.0012139549 -0.030316583 5.942963 0.5
20.961975 23.691796 0.023401507 -0.026286006 2.062723 0.5
9.1220048 26.491471 0.013939483 -0.0039251953 2.598321 0.5
15.840172 17.394404 -0.0063980682 0.026698427 6.159219 0.5
20.914461 18.146538 -0.0050182137 -0.0012644059 1.488917 0.5
13.840375 22.235771 0.014333094 -0.036274166 1.927238 0.5
14.806991 19.981885 -0.0035882373 -0.0053868868 3.98558 0.5
26.665296 10.335749 -0.00080894255 0.0027631133 3.515453 0.5
9.4847979 21.804844 0.043046577 0.059639461 3.362574 0.5
22.344507 4.4052376 0.079395725 -0.039558707 2.617045 0.5
7.8635972 25.896867 0.0076493263 0.050928549 4.416501 0.5
16.948249 16.813509 0.045739305 0.019496696 2.357123 0.5
12.934934 21.40548 0.060842402 -0.00072320481 0.027213 0.5
18.024819 26.82311 0.010023053 0.014385389 3.270335 0.5
23.633945 21.511011 0.0034775745 -0.0050380102 5.133302 0.5
14.967262 0.60697734 -0.002527719 -0.003069827 4.163048 0.5
26.178409 18.579621 0.008064625 0.0026434381 3.93618 0.5
17.956734 7.9467598 -0.018333895 0.055390839 5.951127 0.5
9.2036055 11.307073 -0.062457584 -0.054120361 4.082451 0.5
6.6220932 8.9781724 0.37951376 0.093280884 1.780305 0.5
13.417865 18.15383 0.0094574727 -0.027795577 2.847882 0.5
14.695394 16.27387 0.037964767 -0.023593207 1.767937 0.5
14.227709 26.359373 0.020918374 -0.011655125 0.00135 0.5
0.60107706 12.986252 -0.035603679 0.2022874 5.312468 0.5
12.45741 17.030148 0.0073282404 -0.022916537 0.320289 0.5
20.097261 6.6016845 0.00069383335 -0.021356192 0.581132 0.5
13.158006 25.950463 0.049418652 0.011772201 3.087421 0.5
19.199493 19.863503 0.0048426995 0.0013021632 3.560403 0.5
11.675718 19.455089 0.084767905 0.0019418615 0.555117 0.5
2.9152951 14.692784 0.044161912 -0.0059517261 6.220608 0.5
18.394997 6.5179876 -0.00090157364 0.00034391036 5.652715 0.5
25.182429 9.9886746 -0.0025486824 -0.00096259622 0.827952 0.5
11.390414 27.130474 0.023730879 0.0047206731 1.054048 0.5
20.607133 19.605966 0.020921324 0.0050394245 0.319962 0.5
10.399209 26.565265 0.011788284 0.010216525 2.464344 0.5
5.6391636 3.6346631 0.0036278881 -0.0025973141 3.780782 0.5
27.105249 14.418059 0.028966722 0.0050524503 0.745414 0.5
22.541961 16.655344 0.022332782 -0.011301045 3.348875 0.5
21.614318 13.813515 0.0098193771 -0.0097263631 5.365761 0.5
16.769966 24.997153 0.010026952 -0.0032224693 0.445642 0.5
2.5713749 18.685535 0.0057762663 -0.020563706 2.979068 0.5
3.6336075 22.526177 0.012584033 0.010878946 2.813895 0.5
7.6916575 17.999821 0.014065382 0.012108907 4.039246 0.5
12.344716 25.109325 0.044419347 0.0032844301 4.602055 0.5
18.779794 20.983419 -0.0053379045 0.00029409394 1.676583 0.5
15.313233 25.978597 0.064315048 -0.020093202 1.207935 0.5
16.63711 26.171201 -0.017748549 -0.022391537 6.164191 0.5
3.2630237 12.792329 -0.02670004 -0.061981177 1.491784 0.5
12.508211 20.367453 0.018468533 0.0054132599 6.269379 0.5
20.635614 22.50218 -0.0048717286 0.00018325031 0.35856 0.5
22.983021 14.383376 -0.012069864 -0.013419383 0.326238 0.5
15.866074 9.714502 0.0035009809 0.0012151657 1.608548 0.5
24.229713 8.2684877 0.00095070699 0.0022048148 2.616667 0.5
22.659435 20.82598 0.010454748 0.025852378 0.410672 0.5
4.3916918 21.546319 0.0019063991 0.054645223 3.210668 0.5
13.485614 24.603155 0.04970105 -0.0093006767 0.309541 0.5
13.611128 8.1176446 0.00031752431 0.0031438692 1.761874 0.5
4.8874784 20.390279 -0.024652591 0.00091822058 4.731547 0.5
12.691592 13.119143 0.0080094001 -0.028575883 0.313065 0.5
9.3232239 22.93722 -0.0084840562 -0.020053857 0.087229 0.5
18.869126 13.496359 0.0066598896 -0.0063247788 5.713071 0.5
14.104331 11.975627 0.046330984 0.017216566 0.34983 0.5
12.569979 27.358459 0.010171026 -0.0017691314 2.015368 0.5
11.82973 8.6567641 0.26243145 0.16626652 0.42176 0.5
21.88097 7.6450442 -0.0080081698 0.027927438 5.580866 0.5
16.679835 15.117196 0.035866052 -0.045744488 4.066321 0.5
13.127931 11.43747 0.037487591 0.008231632 5.863794 0.5
12.954876 19.233823 -0.0046950283 -0.003637972 5.355125 0.5
12.545802 23.811535 0.00046589694 0.036019344 5.404824 0.5
1.957215 12.051002 0.065520436 -0.085100193 1.361005 0.5
11.739067 21.778571 0.022479247 0.023096372 5.19755 0.5
18.809202 10.687647 0.068701223 -0.0171378 5.853071 0.5
13.277504 15.672517 0.012623719 -0.010142305 2.830697 0.5
5.6688775 24.482409 0.0064348971 -0.028360851 3.251414 0.5
23.055436 23.805058 -0.027562705 -0.0032809859 3.305262 0.5
11.268086 13.492405 0.025523816 -0.0029785528 3.841898 0.5
16.557226 18.883574 0.03790832 0.0026260611 4.917041 0.5
21.759549 19.28731 -0.025271589 0.0085415304 1.726803 0.5
11.887875 6.9567769 0.9100778 -0.62559388 2.534849 0.5
17.566015 4.3725175 0.0074893244 0.018428494 1.985571 0.5
7.3896603 22.730861 0.0074466877 0.030643337 5.636684 0.5
20.091097 25.875826 0.020109751 0.013629448 0.642493 0.5
18.000239 2.04737 0.010534681 0.01861826 5.796573 0.5
1.7869886 9.9070488 -0.027888642 -0.044650155 4.738871 0.5
18.498558 18.23434 -0.012506124 -0.0056791642 1.568073 0.5
21.011338 3.1811406 -0.00021206613 0.0010178567 2.749741 0.5
1.020041 11.467677 0.031428198 -0.040862505 1.171823 0.5
22.017517 23.07849 -0.0017656268 -0.005565415 2.226958 0.5
6.710962 25.266118 -0.041651433 0.014622188 1.548545 0.5
26.609415 17.32637 0.00031930671 -0.00051353634 3.653333 0.5
5.7315471 21.148327 -0.051279563 0.0095363199 4.394256 0.5
8.2151416 23.569735 -0.0050495324 -0.015475163 0.605652 0.5
14.440159 25.229202 0.046929851 -0.0066241444 3.106146 0.5
16.844125 7.449854 -0.0036815296 0.011110534 3.095002 0.5
18.451567 16.790757 -0.0019353661 0.00655247 1.841384 0.5
21.788536 10.272437 0.026827496 0.021436286 6.034028 0.5
23.15985 22.638268 -0.0068919918 -0.0027070412 1.857551 0.5
22.294148 15.310425 -0.0034410781 -0.0078194614 1.702664 0.5
17.831981 15.068935 0.01151998 -0.00059919107 1.16125 0.5
20.863724 11.110786 -0.015992553 0.014971629 4.720586 0.5
8.8029315 25.266345 0.039350775 -0.022732808 0.205718 0.5
19.688465 18.742863 -0.0043536133 -0.00082985026 5.820667 0.5
12.376264 3.936122 -0.019311725 0.051415064 3.894129 0.5
11.899804 15.062134 4.5142212e-06 -0.006196021 3.074393 0.5
11.364007 20.615951 0.039274556 0.020329407 0.467747 0.5
0.80808683 16.468732 -0.03256094 -0.017979308 5.60533 0.5
17.190622 17.955862 0.013061677 0.011298026 6.227367 0.5
14.321901 15.16105 0.028795734 -0.023647103 5.177094 0.5
20.821753 15.076247 -0.0063854704 -0.0084049554 0.203779 0.5
9.8219387 18.673884 0.00061918761 -0.0033211939 6.095105 0.5
15.443511 18.997338 -0.0062892405 -0.051868969 5.150288 0.5
24.417819 5.7857833 -0.023383388 0.065437773 3.059892 0.5
16.65356 21.396923 0.017449011 0.004965768 3.692189 0.5
19.654941 23.138139 0.0035739773 -0.00075166875 3.246869 0.5
26.859831 12.144732 0.0012257129 0.005697602 2.032293 0.5
9.7255536 16.277569 0.0024207185 -0.015689283 6.136396 0.5
9.37447 19.960052 0.010761852 0.00029867091 4.563161 0.5
2.998952 21.245716 -0.015946937 0.023458445 5.916686 0.5
13.624869 20.1325 0.021723496 0.0072710995 1.344992 0.5
5.7117011 14.187739 0.029858361 -0.036609677 3.633442 0.5
16.152492 19.928804 0.05020595 0.0076516779 2.78777 0.5
5.6374115 23.271776 0.0097875349 0.015562735 1.483056 0.5
11.581788 11.88131 0.015983849 0.037474869 0.879468 0.5
5.1657897 15.732955 0.080451593 -0.066874193 4.923104 0.5
3.8184589 15.442795 0.020709157 -0.0064729494 5.350229 0.5
10.501427 23.263273 -0.026434227 -0.014606027 1.508644 0.5
24.455079 22.396679 -0.02067697 -0.012925165 4.32761 0.5
7.9146176 16.591714 0.049417345 -0.040460668 1.3724 0.5
20.064651 17.272256 0.0033000247 0.0033659505 2.64206 0.5
16.086078 27.267327 0.037486295 -0.01799854 2.466218 0.5
9.8605586 13.399873 0.021576121 -0.02340107 0.69625 0.5
21.637345 21.99159 0.0075147633 0.018409171 0.502972 0.5
20.031582 15.904054 0.025950792 -0.015867835 4.066135 0.5
23.215208 7.7126437 0.020836357 0.0080333632 3.026607 0.5
12.068284 26.21778 0.0526995 -0.007040687 6.171553 0.5
22.460863 12.186483 -0.0014333393 0.0015350286 3.767955 0.5
14.547191 18.0299 -0.011195694 -0.022447058 5.349705 0.5
25.902957 19.79675 0.005987494 -0.00086701128 3.28374 0.5
14.106268 19.05646 0.011201074 -0.013416378 1.964272 0.5
21.373292 20.605703 -0.012088438 0.00021401389 1.170799 0.5
15.912337 23.09976 0.0042400212 0.007372051 0.802835 0.5
3.7518736 20.032166 0.04580341 0.0029483148 5.063896 0.5
26.51572 16.185381 -0.00057306546 -0.0010102035 2.243796 0.5
15.320827 22.140549 0.11139078 -0.0026429739 5.270568 0.5
7.8587347 24.639581 0.0097004526 -0.028796397 5.757172 0.5
13.610371 16.767671 0.01417298 0.018778174 5.271397 0.5
3.5120819 17.27177 0.061054921 -0.010059044 3.151318 0.5
12.109312 18.29425 0.019669017 0.0093735409 0.221595 0.5
15.000339 13.53612 0.0050873011 0.0064272525 1.510648 0.5
24.507261 17.837342 -0.017348996 0.036091379 5.29405 0.5
10.350297 12.00408 0.060000468 -0.069576507 2.737677 0.5
16.176814 1.9000395 0.00046392417 0.0025897935 4.134415 0.5
14.366184 3.0393227 -0.015531564 0.0042553442 1.432456 0.5
11.618067 23.0017 0.01535759 0.064311626 2.840655 0.5
10.649051 14.818965 0.017800882 0.001324023 2.899005 0.5
2.6028225 16.096626 0.029873445 0.0052136824 4.137855 0.5
18.109436 19.455664 -0.008146988 0.014470203 1.992807 0.5
25.44702 12.281513 0.0021131514 -0.0021429566 0.375558 0.5
10.616371 22.131133 0.0074949064 0.00099498462 0.629977 0.5
6.6732347 20.507316 -0.04995443 0.0052150603 5.301885 0.5
1.8778128 19.696962 -0.01390156 -0.0032933249 1.197725 0.5
1.0272341 15.285401 0.013513279 -0.00022879239 2.939026 0.5
20.161518 9.8465544 -0.004219207 0.014224876 3.912909 0.5
14.41061 21.066694 0.058691779 0.030658341 3.115045 0.5
21.328019 12.683489 -0.0023520044 0.0031819441 1.662001 0.5
23.07796 17.640983 0.015565929 0.010347139 0.131507 0.5
