# x y vx vy theta radius
23.40466 10.931494 -0.98272061 -0.20249614 3.8559107 0.5
7.3294011 13.231072 -0.0069063544 -0.018088402 1.764168 0.5
14.421251 23.561252 -0.0091564477 -0.0063499263 3.951996 0.5
22.32864 18.572742 -0.068537164 0.0048840636 4.259518 0.5
20.460729 7.5248579 -0.20904438 -0.1307892 1.882067 0.5
0.89226841 12.795926 0.0022980706 -2.1055832e-05 0.92276 0.5
14.050296 26.045014 -0.002684604 0.00030290131 4.981497 0.5
5.2643895 23.018098 -0.011199112 0.0060110015 0.663689 0.5
15.709462 1.0295489 3.9806785e-05 0.00010431687 4.599871 0.5
19.922441 10.676425 -0.10789646 -0.046209715 3.315122 0.5
14.026747 20.775938 -0.015235389 -0.0089594538 5.224588 0.5
6.418074 20.50925 -0.005513919 0.00010576561 4.739779 0.5
15.15434 20.785666 -0.0059486872 -0.021594125 0.624425 0.5
4.7778574 7.1402796 0.0016621493 -0.0010228322 0.734434 0.5
24.765112 20.377059 -0.033068785 -0.027821967 4.989084 0.5
5.4065799 21.140767 0.003410672 0.0030443842 2.508867 0.5
9.4416943 5.1237917 5.9612944e-05 0.00016476352 5.939565 0.5
20.528444 25.09437 -0.018806279 0.014946473 0.028815 0.5
7.2744687 21.260931 -0.013303169 -0.0034569526 3.449449 0.5
5.4745675 14.03848 -0.01362569 -0.0083997994 0.592282 0.5
5.273346 11.181398 -0.0032623144 -0.0012237613 6.045768 0.5
15.627509 5.4092778 -0.010279238 -0.0014552208 0.890473 0.5
26.802108 10.336743 0.60091288 -0.11354028 2.353219 0.5
3.1817923 9.2212134 -6.2387381e-05 -3.9829728e-05 1.672869 0.5
20.938957 2.938705 -0.00032562021 0.0067195653 4.21507 0.5
3.8464596 21.000433 0.00019460948 -0.0012523507 0.4829 0.5
15.466741 3.9311548 -0.0032229405 0.0027031902 6.274711 0.5
12.239475 24.633097 0.00095743677 -0.010539905 1.301021 0.5
12.334631 2.556632 0.0011443558 0.0020936324 3.538852 0.5
10.964431 24.550253 -0.023001486 -0.012696336 1.72413 0.5
6.3162094 23.435933 -0.0025620853 -0.0012458285 0.779811 0.5
16.739243 3.1891312 -0.0068019997 0.0013872406 1.209651 0.5
10.61542 23.086326 -0.0047019307 -0.011152131 5.377079 0.5
11.131548 6.3551127 3.4955362e-05 0.00026815304 3.122843 0.5
9.5176817 8.865126 -0.0017773048 0.0064781713 4.105439 0.5
19.453501 25.7542 -0.008622082 9.7728864e-05 2.246795 0.5
13.340716 21.671698 -0.01152235 -0.025898032 3.468535 0.5
18.634696 2.0729707 -0.0027397544 0.0022526576 5.532293 0.5
13.27847 10.809088 2.1364745e-05 2.8450937e-05 0.531572 0.5
12.849664 18.452821 -0.012969514 -0.01004393 5.261584 0.5
14.388962 27.186434 -0.018257492 0.0048543356 0.040113 0.5
12.213226 4.7307213 -0.0047137928 0.0031881128 4.576591 0.5
17.788095 10.705225 -0.036125714 -0.025989548 0.209824 0.5
8.4426588 21.897005 -0.020331051 -0.0075023704 1.770879 0.5
15.654019 7.0434537 -0.0049171927 -0.0022224449 4.791815 0.5
2.99282 12.067522 -0.0002355225 -2.8628523e-05 2.522673 0.5
23.847144 5.6023822 -0.11398093 -0.133851 3.232151 0.5
5.1217848 15.389323 -0.0001693785 -0.0014145111 0.943125 0.5
0.73902071 15.713486 -0.0015094267 -0.0012772055 1.031271 0.5
17.861898 23.401495 -0.008416236 0.0030830842 1.523797 0.5
13.913077 15.988154 -0.25139 0.33282694 1.787492 0.5
1.9864657 9.6930334 0.00012034602 -0.00013491893 3.056837 0.5
2.9036995 17.348327 0.0018986371 0.0011314839 3.332967 0.5
17.976463 15.486397 -0.030910519 0.0094129774 3.889918 0.5
3.340787 19.819755 -0.0017599618 -2.9629019e-05 1.775857 0.5
12.996512 23.670112 -0.013849229 -0.023783248 4.33857 0.5
23.6369 6.7979258 0.037925359 -0.297731 2.652322 0.5
16.948431 4.3068582 0.0040150182 -0.00220665 1.360759 0.5
22.754209 7.5310484 -0.29380373 -0.10811921 1.350476 0.5
24.099875 7.9506765 0.10193856 0.09289082 3.139709 0.5
20.006444 4.0914241 -0.070840392 -0.3141654 3.877928 0.5
6.4838725 19.340917 -0.0010161855 -0.011684509 4.111005 0.5
9.9006727 23.970081 -0.022638958 -0.0078513342 4.354529 0.5
25.583879 12.211793 0.34141805 0.39258955 1.958136 0.5
16.413124 20.844908 0.0087732148 -0.0048817851 1.935129 0.5
24.228229 9.6666209 -0.042602088 -0.13858601 0.983243 0.5
17.533224 19.96408 -0.0069359236 -0.027168956 4.524452 0.5
2.6731746 10.646056 -0.00037440373 -0.0017242477 4.628506 0.5
12.418834 15.975042 0.008840441 9.9980948e-05 4.619789 0.5
11.868842 26.940688 -0.022554005 0.001293818 6.246698 0.5
13.427095 11.948669 -0.37960639 -0.1106217 2.597917 0.5
21.817637 9.7164511 -0.080649198 0.001607899 5.540445 0.5
8.278889 8.6190693 -0.00036176191 -0.004002 1.135786 0.5
7.8411433 17.568496 -0.011405891 -0.010341784 0.649744 0.5
11.242786 18.744047 -0.0093160615 -0.022183904 4.647872 0.5
14.179403 8.1092268 -0.00052422979 -0.002124314 3.116928 0.5
18.400435 9.248629 -0.38351932 -0.05936693 1.058365 0.5
20.74481 20.900901 -0.0019977409 -0.021022123 1.223223 0.5
10.599729 26.890031 0.016181913 -0.011160313 6.185729 0.5
2.946013 16.11294 8.4108957e-05 -0.00022745054 5.03693 0.5
1.202943 17.270371 -0.0015950498 -0.0010279695 0.158334 0.5
9.9968819 13.446662 -0.0017344691 -0.00054274176 0.09489 0.5
15.606336 27.324214 -0.0043267582 -0.0077341687 3.182579 0.5
27.117009 14.141935 -0.07858531 0.0011604269 5.999337 0.5
27.173198 15.344424 -0.0020112915 0.0037861198 0.712677 0.5
11.898577 19.767271 -0.012238483 0.002819982 1.70588 0.5
14.981968 18.231804 -0.033433869 -0.049898273 5.092516 0.5
4.0718073 6.1681052 -0.0014314043 -0.0018495245 0.506989 0.5
11.330757 20.902236 -0.021069441 -0.014829354 4.452103 0.5
13.940235 1.7082883 0.0029150627 0.002092354 3.429354 0.5
9.4735879 1.7477252 0.0012457672 0.0081836279 5.942963 0.5
4.5322056 21.963599 -0.0027583039 -0.0019264892 2.062723 0.5
19.623598 6.7021562 -0.0048646193 -0.11302631 2.598321 0.5
13.450056 24.78986 -0.018050682 -0.012563632 6.159219 0.5
23.026707 23.928385 -0.064635838 0.060634795 1.488917 0.5
13.27806 26.874087 -0.002902607 -0.020172046 1.927238 0.5
22.634465 5.3532371 -0.16255212 0.15731781 3.98558 0.5
6.5819343 7.7683977 0.00016730518 -0.00018427048 3.515453 0.5
25.467583 14.522548 0.071576129 0.62944681 3.362574 0.5
9.9081751 20.461824 -0.024657363 -0.0088975758 2.617045 0.5
16.675533 17.846674 -0.055978499 -0.03476387 4.416501 0.5
12.108174 7.2709804 0.0018411282 0.0018573801 2.357123 0.5
26.931659 11.497678 0.96987203 0.27845081 0.027213 0.5
9.8490581 17.165315 -0.00083745082 0.0075115184 3.270335 0.5
17.967281 5.2813229 0.0044631559 -0.0022256109 5.133302 0.5
3.096579 18.521991 -0.00039825254 -0.0019038353 4.163048 0.5
3.8456753 15.422403 0.0007599427 -0.0026624086 3.93618 0.5
24.803572 7.0214515 0.073472567 -0.30175816 5.951127 0.5
18.42425 6.7790095 -0.25968984 -0.17842754 4.082451 0.5
14.437388 22.09607 -0.014731176 -0.010664447 1.780305 0.5
11.203911 9.6411202 -0.00046215517 -0.0004199752 2.847882 0.5
21.423637 16.800544 -0.19821863 -0.046505509 1.767937 0.5
14.584354 14.659178 -0.18508687 -0.14259942 0.00135 0.5
19.747084 2.3309925 -0.087915443 -0.042103451 5.312468 0.5
9.351522 25.189169 -0.0091026209 -0.02524816 0.320289 0.5
18.648145 3.9838004 0.048375059 -0.041853544 0.581132 0.5
7.2509277 2.4964148 -0.0042409505 -0.00080992732 3.087421 0.5
8.9572956 17.903243 -0.0030679756 0.00066700815 3.560403 0.5
7.5382012 18.755714 -0.0026903448 -0.0082061318 0.555117 0.5
16.584191 10.93926 -0.25193455 -0.026027085 6.220608 0.5
20.301837 5.2527198 -0.01772626 -0.27027886 5.652715 0.5
1.8985764 8.3606228 0.00032014778 -0.00037444578 0.827952 0.5
17.468127 16.731413 -0.028719294 -0.06514669 1.054048 0.5
17.185465 6.4843156 -0.0055387017 0.00063767839 0.319962 0.5
5.7774965 5.5093342 4.5648654e-06 0.00010606434 2.464344 0.5
6.8771426 10.176306 0.001212153 0.0012919105 3.780782 0.5
8.844573 20.848142 -0.00034002708 -0.0087680913 0.745414 0.5
20.217459 23.224666 -0.017894021 -0.007084981 3.348875 0.5
18.626103 18.159284 -0.0295946 -0.032336918 5.365761 0.5
15.494139 24.046773 -0.024886316 -0.013386827 0.445642 0.5
17.545479 18.614375 -0.01838389 0.050400877 2.979068 0.5
14.684481 24.993688 -0.016055023 -0.004083097 2.813895 0.5
2.6660659 20.92403 -0.00034634245 -0.00035585529 4.039246 0.5
9.9669286 6.8359331 0.0002546837 -0.0027131688 4.602055 0.5
1.9477341 13.200178 -0.001988887 -0.00029772464 1.676583 0.5
11.114834 17.197999 -0.0091532374 0.0002045874 1.207935 0.5
15.110915 10.459364 -0.2741153 0.042620714 6.164191 0.5
17.510147 25.687911 -0.018636246 0.0027497658 1.491784 0.5
1.9052625 14.829851 0.0014495574 -0.0013420446 6.269379 0.5
14.107433 17.490937 -0.028169545 -0.022114394 0.35856 0.5
9.7319185 19.314022 -0.0034757514 -0.0078170443 0.326238 0.5
8.6280888 16.696262 -0.0045128701 -0.019096821 1.608548 0.5
3.1144143 14.366009 -3.0226961e-05 -0.0011002165 2.616667 0.5
7.4934857 20.137656 -0.00092300006 -0.013466895 0.410672 0.5
6.1639671 3.1140198 -1.0075866e-05 1.4600627e-05 3.210668 0.5
18.174197 26.735744 -0.010825335 0.023368324 0.309541 0.5
16.098971 25.087484 -0.009149688 -0.01381187 1.761874 0.5
13.046009 13.389801 -0.021011489 -0.020089205 4.731547 0.5
13.33214 19.813316 -0.0077471319 0.0018830211 0.313065 0.5
17.894733 3.1473593 -0.1805213 -0.19312031 0.087229 0.5
17.277574 9.6581825 -0.15745213 -0.21050397 5.713071 0.5
7.8411528 6.2685414 0.00047747065 0.0059957079 0.34983 0.5
6.3480247 24.653302 -0.021432364 -0.020628055 2.015368 0.5
8.2753049 2.0114708 -0.00096288511 0.0002280238 0.42176 0.5
27.038449 16.515917 -0.017932603 0.093754197 5.580866 0.5
11.005541 16.004142 -0.0039888448 -0.0085335223 4.066321 0.5
12.972612 3.6163773 -0.0079138052 0.001776553 5.863794 0.5
19.205415 19.315549 0.030961556 0.093795878 5.355125 0.5
9.8600054 14.971121 0.0016694433 -0.0069745094 5.404824 0.5
18.177763 12.134718 0.066574242 -0.040515363 1.361005 0.5
5.7421887 18.285391 -0.00043963615 -0.0011424144 5.19755 0.5
13.983298 4.9610994 -0.0025727863 -0.00406346 5.853071 0.5
17.040017 27.035185 0.0042035268 -0.0078468222 2.830697 0.5
13.067008 5.7507465 0.0042507994 0.0058343298 3.251414 0.5
1.559443 11.433336 0.00012444922 7.363827e-05 3.305262 0.5
16.19413 15.519801 -0.0097867492 -0.0078034744 3.841898 0.5
4.1938937 18.066899 0.0010747031 -0.00083001359 4.917041 0.5
21.851801 24.20373 0.00048342772 0.025239378 1.726803 0.5
7.7094967 22.769296 -0.0075797533 -0.004423666 2.534849 0.5
3.9749301 16.691891 0.0001556863 -4.5901232e-05 1.985571 0.5
25.411291 8.0531844 -0.38168052 0.046879411 5.636684 0.5
22.930678 20.379417 -0.063100958 -0.01680097 0.642493 0.5
20.720247 6.3344149 -0.045296816 0.11401863 5.796573 0.5
10.042935 21.737823 -0.0065025752 -0.029177037 4.738871 0.5
9.2118493 10.659157 -0.0018459483 -0.00044617465 1.568073 0.5
11.639009 25.631832 -0.014012888 0.00067776317 2.749741 0.5
5.1216095 16.924226 -0.00020333565 -0.0019733955 1.171823 0.5
9.5290845 22.765778 0.012300203 -0.0064727462 2.226958 0.5
11.170778 14.612113 0.004455062 0.0033452071 1.548545 0.5
3.3663214 13.233135 0.00020497509 -0.00052802815 3.653333 0.5
19.067569 7.7002682 0.13286678 -0.15336605 4.394256 0.5
10.648381 1.0599135 0.0016839343 0.0004814189 0.605652 0.5
12.432174 22.642388 -0.0026626303 -0.020632605 3.106146 0.5
19.062456 5.0532661 -0.29491843 -0.08393666 3.095002 0.5
8.3470845 24.687976 -0.014545696 -0.004961922 1.841384 0.5
9.2540391 26.527163 -0.0072971458 -0.021428442 6.034028 0.5
17.822478 1.2620845 -0.00049666242 0.0032391368 1.857551 0.5
15.5143 19.680973 -0.018747028 -0.0049278316 1.702664 0.5
12.880612 17.286589 -0.010328091 -0.03540209 1.16125 0.5
25.87152 16.384595 -0.0041831554 0.0011794095 4.720586 0.5
20.726577 18.882864 0.02767558 -0.016417765 0.205718 0.5
19.382514 16.886908 0.073875967 0.048739935 5.820667 0.5
16.317423 13.284547 -0.16686702 -0.13797161 3.894129 0.5
16.146051 23.080823 -0.021064977 -0.014836389 3.074393 0.5
19.516286 24.390323 0.00085578274 -0.012698765 0.467747 0.5
7.5780655 15.108564 0.00072727945 0.0079027807 5.60533 0.5
11.613526 23.607035 -0.020756244 -0.016632756 6.227367 0.5
16.462934 7.9225984 -0.013144719 0.0034982998 5.177094 0.5
24.219129 18.767203 -0.082511116 -0.059313791 0.203779 0.5
18.654592 20.346268 -1.3936121e-05 -0.033991867 6.095105 0.5
3.3066292 22.003563 -0.0032668788 -0.0061405463 5.150288 0.5
6.3307065 21.957967 -0.0065298527 -0.00054055674 3.059892 0.5
11.20437 22.082994 0.0007608012 -0.030082808 3.692189 0.5
4.1295171 23.064728 -0.0098541157 -0.0096548137 3.246869 0.5
19.965749 8.6372118 -0.10209484 0.018918525 2.032293 0.5
5.3376609 20.020261 -0.013393042 -0.0032215644 6.136396 0.5
8.8225737 13.507127 -0.00064087729 -0.0011045411 4.563161 0.5
19.060655 22.37218 -0.003974908 -0.01699911 5.916686 0.5
7.3018346 23.993951 -0.021580339 -0.026243223 1.344992 0.5
12.343726 14.47494 0.0010069873 -0.024223434 3.633442 0.5
24.466533 22.148488 -0.013953923 -0.0036163633 2.78777 0.5
15.420115 26.108457 -0.0083269747 0.004093115 1.483056 0.5
16.911873 24.313919 -0.016658714 0.012278245 0.879468 0.5
12.81227 25.761204 -0.0075520126 -0.0082321341 4.923104 0.5
8.1546333 26.072119 -0.027958922 -0.021600816 5.350229 0.5
4.1259817 8.4736715 -0.0045471741 -0.00021480301 1.508644 0.5
1.7431872 18.768808 -0.00090279781 9.8159233e-05 4.32761 0.5
8.5822728 7.1547903 -0.0033192713 6.654378e-05 1.3724 0.5
9.293139 12.320895 -0.0019718628 0.00077032381 2.64206 0.5
5.5765079 9.2002588 -0.00034834522 -0.00054186862 2.466218 0.5
4.316998 10.125177 0.00011254778 -0.00015007765 0.69625 0.5
15.819982 21.876429 -0.0045143316 -0.01050045 0.502972 0.5
12.202005 0.86561753 -0.00046757582 0.0026334811 4.066135 0.5
13.966975 18.82761 -0.16938202 0.065630627 3.026607 0.5
6.6063875 16.958195 -0.0049537582 -0.0042583353 6.171553 0.5
22.029138 3.2675518 0.023529555 -0.048544787 3.767955 0.5
20.324549 15.330332 0.1149122 0.012155943 5.349705 0.5
3.4809913 7.5001255 9.747918e-05 -0.00034239555 3.28374 0.5
14.384998 6.2393205 -0.0090259678 0.0060715686 1.964272 0.5
5.2242779 12.309478 0.0014958972 0.0034120788 1.170799 0.5
7.9696927 3.5714652 -0.0026721269 -0.00077516233 0.802835 0.5
10.555496 4.3820045 0.00022038029 0.00018919829 5.063896 0.5
23.336786 4.4835735 -0.26256829 -0.23149895 2.243796 0.5
8.5900629 23.55157 -0.0064210778 0.0016429985 5.270568 0.5
6.1546696 13.10363 0.0031672562 -0.004651843 5.757172 0.5
23.40136 21.735676 0.011524791 0.022568005 5.271397 0.5
0.57462513 14.029105 5.1267647e-05 -0.0001122764 3.151318 0.5
6.2440704 15.164925 -0.01281111 0.010725672 0.221595 0.5
5.2653886 24.168606 -0.0072299951 -0.013216471 1.510648 0.5
17.629896 8.4055346 -0.36346641 -0.019571769 5.29405 0.5
11.183704 2.0607122 -0.0013706776 0.0026392747 2.737677 0.5
12.495596 20.79566 -0.0048890549 -0.0096848315 4.134415 0.5
7.7360029 5.0759258 -0.0019869383 0.00022597701 1.432456 0.5
25.868592 9.57068 -0.17284861 -0.1806488 2.840655 0.5
17.249258 21.652598 0.0011301208 -0.014401182 2.899005 0.5
18.198322 24.75846 -0.01972972 0.0020834261 4.137855 0.5
10.426522 25.584997 -0.013463796 -0.010109305 1.992807 0.5
7.0960243 25.52611 0.0040861659 -0.0060295069 0.375558 0.5
21.582533 7.3212789 0.095302877 -0.051640654 0.629977 0.5
1.7460985 16.273741 -0.00087054718 0.00015406621 5.301885 0.5
25.248218 13.502917 0.29563173 0.3828765 1.197725 0.5
4.3608294 19.345351 -0.0017450028 -0.0013295001 2.939026 0.5
4.3981436 14.423951 -0.00027283194 0.00023528708 3.912909 0.5
8.5065518 19.385432 -0.0075420955 -0.0040278442 3.115045 0.5
2.2124664 19.802791 0.00022061766 -0.0011154331 1.662001 0.5
21.497026 4.6768593 -0.026413998 -0.023415854 0.131507 0.5
