# x y vx vy theta radius
9.0151218 2.6767993 0.60297379 -1.5782054 0.69731568 0.5
17.953958 11.728615 0.0052037125 -0.0060284827 1.764168 0.5
15.088837 14.525121 -0.0078239174 0.0014683783 3.951996 0.5
14.326671 22.058566 -0.001774308 -0.016441337 4.259518 0.5
23.092873 4.2025535 0.00077397348 -0.0016411074 1.882067 0.5
20.292455 7.8476321 0.001311874 -7.5797736e-05 0.92276 0.5
18.813636 5.1744227 -0.00080941147 0.0019645029 4.981497 0.5
11.5476 19.182055 -0.0027184196 -0.02685615 0.663689 0.5
25.476747 20.986769 -0.0020683279 -0.0015287032 4.599871 0.5
21.846681 4.7732904 -0.0046211518 0.0026586016 3.315122 0.5
23.541689 12.221836 6.9877278e-06 -0.001841859 5.224588 0.5
10.414704 19.268008 0.0059669714 -0.0043012116 4.739779 0.5
27.231776 12.175503 -0.00011774205 -0.0019107819 0.624425 0.5
19.335158 6.8437853 -0.0016891795 -0.003461298 0.734434 0.5
21.368998 23.807159 0.0011530679 -0.0012786863 4.989084 0.5
22.651802 14.193418 -0.0047985299 -0.00068957173 2.508867 0.5
17.996908 19.106947 -0.0030371307 -0.0090704196 5.939565 0.5
10.619845 1.5153332 0.1371779 0.068721277 0.028815 0.5
8.6909917 23.68418 0.0062519869 0.010742416 3.449449 0.5
26.829762 10.966901 -0.0012347033 0.00092758886 0.592282 0.5
18.042901 10.366646 -0.0019359136 -0.0022514205 6.045768 0.5
16.68457 25.337374 -0.0027290003 0.010008241 0.890473 0.5
10.246254 3.5614694 0.96125054 0.085300096 2.353219 0.5
3.3892549 12.716819 0.17752343 -0.17477605 1.672869 0.5
22.156991 17.887626 -0.0040540275 -0.00503066 4.21507 0.5
8.5942024 24.807024 0.018149456 -0.0013935065 0.4829 0.5
20.613534 15.133962 -0.0030882809 -0.0053326064 6.274711 0.5
14.207888 15.724099 -0.0014170978 0.00039647162 1.301021 0.5
9.3243815 6.1008504 -0.063847213 0.081755814 3.538852 0.5
15.813778 22.410007 0.0058217221 -0.019049638 1.72413 0.5
10.225401 9.2944436 -0.013551662 -0.0033430634 0.779811 0.5
7.4518054 13.261909 0.033718922 -0.031152607 1.209651 0.5
18.558715 1.5596971 -0.0018091193 -0.0015952518 5.377079 0.5
12.658297 26.014593 0.01219236 0.0037779462 3.122843 0.5
17.707949 4.6827653 -0.01003707 -0.0025785348 4.105439 0.5
15.265541 4.771996 -0.001483843 1.1200712e-06 2.246795 0.5
12.67337 20.236887 -0.0020764644 -0.01283697 3.468535 0.5
20.46868 13.393946 -7.7294663e-05 0.00070011887 5.532293 0.5
13.147461 4.2326126 0.083809071 0.023600176 0.531572 0.5
25.709478 10.212795 -0.001349877 -0.0042559599 5.261584 0.5
26.206736 14.184583 2.9367953e-05 -0.0017055115 0.040113 0.5
14.020775 1.1528807 0.058492648 0.029143934 4.576591 0.5
19.566219 18.762857 0.0063112409 -0.0072020438 0.209824 0.5
24.432494 10.129051 -0.0027375079 0.00036772927 1.770879 0.5
20.01429 22.089638 0.00025379257 -0.0029151259 4.791815 0.5
18.646928 17.691576 -0.0041607504 -0.0021988396 2.522673 0.5
18.898914 13.667529 -0.0047906074 -0.00019155779 3.232151 0.5
20.965581 3.9550395 -0.0021781681 -0.0036293001 0.943125 0.5
16.91113 27.103135 0.0010167733 0.0027726887 1.031271 0.5
23.364802 6.4505425 0.00074422069 -0.00058555492 1.523797 0.5
17.801639 21.125153 -0.00092019051 -0.0089191639 1.787492 0.5
13.960521 23.862297 -0.001191862 -0.010972454 3.056837 0.5
26.596502 18.43912 0.0024126528 -0.0011453776 3.332967 0.5
21.820642 10.44319 -0.0018696289 -0.00095243078 3.889918 0.5
19.063198 23.969661 -0.0097013506 0.0038119839 1.775857 0.5
4.6294365 11.823421 0.32278756 0.089305841 4.33857 0.5
15.229917 1.8613008 0.046658988 -0.0053882975 2.652322 0.5
1.4663245 9.9150603 0.17359025 0.07058116 1.360759 0.5
14.723316 11.272051 -9.3701674e-05 -0.019578298 1.350476 0.5
19.853886 9.1093625 -0.0025313112 -0.0053880662 3.139709 0.5
19.800713 3.116575 -0.0045842598 -0.0049359869 3.877928 0.5
17.926815 23.674013 0.003981634 -0.010321727 4.111005 0.5
11.725325 10.07434 -0.016472482 -0.016781836 4.354529 0.5
19.56019 16.847731 -0.00052005634 -0.0039464837 1.958136 0.5
17.769196 7.2883835 -0.0002591709 -1.55767e-06 1.935129 0.5
1.6183165 15.176979 0.025656721 -0.30170488 0.983243 0.5
23.113819 9.9093445 0.0059879554 0.00079856506 4.524452 0.5
3.6857868 19.236936 0.029688468 -0.15391381 4.628506 0.5
20.558775 19.337063 -0.0021823656 0.0040487601 4.619789 0.5
7.122972 9.9930096 0.04186408 0.082827755 6.246698 0.5
11.258698 20.723874 -0.0031550746 -0.0035991573 2.597917 0.5
23.559411 19.903716 0.0030756076 0.0012562682 5.540445 0.5
22.764717 5.4352492 -0.00062376866 -0.00017646952 1.135786 0.5
24.795958 21.926183 0.00056795999 -0.00057690379 0.649744 0.5
13.950524 5.8342018 0.091042247 0.10763723 4.647872 0.5
15.415009 25.8617 0.0054483357 0.0034816097 3.116928 0.5
25.219455 16.405242 -0.0041492609 0.00079065874 1.058365 0.5
5.4911448 22.909165 0.0056818336 -0.016907371 1.223223 0.5
22.526809 12.829361 -0.00021015298 -1.9025828e-06 6.185729 0.5
24.915895 6.3017545 -0.001882842 -0.0051135601 5.03693 0.5
4.2500419 14.194709 0.090110477 -0.088766323 0.158334 0.5
25.51108 18.723628 0.0027880876 -0.00055186389 0.09489 0.5
9.0516233 21.32672 -0.014228586 -0.00047888866 3.182579 0.5
22.548941 8.8010012 -0.0008835933 0.0020628317 5.999337 0.5
10.269693 18.016614 -0.0095518575 -0.0065916585 0.712677 0.5
1.9292106 19.892256 -0.012155769 0.006769127 1.70588 0.5
19.630289 20.004013 0.0018402696 -0.013050406 5.092516 0.5
4.8829008 17.360613 0.018691069 -0.01332423 0.506989 0.5
2.718861 14.517356 0.21868708 0.2058733 4.452103 0.5
25.554525 17.555001 0.00013340969 -0.0057058151 3.429354 0.5
17.6084 14.806012 -0.013479705 0.016542691 5.942963 0.5
16.748114 12.173024 -0.0082025202 -0.0043659311 2.062723 0.5
13.217786 27.416327 -0.0049688896 -0.0031998932 2.598321 0.5
24.230362 18.454567 -0.00051146406 0.00097766653 6.159219 0.5
2.6943094 18.34963 0.13490121 0.19928739 1.488917 0.5
24.733481 11.386318 0.0014149568 -0.00087825385 1.927238 0.5
25.889679 13.071328 0.00090597731 0.0019317393 3.98558 0.5
18.700121 22.411606 0.0044628916 -0.007617368 3.515453 0.5
14.356535 27.295868 0.005721823 0.00036155722 3.362574 0.5
19.243007 26.29244 0.0050744351 -0.00045047872 2.617045 0.5
15.410183 3.4328643 -0.0037150932 -0.0019745988 4.416501 0.5
3.1044475 17.255487 0.18390531 0.098737045 2.357123 0.5
17.739949 3.4901852 0.0014543545 -0.0020261907 0.027213 0.5
22.674222 20.770812 -0.0016010905 -0.0008549155 3.270335 0.5
19.131194 11.083968 0.0022490787 0.0037537183 5.133302 0.5
9.4624425 15.542257 -0.0027013397 -0.016569979 4.163048 0.5
24.553049 12.791828 -0.0018133102 -0.0019261816 3.93618 0.5
3.2035218 10.153074 0.13602457 -0.044713321 5.951127 0.5
16.695185 4.1150325 -0.0028717874 -0.0027459714 4.082451 0.5
11.675176 5.1958273 0.032145613 0.023973916 1.780305 0.5
19.11102 21.27679 0.005933591 -0.0043718813 2.847882 0.5
1.0769216 13.004767 0.017873561 0.19527479 1.767937 0.5
21.360078 20.376117 1.8178902e-05 0.00040237036 0.00135 0.5
13.918219 19.530906 -0.0082872193 -0.014694264 5.312468 0.5
14.195179 26.084788 -0.0027778308 -0.00015987124 0.320289 0.5
4.9097817 18.818265 0.1678204 -0.080315674 0.581132 0.5
15.231722 0.66292414 0.067850612 -0.02915408 3.087421 0.5
26.969149 15.871919 0.00099485001 -3.0661109e-05 3.560403 0.5
16.531181 20.236536 -0.0084865094 -0.011810857 0.555117 0.5
22.051095 7.0745033 -0.0045514959 -0.0042024526 6.220608 0.5
11.047858 25.783055 0.032415203 -0.017100475 5.652715 0.5
23.083955 17.183455 8.5848956e-05 -0.00347288 0.827952 0.5
7.4240945 19.884145 -0.0031760933 -0.007961253 1.054048 0.5
17.392389 17.551509 0.0040920727 -0.0049273492 0.319962 0.5
25.607146 7.2732261 -0.006470889 -0.0041782688 2.464344 0.5
14.966802 8.8344303 -0.0061485595 -0.0021499685 3.780782 0.5
26.088125 19.867906 0.0024465274 -0.006962806 0.745414 0.5
26.835516 17.071349 0.0010340649 -0.0037191683 3.348875 0.5
7.5239211 21.953171 0.022730376 -0.00025224733 5.365761 0.5
13.026929 2.0651088 0.0085556348 0.0060535696 0.445642 0.5
15.547477 27.330139 0.0055609924 -0.0086145161 2.979068 0.5
22.195145 22.945052 -0.0029777821 -0.0054148117 2.813895 0.5
12.151145 0.71592348 -0.043213885 0.057708296 4.039246 0.5
26.098177 8.2824065 -0.00510899 0.0004621134 4.602055 0.5
12.030895 27.231851 0.00018396391 0.0045681945 1.676583 0.5
18.512645 9.0487319 -0.010257244 -0.0061556217 1.207935 0.5
12.090601 11.350233 -0.0071733121 -0.0004594129 6.164191 0.5
4.3672355 21.938285 -0.010911079 -0.00090268188 1.491784 0.5
12.748644 22.071385 -9.2717113e-05 -0.0079090679 6.269379 0.5
5.9601707 21.738265 0.03288049 0.16739493 0.35856 0.5
21.427031 8.4414368 0.0027708146 -4.4097953e-05 0.326238 0.5
21.422568 12.457295 0.00075540653 -0.0014022451 1.608548 0.5
21.317604 14.244202 -0.0023124241 -0.0022394691 2.616667 0.5
23.029731 7.6622794 -0.003248384 -0.0036715076 0.410672 0.5
3.9950018 6.1347475 -0.0074654012 0.06116539 3.210668 0.5
10.094951 5.0189324 0.079072325 0.040545138 0.309541 0.5
21.077559 9.5322336 0.0066059062 0.0048915212 1.761874 0.5
19.800854 4.4446721 -0.0027828651 0.0036133154 4.731547 0.5
16.858295 10.764193 -0.0077586986 -0.01090467 0.313065 0.5
22.184474 3.4483782 -0.0030258121 -0.0012456057 0.087229 0.5
22.114137 19.417458 0.0011714505 0.0040596942 5.713071 0.5
8.1083346 26.020078 -0.0047359246 0.00084163773 0.34983 0.5
6.9540269 25.20981 -0.013879689 -0.0080035774 2.015368 0.5
5.8555717 20.599048 0.34817444 -0.068312467 0.42176 0.5
2.355195 11.122072 0.0030956316 0.18070839 5.580866 0.5
23.11377 18.806999 0.00050513332 -0.0006111877 4.066321 0.5
20.910649 2.640253 -0.0076784005 -0.0016825796 5.863794 0.5
20.746681 5.2291972 -0.002632396 -0.0017272224 5.355125 0.5
5.0385941 7.3397929 -0.078666891 0.22405395 5.404824 0.5
21.084697 17.545111 -0.0049387208 -0.00030248454 1.361005 0.5
25.783602 11.811699 -1.1921669e-05 -0.0025366817 5.19755 0.5
24.332809 20.821677 -0.00064840729 0.0024402182 5.853071 0.5
9.6284323 22.338729 -0.0005880417 0.0026955178 2.830697 0.5
2.7829537 15.855376 0.037257062 -0.20668479 3.251414 0.5
19.844888 1.9405722 -0.010071271 -0.0014115692 3.305262 0.5
24.726125 19.645609 0.0044112259 -0.0028379737 3.841898 0.5
8.8343646 14.530716 0.0050302259 -0.012582232 4.917041 0.5
5.6910493 9.6535378 0.051607675 0.12433808 1.726803 0.5
17.469175 1.2699853 -0.003622654 -0.0026604385 2.534849 0.5
18.892031 14.991087 0.0059352069 0.0028669969 1.985571 0.5
18.683565 2.72822 -0.00063639313 0.0038178513 5.636684 0.5
1.5168848 18.108034 -0.042688192 0.31767266 0.642493 0.5
14.857327 6.7377793 -0.0070481568 -0.0021161392 5.796573 0.5
21.608611 5.9594259 -0.0018898428 0.0012218843 4.738871 0.5
19.537485 12.599639 -0.0070352004 0.0030508973 1.568073 0.5
18.725906 25.088859 -0.0078149612 -0.0070537113 2.749741 0.5
22.238522 16.382793 -0.0040985716 -0.0041744185 1.171823 0.5
23.534373 13.47546 -0.0023083647 -0.0020063798 2.226958 0.5
25.827901 15.441979 -0.00080987268 -0.0011070249 1.548545 0.5
16.364078 9.0516974 -0.0056531476 -0.0047338849 3.653333 0.5
9.8250866 25.212383 -0.0033834892 -0.014625998 4.394256 0.5
22.378021 11.628707 -0.0025167409 -0.0014553308 0.605652 0.5
27.414885 13.389336 0.0029496408 0.0011791632 3.106146 0.5
9.3646879 26.605254 -0.0026341508 0.0090315634 3.095002 0.5
21.782519 15.283864 -0.0032222377 -0.0014227871 1.841384 0.5
23.565158 14.940509 -0.00064944471 -0.0011014742 6.034028 0.5
12.688786 23.551158 0.0041442251 0.00012108623 1.857551 0.5
16.678209 23.749538 -0.010947902 0.012315784 1.702664 0.5
17.522541 13.284168 0.0013242012 -0.004645329 1.16125 0.5
15.375347 19.305826 -0.0038490772 -0.0076835817 4.720586 0.5
16.436959 7.6873241 -0.0043930418 -0.0014578714 0.205718 0.5
17.443433 8.4008347 -0.0031137161 -0.0026435435 5.820667 0.5
23.68444 8.7518952 -0.0026337329 -0.00063561337 3.894129 0.5
6.2752073 17.296482 0.0011471037 -0.038840849 3.074393 0.5
10.620609 6.2137566 -0.040171765 0.051701664 0.467747 0.5
27.205482 14.752873 0.00085512995 -0.00018018361 5.60533 0.5
7.1480639 23.066921 -0.0018234023 -0.014888269 6.227367 0.5
23.643496 11.061234 -1.8026228e-05 0.00090088825 5.177094 0.5
4.5392817 20.474923 -0.089553236 0.25215974 0.203779 0.5
21.341711 25.021933 0.0041084304 -0.0066519712 6.095105 0.5
11.468749 3.8999106 -0.027103472 -0.0037938672 5.150288 0.5
20.854517 16.39595 -0.0029623287 -0.0048922834 3.059892 0.5
12.410456 3.0242229 -0.019596575 -0.034826703 3.692189 0.5
3.1880514 20.433134 0.24827361 0.2843407 3.246869 0.5
17.955225 26.080997 0.015641298 -0.01535243 2.032293 0.5
20.167147 24.566886 0.023388598 0.0044676541 6.136396 0.5
8.8664393 17.867026 0.0026922145 -0.030786656 4.563161 0.5
17.417218 22.395995 -0.0030362583 -0.0094384215 5.916686 0.5
20.439417 25.735144 0.009261637 0.0070766175 1.344992 0.5
9.7917037 23.99515 -0.0064313843 -0.0080913628 3.633442 0.5
6.408198 11.091483 0.010835761 -0.020583241 2.78777 0.5
24.677465 15.367282 -0.0016365463 -0.0020429389 1.483056 0.5
7.0638112 16.375544 -0.0056708217 -0.030347852 0.879468 0.5
2.4678152 8.6204944 0.1751557 0.06790587 4.923104 0.5
15.407103 10.147729 -0.0080664045 -0.0042734451 5.350229 0.5
20.489624 11.705823 0.00083344742 0.0014692662 1.508644 0.5
7.3391958 8.1531735 0.15898437 0.28855191 4.32761 0.5
16.260644 1.4208469 0.024636846 -0.011098898 1.3724 0.5
3.0082212 21.682755 0.015108646 0.0056647024 2.64206 0.5
23.476712 22.101132 0.00055056156 0.001367283 2.466218 0.5
24.392034 17.248173 0.0044048773 -0.0009442712 0.69625 0.5
3.4519891 7.9727783 0.095069575 0.0863609 0.502972 0.5
11.100264 23.296981 -0.0026150451 -0.0037012972 4.066135 0.5
24.5414 7.9011337 0.00032421798 -0.00191631 3.026607 0.5
24.932653 14.175046 -0.0037181113 0.004335996 6.171553 0.5
23.738933 16.155749 -0.0017586066 -0.0006363189 3.767955 0.5
15.600597 21.283754 0.0087753893 -0.0082276883 5.349705 0.5
14.205117 2.7437159 0.037978469 0.078226264 3.28374 0.5
26.630668 9.5172733 -0.0013388978 -0.00089377416 1.964272 0.5
20.541923 6.43157 -0.00024428612 -0.0035854395 1.170799 0.5
16.973632 2.3493197 -0.0054003066 -0.0071378515 0.802835 0.5
24.997285 9.0463664 -0.0038197395 -0.0017072013 5.063896 0.5
21.841775 21.654054 -0.00091432575 0.00018065445 2.243796 0.5
13.024006 13.321391 -0.004270216 0.0012405477 5.270568 0.5
16.111094 6.3982499 -0.0028336416 0.0013633749 5.757172 0.5
6.3323829 19.376462 -8.7711908e-05 -0.0075252069 5.271397 0.5
23.955818 5.3859566 0.00039896553 -0.0055621072 3.151318 0.5
17.413538 5.8970871 -0.0029917685 0.00031949439 0.221595 0.5
16.46402 5.2589473 -0.0044499385 -0.0057120352 1.510648 0.5
16.120482 17.292273 -0.00042021186 -0.011378811 5.29405 0.5
19.018908 8.0121146 0.00043071867 -0.011104915 2.737677 0.5
11.303638 2.7531585 0.037744045 0.030903701 4.134415 0.5
8.5576354 16.726188 0.011636486 -0.0029159444 1.432456 0.5
4.4853524 9.3451334 0.070009235 0.037015763 2.840655 0.5
23.619466 23.236486 -0.00033806307 0.0015120154 2.899005 0.5
21.109283 22.600688 0.011335925 -0.0052484178 4.137855 0.5
9.1411867 19.414448 0.0028485464 -0.0020877201 1.992807 0.5
6.2154629 24.128463 -0.00091291209 0.0025687651 0.375558 0.5
11.346733 24.446762 -0.0047178763 -0.010109352 0.629977 0.5
13.109563 24.905233 0.0068195203 0.0077964102 5.301885 0.5
4.2648685 15.306444 0.35253627 -0.087602637 1.197725 0.5
15.669435 24.53605 0.0090921568 -0.0025262594 2.939026 0.5
22.532011 24.299418 0.0013886422 0.0015546142 3.912909 0.5
20.242807 10.560822 -0.0020920721 0.0012496854 3.115045 0.5
5.5526722 16.302585 0.01267722 -0.024558481 1.662001 0.5
19.897767 23.21569 0.0073797926 -0.010452058 0.131507 0.5
