# x y vx vy theta radius
17.206927 14.769869 0.092421696 0.47995382 5.4122432 0.5
14.895211 20.917004 -0.020059255 -0.020488906 1.764168 0.5
6.6755356 6.3373401 0.056233858 -0.19689104 3.951996 0.5
6.5618349 18.545197 -0.054466162 -0.017546888 4.259518 0.5
18.612239 14.504942 1.8275356 -0.28847671 1.882067 0.5
20.991326 24.151495 0.025153314 -0.04564589 0.92276 0.5
19.466551 8.9858199 0.028292984 0.079945547 4.981497 0.5
17.662363 21.427663 0.010313146 -0.034738846 0.663689 0.5
22.404852 24.258159 -0.036484089 0.040703727 4.599871 0.5
15.862201 3.8819012 0.033631975 0.0014529727 3.315122 0.5
24.764849 21.363118 0.028406727 -0.039845065 5.224588 0.5
15.92601 12.669189 0.37352474 -0.233124 4.739779 0.5
25.035014 17.015776 -0.02418633 0.003406003 0.624425 0.5
27.424615 14.123605 0.01062758 0.014982683 0.734434 0.5
22.89723 12.211467 -0.0054022761 -0.0061386496 4.989084 0.5
9.8118055 1.8814118 -0.0029132999 -0.10285217 2.508867 0.5
19.697371 18.572752 0.023422172 -0.027957558 5.939565 0.5
24.173892 9.6228596 -0.0097582554 -0.032124513 0.028815 0.5
21.729492 19.564293 0.041432998 -0.065549839 3.449449 0.5
19.738853 22.211628 -0.0051699676 -0.025720432 0.592282 0.5
14.898361 7.8269861 -0.049562282 0.031070583 6.045768 0.5
10.674423 7.4371965 -0.085847826 0.020346961 0.890473 0.5
7.898066 23.263806 -0.010052387 -0.048216534 2.353219 0.5
22.202378 3.4071822 0.04598307 0.029371419 1.672869 0.5
19.801629 13.409111 -0.003966267 -0.026909933 4.21507 0.5
23.580398 21.569279 -0.035740709 0.047612065 0.4829 0.5
8.6694379 4.1304085 0.16675018 0.099072414 6.274711 0.5
15.185865 2.8425739 0.003800027 -0.048296645 1.301021 0.5
13.20469 4.3683236 -0.061300583 -0.064110071 3.538852 0.5
3.0618194 7.0404926 -0.096615771 0.25865451 1.72413 0.5
22.241751 9.2907125 -0.031194238 -0.0001445949 0.779811 0.5
4.7869414 20.130956 -0.0035105324 0.0035542021 1.209651 0.5
20.045724 7.8362583 0.031491738 0.070508176 5.377079 0.5
2.6005738 16.443392 0.0053280237 0.0019602289 3.122843 0.5
9.0706354 25.116606 -0.020546368 -0.017175997 4.105439 0.5
21.134065 8.7948045 -0.032090078 0.0083276522 2.246795 0.5
18.566353 24.894354 0.0026699138 -0.0019515 3.468535 0.5
14.713952 3.911538 -0.064731375 0.10694263 5.532293 0.5
7.4992223 10.46408 0.18209476 0.32466715 0.531572 0.5
6.0411989 13.58908 0.052789776 0.024542875 5.261584 0.5
18.760024 15.593286 0.010136376 0.10133751 0.040113 0.5
17.608804 4.9479029 0.065598907 0.029534009 4.576591 0.5
10.317371 26.827785 -0.052003929 0.019028684 0.209824 0.5
21.871173 14.107333 -0.034070852 0.024671045 1.770879 0.5
15.876764 8.8864676 -0.08345882 -0.00058433816 4.791815 0.5
17.017131 3.9373034 -0.0041405805 0.019150705 2.522673 0.5
26.306667 8.8832624 -0.015326524 0.041178349 3.232151 0.5
2.4661992 18.903528 -0.34868259 0.38787002 0.943125 0.5
1.7952675 14.131177 0.00083463411 -0.00033163639 1.031271 0.5
0.68150933 13.133741 -0.0036358421 0.011339495 1.523797 0.5
11.481186 23.712845 -0.034282993 -0.052894624 1.787492 0.5
16.166453 1.7350268 -0.021300767 0.0098130686 3.056837 0.5
10.497067 21.697493 -0.020791683 -0.074468188 3.332967 0.5
18.545359 5.9227588 0.042992008 0.062456097 3.889918 0.5
12.87525 23.585639 -0.004541348 -0.051377197 1.775857 0.5
21.255318 2.7063582 -0.075157285 0.011436722 4.33857 0.5
12.63783 17.332324 -0.035020203 -0.075930114 2.652322 0.5
18.348974 9.1374543 0.02875978 -0.016417298 1.360759 0.5
9.7454589 17.11076 0.092401229 -0.031852699 1.350476 0.5
9.1206445 23.814482 -0.0078317674 0.0061670351 3.139709 0.5
19.591511 25.421451 0.012001753 -0.023152879 3.877928 0.5
26.429652 17.50182 -0.015429933 0.027763942 4.111005 0.5
13.034883 26.724846 -0.0094120728 0.0012716027 4.354529 0.5
2.8820523 11.60266 0.017838303 0.11984677 1.958136 0.5
6.5755005 3.4012937 -0.12701029 0.037922526 1.935129 0.5
11.975831 24.862772 0.0007767743 -0.00061013675 0.983243 0.5
24.238632 11.827385 0.0050689171 0.095334027 4.524452 0.5
22.636089 5.5587908 -0.0051917983 0.071600694 4.628506 0.5
23.19015 20.039517 -0.049762373 -0.040759521 4.619789 0.5
13.33745 22.012954 -0.007143278 -0.026638894 6.246698 0.5
15.835588 6.0741053 -0.013541995 0.090193668 2.597917 0.5
18.647949 26.167282 0.017393964 -0.0035507153 5.540445 0.5
15.478928 10.195284 -0.10441006 -0.047563583 1.135786 0.5
15.675502 25.453818 -0.071515759 0.0095200744 0.649744 0.5
17.234038 26.555488 -0.0037657238 0.0035822214 4.647872 0.5
23.115755 4.3266142 -0.01227137 0.0062362459 3.116928 0.5
8.7140478 17.671132 0.15123934 0.5072021 1.058365 0.5
14.451484 24.219524 -0.0012787067 -0.047668391 1.223223 0.5
2.2928634 7.9756869 0.0028462799 0.038860878 6.185729 0.5
1.6061097 9.3078866 0.06699705 -0.019708594 5.03693 0.5
5.5929041 4.3365292 0.15373508 0.041273107 0.158334 0.5
6.7138021 21.818414 -0.02126943 0.0024391225 0.09489 0.5
26.2686 14.217239 0.0022901646 0.086562963 3.182579 0.5
7.8849044 22.011211 -0.012044664 -0.046530083 5.999337 0.5
11.911881 9.2975805 0.0015124395 0.0070352298 0.712677 0.5
21.877147 4.5784268 0.023238992 -0.044862 1.70588 0.5
14.49637 26.148259 0.028439411 -0.00084252738 5.092516 0.5
10.715942 4.5696115 -0.051180327 0.025402255 0.506989 0.5
27.248439 12.258442 -0.04965618 -0.058281597 4.452103 0.5
22.279352 22.850276 0.036939854 0.040350055 3.429354 0.5
16.924325 2.701029 -0.074044297 0.029799637 5.942963 0.5
19.616563 10.648419 0.040585991 0.0102945 2.062723 0.5
17.092795 19.924431 -0.070553296 -0.071719583 2.598321 0.5
25.061702 10.697823 -0.0053335012 0.0013920096 6.159219 0.5
9.1004043 26.375571 -0.044542349 -0.020698521 1.488917 0.5
20.944158 25.419621 0.037751361 -0.040558479 1.927238 0.5
26.812844 9.9488109 -0.0048635096 -0.0160309 3.98558 0.5
4.1338179 11.079255 0.08584066 0.073056169 3.515453 0.5
3.7125712 5.7246566 0.097065682 0.030053002 3.362574 0.5
6.7365107 23.617464 -0.052074129 0.011894115 2.617045 0.5
15.032448 11.680683 -0.21422215 -0.34381321 4.416501 0.5
18.077325 16.661085 -0.029256277 -0.023670665 2.357123 0.5
7.9967014 18.801934 0.011298592 -0.032060883 0.027213 0.5
18.787476 8.0558926 -0.056222542 0.0073868824 3.270335 0.5
9.4217029 18.781119 -0.021642842 -0.02398876 5.133302 0.5
23.910368 5.4481932 0.047494856 -0.040264298 4.163048 0.5
16.376457 7.4800767 -0.010084475 0.029806093 3.93618 0.5
17.037397 6.0743254 -0.0126718 -0.088101349 5.951127 0.5
19.127612 2.6898924 0.049893551 0.0070408838 4.082451 0.5
24.137115 15.983402 -0.00314216 -0.016100885 1.780305 0.5
26.799911 11.13297 -0.011574031 -0.030958613 2.847882 0.5
27.301044 15.579704 0.012537661 -0.036788923 1.767937 0.5
13.184621 6.2178136 -0.011649123 0.032772539 0.00135 0.5
11.493962 19.458389 -0.014365151 -0.047038818 5.312468 0.5
25.133821 8.283969 -0.010946738 0.070179028 0.320289 0.5
16.948981 9.6150766 0.054063464 0.14116185 0.581132 0.5
19.421943 6.6290994 0.020447307 0.015403196 3.087421 0.5
15.13951 22.141915 0.0039297464 -0.027944804 3.560403 0.5
16.46421 4.9658985 -0.025803078 0.070703836 0.555117 0.5
1.9731892 10.599196 -0.066513887 0.13417287 6.220608 0.5
18.891629 1.5403392 0.002204499 -0.030884563 5.652715 0.5
20.669622 12.512077 0.022125886 0.00079549551 0.827952 0.5
11.077425 6.2654896 0.1716244 0.057139765 1.054048 0.5
11.109178 20.738602 0.012631271 -0.063191574 0.319962 0.5
20.980995 3.8293551 0.0020775369 0.024690244 2.464344 0.5
1.1418756 15.981782 -0.0056772004 0.00031820119 3.780782 0.5
9.9386887 5.922573 -0.024169784 -0.013043357 0.745414 0.5
20.707832 10.959194 0.019619054 0.081938157 3.348875 0.5
12.447346 11.35627 -0.062571342 0.015412189 5.365761 0.5
11.039859 18.165176 -0.0022957931 -0.0019090672 0.445642 0.5
4.7789468 5.1544085 -0.23628958 -0.0173225 2.979068 0.5
21.960624 21.51283 -0.0081871222 -0.0078601954 2.813895 0.5
21.685804 16.869923 0.061958463 -0.027705641 4.039246 0.5
12.89859 1.5573326 -0.045026267 -0.098324099 4.602055 0.5
7.8482754 25.747755 -0.02105435 -0.046725676 1.676583 0.5
22.828441 17.138653 0.0099933911 0.052833037 1.207935 0.5
20.355203 16.834713 -0.036207713 -0.043098275 6.164191 0.5
24.223324 7.3877129 -0.0022547404 0.0071047693 1.491784 0.5
16.70358 23.098016 -0.040670066 -0.0055796923 6.269379 0.5
13.718918 7.2457333 -0.011450047 -0.0061832086 0.35856 0.5
9.4414949 7.5958603 0.20283905 -0.16787287 0.326238 0.5
23.319 8.6638204 0.030285626 0.045860293 1.608548 0.5
15.541687 0.73556994 -0.07336801 0.019256943 2.616667 0.5
8.9032606 5.5213455 -0.0024522869 -0.034779483 0.410672 0.5
16.405483 21.202838 0.019845065 -0.03981639 3.210668 0.5
7.7027949 4.8872513 0.066476843 -0.16069007 0.309541 0.5
19.741668 3.6678178 -0.024402789 -0.039251987 1.761874 0.5
18.320233 11.527947 0.1488664 -0.10713962 4.731547 0.5
24.373129 19.88445 0.048500932 -0.022723475 0.313065 0.5
11.974224 27.274169 -0.035525998 0.012780519 0.087229 0.5
15.936463 24.115883 -0.030001472 -0.027731378 5.713071 0.5
20.624782 14.215825 -0.046831254 -0.029594372 0.34983 0.5
12.385412 18.720251 -0.002654194 -0.02032536 2.015368 0.5
21.712143 10.373277 -0.072369882 0.012813866 0.42176 0.5
17.888541 2.0523938 -0.030571306 -0.049013809 5.580866 0.5
18.395142 10.412509 0.059010237 -0.038744389 4.066321 0.5
16.972363 11.969024 -0.059857666 0.27688352 5.863794 0.5
11.653216 22.510586 -0.011429732 -0.0031661704 5.355125 0.5
5.7290334 15.841415 -0.39098549 0.24023703 5.404824 0.5
26.013738 19.917269 0.025709872 -0.031676144 1.361005 0.5
5.9544337 20.996254 -0.0012497223 -0.0025899161 5.19755 0.5
12.264683 5.2043955 0.0052264111 -0.07084233 5.853071 0.5
7.9579924 3.0881804 -0.044404574 -0.11463203 2.830697 0.5
14.796196 1.6012276 0.025156106 -0.039269824 3.251414 0.5
10.250118 3.5389086 -0.033773848 -0.0719667 3.305262 0.5
4.9531895 22.109678 -0.00020012762 0.00010073402 3.841898 0.5
10.93728 25.621335 -0.046680754 -0.038051142 4.917041 0.5
1.6731281 11.99972 -0.21766908 0.098033752 1.726803 0.5
18.076963 12.591147 0.21563588 -0.3198249 2.534849 0.5
23.200001 6.9362007 -0.091983533 -0.0027644784 1.985571 0.5
9.3742505 21.525849 -0.028514435 -0.039601734 5.636684 0.5
1.8454224 17.27336 -0.0069227522 0.00091966834 0.642493 0.5
3.1300554 20.444337 0.00040597112 0.00060931225 5.796573 0.5
23.534683 14.5126 0.035525002 0.0094955898 4.738871 0.5
22.647295 11.003001 -0.088696659 0.0086922947 1.568073 0.5
5.6906506 23.005282 0.00016858211 0.00016043691 2.749741 0.5
20.060664 19.863464 -0.011249203 -0.065477065 1.171823 0.5
13.9616 27.440586 -0.0099970519 -0.014103704 2.226958 0.5
12.119505 21.394406 -0.059744097 -0.0029750645 1.548545 0.5
14.249089 23.023288 -0.042175882 -0.0092290631 3.653333 0.5
20.649228 4.9087838 -0.015318739 0.035838425 4.394256 0.5
17.151127 1.0578398 0.038291036 0.11314102 0.605652 0.5
26.02891 18.680081 -0.008790908 0.003957256 3.106146 0.5
19.5997 11.834426 -0.047955957 0.0011533601 3.095002 0.5
11.493651 1.2159421 -5.944491e-06 1.0352703e-05 1.841384 0.5
10.377242 24.35554 -0.0054132815 -0.024854996 6.034028 0.5
6.6384408 25.011288 -0.068331295 -0.04023453 1.857551 0.5
21.026447 7.0319136 -0.034461394 -0.041428259 1.702664 0.5
22.113271 6.593441 0.049342104 0.041294702 1.16125 0.5
23.543121 13.186316 0.014094392 -0.055745344 4.720586 0.5
10.014345 22.900079 -0.017590284 -0.049892079 0.205718 0.5
23.488845 18.065737 0.012148716 -0.069143834 5.820667 0.5
8.8569467 22.560695 -0.04856963 -0.013794894 3.894129 0.5
17.170615 8.3062317 -0.053360242 -0.060502216 3.074393 0.5
18.662062 19.953325 0.0059243436 -0.027672533 0.467747 0.5
25.224227 15.556109 0.034237856 -0.011213932 5.60533 0.5
23.413323 22.706472 -0.020852068 -0.025969252 6.227367 0.5
20.363028 9.7110156 0.053410965 -0.078129496 5.177094 0.5
4.0813719 13.436067 -0.014315184 0.005132178 0.203779 0.5
14.227863 9.2829046 -0.023910956 -0.013019985 6.095105 0.5
9.8195167 20.351563 -0.037244027 -0.032167085 5.150288 0.5
18.851581 21.264993 -0.023644132 0.012822023 3.059892 0.5
13.478416 0.58686887 -0.084119924 0.082272508 3.692189 0.5
26.312955 13.041677 -0.050669823 -0.023908986 3.246869 0.5
20.196599 2.0918559 0.019195784 0.014000801 2.032293 0.5
24.801374 18.722282 0.01617923 0.033766944 6.136396 0.5
13.742494 18.502094 0.022926338 -0.028634255 4.563161 0.5
8.1268146 24.445989 -0.0029764196 -0.011774832 5.916686 0.5
21.864637 12.851769 0.016761906 -0.024425361 1.344992 0.5
25.403232 7.172219 0.061105954 -0.055576946 3.633442 0.5
3.2690763 9.1400136 -0.023758576 0.089303264 2.78777 0.5
19.050399 17.320711 -0.016518136 -0.034201529 1.483056 0.5
25.475879 11.88936 -0.012181988 0.013764252 0.879468 0.5
24.864989 12.918705 -0.012265431 -0.044116609 4.923104 0.5
13.338932 25.608621 -0.032011048 0.014370053 5.350229 0.5
21.857997 18.179587 -0.035743597 -0.028590804 1.508644 0.5
2.9922495 12.890464 0.017296247 0.01943934 4.32761 0.5
15.092469 5.0046181 0.010504243 0.029646924 1.3724 0.5
13.131375 20.909413 -0.02112004 -0.023043316 2.64206 0.5
25.398773 9.5806453 0.010687785 -0.0097209395 2.466218 0.5
20.012317 21.082806 -0.01166293 -0.040519228 0.69625 0.5
11.184564 2.7347376 -0.15987248 -0.038490679 0.502972 0.5
19.52365 5.3494586 -0.013691266 0.072028621 4.066135 0.5
22.303494 8.0003477 -0.016391361 0.029518666 3.026607 0.5
6.439668 7.8176478 -0.075941536 -0.04900304 6.171553 0.5
3.7800916 15.098516 -0.16155439 -0.059344758 3.767955 0.5
8.6551259 1.7590766 0.035333253 -0.24742096 5.349705 0.5
17.328069 24.471838 0.00061401504 -0.079678757 3.28374 0.5
5.8309621 5.5995556 0.080762469 -0.10386203 1.964272 0.5
12.524383 3.1690835 -0.091259869 0.14060266 1.170799 0.5
15.841114 27.053861 0.029509598 -0.00093189608 0.802835 0.5
17.808972 6.9248821 0.10739338 -0.10414387 5.063896 0.5
17.840617 22.62282 0.038173767 0.011955689 2.243796 0.5
21.122751 20.604074 -0.06641088 -0.003630495 5.270568 0.5
7.9343684 20.719676 -0.066522523 0.011763982 5.757172 0.5
14.509382 6.305763 -0.053968088 0.0074244212 5.271397 0.5
18.296855 23.737123 -0.11279806 -0.0077793717 3.151318 0.5
8.5964299 8.8732751 0.21277016 0.29148651 0.221595 0.5
12.261528 7.2355659 -0.01188355 0.018896692 1.510648 0.5
19.585967 24.049374 0.018967278 0.10303134 5.29405 0.5
21.489191 5.6562694 -0.021191697 0.032178893 2.737677 0.5
3.7178764 21.588435 2.955853e-06 0.00053958551 4.134415 0.5
13.748377 2.5282665 -0.13313745 -0.016186424 1.432456 0.5
17.422633 13.519079 -0.12897768 -0.070081085 2.840655 0.5
20.429955 6.0511026 0.063984782 0.021471033 2.899005 0.5
23.811709 10.78756 -0.0071126077 0.0798361 4.137855 0.5
24.937769 14.37866 0.00094029955 -0.020037354 1.992807 0.5
26.191826 16.286524 0.053385513 -0.017007338 0.375558 0.5
3.8726309 17.82043 0.18736111 0.14310494 0.629977 0.5
9.7226533 9.4052837 0.028814349 0.093968778 5.301885 0.5
5.6485881 10.314014 0.13542026 0.13339649 1.197725 0.5
18.749865 4.3036936 0.037581942 0.011817014 2.939026 0.5
18.033672 3.4207965 -0.036956726 0.086085377 3.912909 0.5
21.279261 15.431952 -0.023708739 -0.014802808 3.115045 0.5
24.660524 6.3237942 0.0041053407 0.010851003 1.662001 0.5
17.221546 18.128155 -0.016999901 -0.038731403 0.131507 0.5
