# x y vx vy theta radius
11.571255 8.2307975 0.5520305 0.21454324 0.97540292 0.5
16.530271 10.227563 -0.00089870648 0.086771063 1.764168 0.5
12.612371 17.210497 -0.014067963 -0.0033562399 3.951996 0.5
24.185443 12.592891 -0.012402357 -0.0031435158 4.259518 0.5
6.5767065 16.277608 -0.008549066 0.024150352 1.882067 0.5
13.155712 18.793632 0.0078918831 -0.0095823171 0.92276 0.5
22.145966 11.313974 -0.0050525292 0.0005950835 4.981497 0.5
14.484251 27.207855 -0.00068735614 0.010569328 0.663689 0.5
14.6952 20.519939 -0.024834256 -0.0067557166 4.599871 0.5
26.827246 10.006769 0.00092241113 -0.0043892432 3.315122 0.5
22.983042 17.983774 0.014444904 -0.013309229 5.224588 0.5
24.75258 7.8855276 -0.0092830173 0.0020201396 4.739779 0.5
21.170987 7.0779509 0.012499037 0.01739258 0.624425 0.5
18.991759 15.563949 -0.016050351 -0.0033652708 0.734434 0.5
23.284841 10.724098 -0.0078336168 0.0045072694 4.989084 0.5
14.278542 9.0097426 0.90502732 -0.92180065 2.508867 0.5
23.529874 7.1217034 0.0015548952 0.00020177081 5.939565 0.5
18.921 6.9044489 0.0074631304 -0.049883321 0.028815 0.5
7.3835922 19.887613 -0.012897278 0.010184322 3.449449 0.5
21.077732 2.8483497 0.023822338 -0.037957883 0.592282 0.5
17.84203 22.721357 0.022672045 -0.0098777764 6.045768 0.5
19.456128 23.474274 -0.017541484 -0.0046712408 0.890473 0.5
19.816052 18.584844 -0.0085574237 -0.010662564 2.353219 0.5
15.213618 0.8624832 0.020865714 0.036787051 1.672869 0.5
10.389119 1.9157217 0.40596884 0.12658442 4.21507 0.5
6.5756495 10.825267 0.43307191 0.2155977 0.4829 0.5
19.30767 3.085444 -0.0044993106 -0.066314757 6.274711 0.5
18.985614 11.62017 -0.0043770273 -0.0061965205 1.301021 0.5
16.284655 27.067451 -0.0034472329 0.021451041 3.538852 0.5
25.307344 14.543596 -0.0027482731 -0.00034684036 1.72413 0.5
2.9333771 7.3615758 0.041171554 0.026125413 0.779811 0.5
21.934512 14.97014 0.00048064773 -0.0044878399 1.209651 0.5
23.735863 23.0007 -0.0057144566 -0.0097098316 5.377079 0.5
23.940059 17.36806 0.0035920956 -0.0037115578 3.122843 0.5
17.529054 5.7453528 0.047611606 0.025555447 4.105439 0.5
11.480338 23.624372 -0.0016940643 0.00061825097 2.246795 0.5
2.5109096 11.87234 -0.22923213 0.44410261 3.468535 0.5
4.4011351 12.992544 -0.0021409407 0.0015139957 5.532293 0.5
23.55264 9.4760211 -0.0043334966 -0.0027037762 0.531572 0.5
17.873971 25.446552 -0.011096051 0.022688565 5.261584 0.5
24.347419 20.854102 0.0041385093 0.015935488 0.040113 0.5
16.838793 20.388503 -0.023480758 0.018784447 4.576591 0.5
20.046514 11.150136 -0.0084325615 -0.002350253 0.209824 0.5
23.575962 8.3162777 -0.0031012978 -0.021175238 1.770879 0.5
19.94038 14.837642 -0.0039695484 -0.0022083229 4.791815 0.5
22.339224 7.4304464 0.013992705 -0.0023550619 2.522673 0.5
15.441133 8.4322633 0.05612318 0.074565929 3.232151 0.5
8.9883678 20.098236 0.012723408 0.00051496868 0.943125 0.5
27.213043 15.998494 -0.014211874 -0.001316331 1.031271 0.5
25.907405 7.837362 -0.0024777833 -0.0036049453 1.523797 0.5
20.036173 7.4991975 0.016252387 0.048307644 1.787492 0.5
16.59631 25.983376 -0.0034083568 -0.0011330181 3.056837 0.5
20.212315 24.602822 -0.0089567865 -0.0061306944 3.332967 0.5
15.82498 21.180908 -0.024184699 0.0081932385 3.889918 0.5
21.275381 8.2319883 -0.0019040503 -0.00022657992 1.775857 0.5
9.1962368 16.090353 0.0016505212 0.0043632079 4.33857 0.5
23.132711 5.9392885 0.046849018 0.023725064 2.652322 0.5
25.485946 18.622526 -0.0061083639 0.0010374246 1.360759 0.5
21.21099 9.3854205 0.0005942294 0.00011734928 1.350476 0.5
17.96306 12.199042 -0.0010901088 -0.0058288363 3.139709 0.5
20.08124 8.852479 0.067743889 0.041293553 3.877928 0.5
21.487765 22.450438 -0.0099013937 0.0076935853 4.111005 0.5
14.37673 7.6134493 -0.03993469 0.042198483 4.354529 0.5
13.497974 4.0773029 -0.050224765 -0.010298921 1.958136 0.5
9.6751651 5.778719 -0.15692903 0.011015416 1.935129 0.5
17.822757 2.4204554 -0.075779509 -0.013138901 0.983243 0.5
22.456297 21.088617 -0.019895595 0.005074261 4.524452 0.5
20.324516 22.199832 0.0043823606 0.0017260219 4.628506 0.5
13.270772 24.651247 0.00071496855 0.0079733303 4.619789 0.5
4.9766513 16.548797 -0.0065677033 0.004298345 6.246698 0.5
16.951906 14.19349 0.011268368 0.038173588 2.597917 0.5
15.384909 16.163884 0.021969786 0.081791103 5.540445 0.5
5.9334782 24.302085 0.020952383 -0.0040757497 1.135786 0.5
8.2589377 2.8101472 0.13851722 -0.20454628 0.649744 0.5
20.956225 15.522453 0.0028302837 0.0088626658 4.647872 0.5
24.253276 11.459649 -0.0019810089 -0.0027318505 3.116928 0.5
16.596847 16.904521 -0.0097577433 0.00056437424 1.058365 0.5
25.413912 12.140096 -0.011398383 -0.013841092 1.223223 0.5
17.961789 4.6828706 0.040548427 -0.049776254 6.185729 0.5
19.152468 4.2378028 0.083799174 0.067369999 5.03693 0.5
16.45292 1.9422129 -0.043458818 -0.042832769 0.158334 0.5
24.216203 15.007895 -0.016208177 -0.0011864662 0.09489 0.5
18.59093 9.2504487 0.019818871 -0.0047057522 3.182579 0.5
6.3277876 14.625458 0.011367341 0.0049977541 5.999337 0.5
20.166766 5.0117643 0.019235533 0.010836029 0.712677 0.5
17.821492 11.01477 -0.011350878 0.0011510869 1.70588 0.5
25.843478 17.548775 -0.0023058195 -0.0060367991 5.092516 0.5
19.072554 10.473305 0.051803936 0.13470752 0.506989 0.5
16.964648 24.786139 -0.020499384 0.014293068 4.452103 0.5
17.498977 9.537995 0.04051778 0.066563652 3.429354 0.5
16.273635 15.410496 -0.018186028 0.0018761803 5.942963 0.5
3.614382 17.446704 -0.0077521909 -0.010678984 2.062723 0.5
20.853231 19.209557 -0.017028065 -0.00734536 2.598321 0.5
5.0234532 11.431038 -0.026479346 0.046356828 6.159219 0.5
20.953245 16.908562 -0.021753161 -0.0040097659 1.488917 0.5
15.689146 22.576304 0.019219113 0.0054052458 1.927238 0.5
22.09238 24.669414 0.00330072 0.010300988 3.98558 0.5
26.95045 17.155227 -0.00052210264 0.0076185804 3.515453 0.5
13.115921 7.9106845 0.034101309 0.19752704 3.362574 0.5
1.738976 18.269327 -0.018164664 -0.022962726 2.617045 0.5
21.938292 16.108756 -0.003751682 0.0014129251 4.416501 0.5
27.420162 13.464898 -0.0023808115 -0.0164843 2.357123 0.5
21.952446 17.46959 0.0089955596 0.011928825 0.027213 0.5
22.038932 19.789947 -0.0047044259 -0.00028857804 3.270335 0.5
15.045906 25.969718 0.0076959104 -0.018527081 5.133302 0.5
16.738239 21.887276 -0.0068483546 0.0078871296 4.163048 0.5
15.573995 3.4211583 -0.026779658 -0.034202322 3.93618 0.5
10.20373 24.80967 -0.0014157796 -0.0074482331 5.951127 0.5
19.964268 17.461026 -0.022470061 -0.0079476774 4.082451 0.5
25.170262 15.669899 -0.0097869453 -0.0068518266 1.780305 0.5
4.766683 9.4788281 0.054730609 -0.098306239 2.847882 0.5
18.236489 3.5460001 -0.022862978 0.038363908 1.767937 0.5
15.849946 24.255368 -0.015968917 0.01841265 0.00135 0.5
15.167766 11.321697 0.26506592 1.1265231 5.312468 0.5
17.674405 17.645637 -0.0093238647 -0.0026229869 0.320289 0.5
16.240936 7.2841969 -0.013028831 -0.00724621 0.581132 0.5
9.5914575 22.290833 0.0094330629 -0.010835116 3.087421 0.5
22.377834 5.1170861 0.05503541 0.062929724 3.560403 0.5
23.119315 14.396411 0.0012913711 8.7402129e-05 0.555117 0.5
13.831108 0.94667779 -0.01780759 0.093661078 6.220608 0.5
4.4298492 18.499769 -0.012171917 0.012563832 5.652715 0.5
20.323819 3.7098849 -0.025768126 -0.018353712 0.827952 0.5
23.155481 11.900672 0.00064360785 0.0011117959 1.054048 0.5
26.150302 19.543993 -0.011051123 -0.0027020462 0.319962 0.5
17.809188 16.393012 -0.013042206 -0.0051117796 2.464344 0.5
24.150248 13.777838 0.00089691785 0.0052005924 3.780782 0.5
21.082298 11.852012 -0.015163074 -0.0072311474 0.745414 0.5
12.412921 2.8463655 0.036454529 0.078991984 3.348875 0.5
23.012654 15.51947 0.0038892925 -0.0070851345 5.365761 0.5
13.363252 20.525627 -0.0016141396 0.0065165486 0.445642 0.5
26.079341 16.348431 -0.012376433 -0.0047586294 2.979068 0.5
20.577833 23.508146 0.0048145373 0.012378159 2.813895 0.5
26.299701 12.873049 0.0055801707 -0.0058010673 4.039246 0.5
6.7529972 22.060083 0.0020851185 0.00052794257 4.602055 0.5
16.573545 0.81258974 0.014701291 -0.017599102 1.676583 0.5
16.747285 11.345479 -0.00080956996 -0.009735559 1.207935 0.5
22.098606 13.776887 0.0061247872 -0.0047207911 6.164191 0.5
14.614626 4.0084563 -0.025550903 -0.054244466 1.491784 0.5
12.096606 15.973139 -0.00023001617 0.00091506813 6.269379 0.5
19.081671 8.1901457 0.0069356799 -0.024387265 0.35856 0.5
21.197342 10.646082 -0.0055490078 -0.0072503934 0.326238 0.5
25.627904 20.667422 -0.015613351 0.010422084 1.608548 0.5
16.646518 23.462186 -0.023920946 -0.021152316 2.616667 0.5
25.606616 9.8629201 0.007383603 0.0067889265 0.410672 0.5
17.714201 6.9314079 0.030525963 -0.013776363 3.210668 0.5
18.144196 21.28789 0.004489634 0.0042153865 0.309541 0.5
21.710429 23.611419 -0.0073267726 0.007760395 1.761874 0.5
22.137505 3.3180771 -0.0074261992 -0.010206977 4.731547 0.5
21.468326 4.247574 -0.02078431 0.028172403 0.313065 0.5
17.729284 15.18134 -0.015952521 0.008463814 0.087229 0.5
23.339295 21.890996 -0.0029458187 0.0017010878 5.713071 0.5
23.349207 20.220032 -0.00097141323 -0.006490268 0.34983 0.5
24.596246 5.871314 0.009000972 0.0011515941 2.015368 0.5
17.471808 26.835968 -0.017033751 0.025361209 0.42176 0.5
23.955727 16.131211 -0.0044974633 -0.0078886499 5.580866 0.5
14.13714 21.560276 -0.0043689444 -0.0034222876 4.066321 0.5
13.895613 12.006812 -0.0042136816 0.0064686822 5.863794 0.5
18.96299 14.200529 0.040803881 0.02233277 5.355125 0.5
22.416424 9.7891176 -0.0032537003 0.0010939892 5.404824 0.5
16.209898 18.435643 -0.012602474 0.016659573 1.361005 0.5
16.621625 8.5872595 -0.045895079 -0.0044879717 5.19755 0.5
14.579168 17.488599 -0.015643371 -0.0068904442 5.853071 0.5
12.083325 21.103411 -0.002972445 0.0042193982 2.830697 0.5
8.656274 13.917721 -0.0027899585 0.0072737975 3.251414 0.5
14.499506 5.2613741 -0.031242607 0.04738781 3.305262 0.5
26.340755 13.995526 -0.0029039977 -0.016758598 3.841898 0.5
13.765745 25.897391 -0.0063072159 0.00018041032 4.917041 0.5
21.955374 18.656537 -0.009820654 0.0037031729 1.726803 0.5
14.313144 13.235853 -0.012164951 -0.010828599 2.534849 0.5
18.949474 16.923048 -0.0026893957 0.0025673938 1.985571 0.5
14.819592 23.369 -0.0055945309 -0.0046450513 5.636684 0.5
23.804264 5.0446978 0.025187005 -0.036735158 0.642493 0.5
20.25138 10.004858 0.00068259882 -0.00062854584 5.796573 0.5
22.381744 8.5899759 -0.0046148122 0.061768857 4.738871 0.5
17.771485 8.405888 0.02267048 0.1483066 1.568073 0.5
21.041174 13.168462 0.0031312878 0.0048901848 2.749741 0.5
24.498688 10.263279 -0.0096294743 -0.0031117272 1.171823 0.5
18.783778 18.124538 -0.012991058 -0.0039963359 2.226958 0.5
22.0424 12.543808 0.0044772164 -0.0085890978 1.548545 0.5
16.830151 12.795654 -0.0086267811 3.745994e-06 3.653333 0.5
17.973188 13.559718 0.028851259 -0.041485547 4.394256 0.5
16.163216 5.8885013 0.035499056 -0.018963051 0.605652 0.5
19.924487 16.326814 -0.0044106908 -0.00027462478 3.106146 0.5
26.262357 15.155393 -0.012381838 0.00012004822 3.095002 0.5
19.927863 25.822576 -0.020858392 -0.02263847 1.841384 0.5
25.239626 13.317303 -0.0075009988 -0.015491051 6.034028 0.5
5.9532954 17.849287 -0.019683481 -0.013563965 1.857551 0.5
25.354064 11.001811 -0.00080063338 -0.011035809 1.702664 0.5
2.9954473 20.164755 0.0072815801 0.0011312445 1.16125 0.5
15.261202 12.568349 -0.028847005 0.0035681745 4.720586 0.5
24.987662 16.789071 0.0065656763 -0.0027483281 0.205718 0.5
18.993802 12.955175 -0.0069121269 0.0013736161 5.820667 0.5
19.210478 22.353055 0.0032745939 -0.0013020972 3.894129 0.5
19.65715 21.14837 -0.0055521155 -0.0028896024 3.074393 0.5
22.629207 22.764499 0.0032023471 -0.016808081 0.467747 0.5
18.334941 23.906238 0.014003615 0.019526991 5.60533 0.5
20.941353 14.287173 -0.0091103814 0.0051278382 6.227367 0.5
18.52335 19.974786 -0.027004313 0.0048817915 5.177094 0.5
17.609706 18.855985 -0.018325602 0.0074856413 0.203779 0.5
23.01594 4.05002 -0.004758951 -0.0053933437 6.095105 0.5
12.118341 10.322845 -0.096305136 1.3613709 5.150288 0.5
23.025924 19.112995 -0.016337405 0.0086865056 3.059892 0.5
26.259396 8.9041972 0.01091639 -0.013116402 3.692189 0.5
10.421932 20.732957 -0.0029986982 0.0097821365 3.246869 0.5
12.674107 26.331242 -0.0071342598 0.0053024482 2.032293 0.5
19.024214 1.7284633 0.01247761 0.029889622 6.136396 0.5
24.081635 18.537349 -0.010333204 -0.0057083887 4.563161 0.5
21.077242 25.423603 0.0078534904 -0.0011538197 5.916686 0.5
3.574419 10.260454 0.15327068 0.056932284 1.344992 0.5
21.017422 20.859758 -0.028008625 -0.014731841 3.633442 0.5
23.005926 23.961556 -0.014062513 -0.0080352407 2.78777 0.5
9.6651847 14.93802 -0.0047941361 -0.0098179151 1.483056 0.5
25.031107 19.67338 -0.0025844349 8.2464445e-05 0.879468 0.5
20.168016 2.124109 0.023460024 0.048388495 4.923104 0.5
13.786219 14.624513 -0.039073413 -0.00094555284 5.350229 0.5
13.635716 2.7214334 -0.0291935 -0.066685011 1.508644 0.5
23.015338 13.123982 -0.00071016632 -0.018753246 4.32761 0.5
18.706455 5.744373 0.00080306333 -0.021992276 1.3724 0.5
11.383371 20.030439 -0.026204066 0.01623949 2.64206 0.5
13.187942 22.817919 0.02194648 0.018664072 2.466218 0.5
1.6575058 9.8478839 -0.18282528 0.27257359 0.69625 0.5
26.389296 11.569559 -0.0063914084 -0.0075630827 0.502972 0.5
10.671646 26.053355 0.0069274821 0.021924136 4.066135 0.5
19.814015 6.1219265 0.040550448 0.059334524 3.026607 0.5
12.730857 12.447091 -0.012306002 -0.00031709953 6.171553 0.5
20.930501 5.8839056 -0.017271273 0.02492132 3.767955 0.5
24.658197 9.0214083 0.00081812794 0.0030587714 5.349705 0.5
15.177133 2.3348445 -0.0082948283 0.010651448 3.28374 0.5
17.012637 3.5960551 -0.0083735728 -0.061426581 1.964272 0.5
14.958175 10.238186 0.7061982 -0.10186655 1.170799 0.5
16.16175 4.6413503 0.038566168 0.042370533 0.802835 0.5
14.5009 24.882388 -0.031010879 0.0075158374 5.063896 0.5
19.072604 24.835395 -0.012921241 -0.0039723779 2.243796 0.5
26.605692 18.385469 -0.0046433795 -0.0011972847 5.270568 0.5
19.973742 13.553551 -0.0047973325 0.010324462 5.757172 0.5
27.379197 14.819863 -0.0060477899 -0.0055366795 5.271397 0.5
8.1983589 21.567525 -0.0061133374 -0.00084941849 3.151318 0.5
11.013215 21.741996 -0.036618414 0.025679223 0.221595 0.5
24.739125 22.017673 -0.01102797 0.0011402449 1.510648 0.5
15.912867 19.538987 -0.01757039 -0.012257156 5.29405 0.5
18.833767 26.493201 -0.0097088039 -0.0054669903 2.737677 0.5
13.995846 16.391869 -0.0068524411 0.0044528551 4.134415 0.5
15.815599 13.884082 -0.014295028 0.015677878 1.432456 0.5
19.669128 19.821102 0.012868825 0.0040102183 2.840655 0.5
9.0115888 3.9460149 0.33154587 0.41308486 2.899005 0.5
22.890269 16.831263 -0.0069118966 -0.016831964 4.137855 0.5
17.570682 1.2948435 0.17381008 0.10090849 1.992807 0.5
14.915655 15.067388 -0.051142552 0.02172141 0.375558 0.5
27.311435 12.313804 -0.0083333281 -0.007409246 0.629977 0.5
14.271166 18.726872 0.0038526072 -0.015853152 5.301885 0.5
25.274333 6.7872515 -0.003734625 -0.0021281389 1.197725 0.5
11.619604 25.103821 -0.0091042095 0.0032297015 2.939026 0.5
22.018787 6.3427954 0.054156572 -0.042646436 3.912909 0.5
5.5682711 21.726763 -3.4075302e-05 -0.00081662695 3.115045 0.5
20.944277 18.062684 -0.0094216735 -0.0016696679 1.662001 0.5
20.024579 12.373171 -0.0065229344 -0.0067627773 0.131507 0.5
