# x y vx vy theta radius
19.781483 16.185266 -0.4348066 -0.40930754 3.8075556 0.5
25.801633 17.250018 -0.062164828 0.0024307861 1.764168 0.5
16.910144 11.266065 -0.10957969 -0.00078693007 3.951996 0.5
14.197707 11.999972 -0.15971748 0.019313561 4.259518 0.5
14.329553 20.228085 0.022943918 0.014274744 1.882067 0.5
26.912804 16.883548 -0.085891949 0.074078641 0.92276 0.5
19.514863 11.92341 0.15130864 -0.019998224 4.981497 0.5
5.7540765 5.127766 -0.037751659 0.035408678 0.663689 0.5
24.836731 6.1707128 -0.091936074 0.091021909 4.599871 0.5
8.2336017 8.4088911 0.0022957387 -0.004368432 3.315122 0.5
9.0439777 24.806048 -0.015150612 -0.003059955 5.224588 0.5
26.162017 19.441887 0.012838941 0.02463334 4.739779 0.5
22.623164 19.465299 0.00082123006 0.01864869 0.624425 0.5
11.164628 7.5786051 -0.14676746 -0.0096996437 0.734434 0.5
13.496692 2.2141485 0.066305555 -0.072026547 4.989084 0.5
11.537716 17.242254 -0.0196755 0.0054619028 2.508867 0.5
12.571956 4.7779797 -0.085155387 0.0047327131 5.939565 0.5
14.916882 4.6019558 -0.019380303 -0.13672729 0.028815 0.5
13.774029 25.718109 -0.010964377 -0.0082420271 3.449449 0.5
6.9474537 22.806573 0.0065338819 -0.014127396 0.592282 0.5
20.785072 13.45992 -0.033174139 0.030071631 6.045768 0.5
6.4090716 21.501413 -0.0052901091 -0.01791571 0.890473 0.5
25.992304 12.853544 0.0017140017 0.074003915 2.353219 0.5
9.4688398 26.587936 -0.0048052129 -0.021670707 1.672869 0.5
4.7324762 16.563593 -0.062058044 -0.14478721 4.21507 0.5
22.247791 15.53409 0.26206803 -0.028074077 0.4829 0.5
9.8591291 7.9689681 -0.00014413457 0.00044040364 6.274711 0.5
27.093476 11.150797 -0.038210875 -0.053048506 1.301021 0.5
15.113491 23.459011 -0.011485551 -0.0054423881 3.538852 0.5
19.647246 3.1512525 -0.066176236 -0.10683219 1.72413 0.5
18.602638 10.811185 -0.060857267 0.04704675 0.779811 0.5
15.732607 16.845076 -0.01846251 0.016418663 1.209651 0.5
22.748782 6.9131175 0.031857043 0.064353438 5.377079 0.5
16.651471 9.5086742 -0.0617261 -0.0049483777 3.122843 0.5
14.126293 9.2306641 -0.1482613 -0.038814361 4.105439 0.5
8.1004574 23.515849 -0.00012178951 -0.0063792356 2.246795 0.5
13.512936 19.416059 -0.039143641 -0.014342353 3.468535 0.5
24.684398 15.049702 -0.053695218 0.015276248 5.532293 0.5
19.805606 4.2563825 0.019233398 -0.021526225 0.531572 0.5
10.425834 24.453707 -0.00032379748 -0.016219673 5.261584 0.5
24.391496 17.283953 -0.022226452 0.0059202971 0.040113 0.5
12.650227 21.861829 -0.012898744 -0.0082451846 4.576591 0.5
21.26418 15.991084 0.11165382 0.14030168 0.209824 0.5
20.064938 2.0542526 0.019303088 -0.070037741 1.770879 0.5
26.25594 13.988645 0.017209513 0.029923433 4.791815 0.5
8.1317159 6.5717842 0.0035078871 -0.00032624739 2.522673 0.5
23.521483 8.1153395 -0.053344424 -0.020407756 3.232151 0.5
18.230392 5.7477299 -0.10404264 -0.0044439272 0.943125 0.5
15.467143 3.6234318 -0.059775346 0.0038692223 1.031271 0.5
21.493869 14.65831 0.00066850864 0.085257309 1.523797 0.5
20.889121 2.8363556 -0.051967925 0.057156897 1.787492 0.5
19.761332 7.6145408 0.0058080632 -0.041339711 3.056837 0.5
17.314214 3.7120774 0.13606892 -0.15183235 3.332967 0.5
18.566606 3.6990617 0.042803449 -0.044232587 3.889918 0.5
17.555649 25.356911 0.004045359 -0.026326516 1.775857 0.5
9.0942142 19.414528 0.0033357563 -0.0096900179 4.33857 0.5
17.755105 22.27343 -0.025534622 -0.02312072 2.652322 0.5
6.4843534 8.7960168 -0.0077622074 -0.0030330764 1.360759 0.5
18.320995 2.5528305 -0.1057177 -0.12148306 1.350476 0.5
23.369606 15.400691 -0.033250013 0.16235215 3.139709 0.5
27.367953 13.451432 0.022690535 0.023058083 3.877928 0.5
13.641148 10.642128 -0.002113016 -0.18347235 4.111005 0.5
13.896151 24.401589 -0.0061770301 -0.00036549123 4.354529 0.5
21.500414 19.511995 0.33158533 1.039839 1.958136 0.5
20.120808 9.4206478 -0.050814292 0.0096096231 1.935129 0.5
14.294937 0.95483612 -0.11057303 0.019311233 0.983243 0.5
15.184986 2.2234463 0.00014990364 9.7096682e-05 4.524452 0.5
15.547243 24.567663 -0.010499561 -0.0035760267 4.628506 0.5
11.623424 3.7235821 0.019578947 -0.051365656 4.619789 0.5
25.292676 20.530225 -0.083838425 0.0094733254 6.246698 0.5
25.41253 18.469659 -0.089239171 -0.012654408 2.597917 0.5
9.1440583 15.646073 -0.011682651 0.0082271258 5.540445 0.5
20.472249 6.4492769 -0.098141337 0.12805084 1.135786 0.5
4.222928 21.421056 -0.0046679075 -0.0086325773 0.649744 0.5
20.472798 21.810741 -0.020598486 -0.01920812 4.647872 0.5
9.7017597 14.121699 0.0043232885 -0.004333371 3.116928 0.5
17.888205 20.85987 0.0048479574 -0.0214742 1.058365 0.5
20.789162 25.558059 0.0054670656 0.00055705436 1.223223 0.5
4.4707856 8.796304 0.00048559234 -0.0040299005 6.185729 0.5
11.051448 18.842833 -0.0039580534 0.0028166913 5.03693 0.5
16.285007 4.3819945 0.01350701 -0.098264558 0.158334 0.5
21.494212 23.278552 -0.013516146 0.024052462 0.09489 0.5
25.400847 9.5453853 -0.045859108 -0.02714091 3.182579 0.5
7.0082288 14.175209 -0.0048474136 -0.0055286923 5.999337 0.5
14.923434 10.818678 -0.053137423 0.06339468 0.712677 0.5
15.660872 0.68262906 -0.025991897 0.0065828628 1.70588 0.5
5.3450261 22.007202 -0.001798514 -0.011944463 5.092516 0.5
19.173861 14.884469 -0.054704683 0.0048174653 0.506989 0.5
25.572785 7.482805 -0.028081501 0.026431354 4.452103 0.5
11.401053 23.68976 -0.044988229 -0.05182723 3.429354 0.5
22.628622 13.660386 -0.063375457 0.070204181 5.942963 0.5
19.329997 18.661614 -0.044517525 0.052833952 2.062723 0.5
23.802013 11.027131 0.06860844 0.071546448 2.598321 0.5
19.980645 23.762894 -0.023692545 -0.038907138 6.159219 0.5
12.514115 7.9930153 -0.004738681 -0.017973855 1.488917 0.5
5.1061572 9.8541418 -0.13917429 -0.11431383 1.927238 0.5
23.282905 17.293817 0.46082595 0.0005725695 3.98558 0.5
22.618536 12.134305 0.11883602 0.017869353 3.515453 0.5
15.159105 18.812569 -0.0070680822 -0.044605418 3.362574 0.5
26.672168 18.075165 -0.081095863 0.030565235 2.617045 0.5
5.9797607 3.2287586 0.039239974 -0.0052726745 4.416501 0.5
13.350971 5.8446454 0.0004464803 -0.00066246801 2.357123 0.5
23.048071 4.0627679 0.078426157 -0.077691849 0.027213 0.5
21.96197 17.251446 -0.0016725506 -0.21653341 3.270335 0.5
10.53695 1.1700606 0.065622073 0.063876322 5.133302 0.5
12.412251 18.474522 -0.040695095 0.019543938 4.163048 0.5
8.066192 2.0921983 0.0018326498 0.00075150848 3.93618 0.5
21.930717 22.164221 -0.014636053 -0.0056555285 5.951127 0.5
6.9864845 2.6736497 -0.078437265 -0.10588511 4.082451 0.5
17.609393 8.2820004 0.0114686 -0.059022015 1.780305 0.5
13.643463 7.066997 0.049001391 -0.0031743439 2.847882 0.5
3.182358 17.058383 -0.0025712272 -0.0041074189 1.767937 0.5
19.284166 5.3779489 -0.072278789 0.03344685 0.00135 0.5
10.479245 9.0304406 -0.077176404 0.011062699 5.312468 0.5
11.27114 2.6359035 -0.02433564 -0.059834157 0.320289 0.5
15.911354 20.667209 -0.017172132 -0.0024076075 0.581132 0.5
11.076188 4.7794889 -0.05231581 -0.034224775 3.087421 0.5
24.145243 21.851459 -0.016010962 -0.024637619 3.560403 0.5
15.666524 7.1010204 -0.097546833 0.11974131 0.555117 0.5
3.9708143 5.1322314 -0.0017869663 -0.00048639518 6.220608 0.5
14.109192 3.3852726 0.023100348 -0.065264018 5.652715 0.5
23.350974 22.744208 -0.00096328703 0.0055433694 0.827952 0.5
24.181388 16.164397 -0.013633264 0.043646032 1.054048 0.5
22.137643 8.2501491 -0.080458417 0.092787065 0.319962 0.5
10.266744 19.981726 -0.0041918111 -0.0015264833 2.464344 0.5
9.840543 17.04732 -0.032807344 0.02472585 3.780782 0.5
7.5861769 10.613695 -0.14369154 0.079972982 0.745414 0.5
7.5395038 9.3788546 -0.0098260329 0.015191773 3.348875 0.5
12.474228 24.768526 -0.0021099077 -0.0090934218 5.365761 0.5
19.024726 1.6005318 -0.1570332 -0.02082706 0.445642 0.5
12.760941 9.2163476 -0.060566235 0.07710374 2.979068 0.5
11.796741 19.987264 -0.12512312 0.13533522 2.813895 0.5
5.7701397 19.116464 -0.0032810866 0.097585117 4.039246 0.5
25.016589 10.8973 0.086465262 0.057178465 4.602055 0.5
14.895799 25.487573 -0.030715474 -0.019788101 1.676583 0.5
17.977082 4.6545943 -0.0166615 -0.037601383 1.207935 0.5
24.786996 8.3470886 0.010055358 0.038521086 6.164191 0.5
3.1579131 8.8822967 -0.0038199124 0.0001708522 1.491784 0.5
19.446872 13.473081 -0.15081402 0.095983957 6.269379 0.5
22.057031 4.6707302 -0.036445478 0.064265019 0.35856 0.5
27.179477 15.768291 -0.011133442 0.012561993 0.326238 0.5
8.8556592 5.116852 0.0044106195 -0.00037975437 1.608548 0.5
24.127838 5.1670392 0.016077241 -0.028809773 2.616667 0.5
12.931297 3.2061183 0.04205274 0.026112105 0.410672 0.5
8.6580332 9.7981448 0.037598273 -0.0026050663 3.210668 0.5
11.381406 25.885296 -0.015268789 -0.01352774 0.309541 0.5
1.8876481 17.797212 -0.011246803 -0.013885343 1.761874 0.5
4.9266771 6.1084269 -0.00033878651 0.00014406523 4.731547 0.5
7.6464028 3.5621086 0.011863945 -0.077602826 0.313065 0.5
25.931991 11.569591 -0.0031175041 0.08437629 0.087229 0.5
4.3494181 22.80305 0.0020328895 -0.0059527018 5.713071 0.5
26.090067 8.5705997 -0.068454878 -0.07592864 0.34983 0.5
16.687457 7.5881819 0.030356976 -0.031418605 2.015368 0.5
18.395486 9.5371929 0.035784138 0.071472272 0.42176 0.5
20.620672 5.2399872 0.10557406 -0.10287639 5.580866 0.5
17.973345 1.1864087 -0.10293083 0.011418985 4.066321 0.5
16.242978 22.606429 -0.012736762 -0.034072857 5.863794 0.5
13.072623 22.927827 -0.0043634178 -0.0043989407 5.355125 0.5
17.984383 26.677146 0.0058477269 0.0084853917 5.404824 0.5
3.5829825 6.3092487 -0.0013944584 0.00036412169 1.361005 0.5
19.275604 6.5743513 -0.045478033 -0.01313431 5.19755 0.5
13.859036 21.383608 -0.013500746 0.030043645 5.853071 0.5
17.224252 2.1441469 -0.11232333 -0.039014938 2.830697 0.5
4.5860884 7.4823671 -0.0011628376 1.4739002e-05 3.251414 0.5
17.711093 23.722523 -0.0037057435 -0.014652265 3.305262 0.5
16.431321 3.0028137 -0.03491467 -0.030365309 3.841898 0.5
12.095475 6.8731382 -0.13618005 -0.11892837 4.917041 0.5
13.46506 16.474651 -0.015793303 -0.038766073 1.726803 0.5
11.242732 21.7498 0.0033292471 -0.010768372 2.534849 0.5
26.71045 9.8788262 0.054620345 -0.042235977 1.985571 0.5
8.2884704 25.970984 -0.049721789 -0.029408558 5.636684 0.5
21.752137 9.3882026 -0.076210439 -0.062883997 0.642493 0.5
23.808977 13.154898 -0.091820359 -0.0090517087 5.796573 0.5
25.072461 13.940867 -0.052415555 0.0066343575 4.738871 0.5
24.212243 19.381973 -0.037005291 0.067103493 1.568073 0.5
7.8603655 15.290363 0.0051142588 0.0014600949 2.749741 0.5
4.1357122 12.255029 -0.46640283 0.29382284 1.171823 0.5
13.464973 27.331349 -0.021016158 -0.0014475771 2.226958 0.5
4.6065721 15.106011 -0.017596874 -0.01012413 1.548545 0.5
1.9267269 14.492423 0.00098919886 -0.00014896411 3.653333 0.5
6.8058116 12.074336 -0.0038286336 -0.028504636 4.394256 0.5
9.6739058 6.481567 0.018495403 0.071185541 0.605652 0.5
14.717974 7.8727549 0.063122301 0.0099026368 3.106146 0.5
8.7183272 13.398456 -0.078486813 -0.058289885 3.095002 0.5
8.1365562 20.730382 0.0048629187 -0.0117888 1.841384 0.5
7.2601376 25.23026 -0.0065492786 -0.0061633018 6.034028 0.5
10.54421 16.186504 -0.030745089 0.034108208 1.857551 0.5
6.1056309 7.630244 -0.0018996403 0.00071453589 1.702664 0.5
21.413313 12.085236 0.096262878 0.078968752 1.16125 0.5
26.129251 15.210642 -0.0096298727 0.020678971 4.720586 0.5
14.065443 13.128233 -0.07846617 -0.1329642 0.205718 0.5
21.004645 10.549204 -0.17952904 -0.0058441634 5.820667 0.5
2.6559792 11.912784 0.0017582297 0.0012429677 3.894129 0.5
12.113001 27.193635 -0.017082077 -0.0034508089 3.074393 0.5
10.004869 3.3351011 -0.02708623 0.014035508 0.467747 0.5
15.806206 8.5378445 -0.0045500526 0.016549662 5.60533 0.5
12.3881 2.0642142 0.060971972 -0.052816503 6.227367 0.5
14.733587 22.236424 0.0038074171 -0.0039461672 5.177094 0.5
5.1301869 17.614998 -0.041734222 0.010042109 0.203779 0.5
11.324803 11.839409 -0.078298455 -0.073982775 6.095105 0.5
14.043856 18.039696 0.074304761 0.0042001259 5.150288 0.5
16.112692 5.9275717 -0.11560209 -0.052924938 3.059892 0.5
5.0437493 4.2234853 -0.10904471 -0.13490222 3.692189 0.5
22.589838 10.615321 -0.016188412 -0.09329451 3.246869 0.5
24.767632 12.523137 -0.010864133 -0.03352177 2.032293 0.5
3.0957601 7.4705459 -2.8866061e-05 0.00015873857 6.136396 0.5
3.0325241 19.100892 0.0032862802 -0.012540169 4.563161 0.5
21.017229 8.2034111 -0.0017967204 0.079039953 5.916686 0.5
12.240078 11.06866 -0.040227694 -0.12565678 1.344992 0.5
11.644123 5.7703939 -0.034122364 -0.01240838 3.633442 0.5
6.2971865 6.3654736 -0.032985024 0.074382364 2.78777 0.5
14.697341 5.7084072 -0.10302162 -0.14537116 1.483056 0.5
25.319825 16.186729 -0.095568599 -0.0037997678 0.879468 0.5
8.827313 3.7324135 -0.015384013 0.0002602888 4.923104 0.5
11.635674 0.99104924 0.047007303 -0.0081418119 5.350229 0.5
22.988955 21.008503 0.006853143 0.021086969 1.508644 0.5
17.060472 5.3169891 -0.08145522 0.026098396 4.32761 0.5
16.769706 0.87595242 -0.10678427 -0.036176165 1.3724 0.5
6.4637067 4.2448667 0.020205685 0.096305271 2.64206 0.5
4.587233 18.949314 -0.11768049 -0.014886057 2.466218 0.5
21.959743 6.0984476 -0.11325712 -0.016643795 0.69625 0.5
7.2386486 7.296662 -0.08288693 0.070406895 0.502972 0.5
12.758445 0.65742508 -6.446701e-05 1.1948306e-05 4.066135 0.5
2.9824098 21.412184 -0.0044877572 -0.0061369612 3.026607 0.5
11.994743 13.14112 -0.15937644 -0.0046042896 6.171553 0.5
22.932313 9.5629781 -0.080417313 -0.011996593 3.767955 0.5
21.610738 7.2166979 -0.038968426 0.075080852 5.349705 0.5
7.4536415 5.6608166 -0.028117192 -0.038131302 3.28374 0.5
10.657513 14.799893 -0.11808057 0.032257216 1.964272 0.5
13.650029 4.4141061 -0.014911595 -0.020109459 1.170799 0.5
22.98276 5.3007999 -0.062277128 -0.10485136 0.802835 0.5
9.8526577 23.039234 -0.0031358133 -0.0092875869 5.063896 0.5
6.0571168 10.575032 0.050235734 -0.053089299 2.243796 0.5
19.48628 26.05544 0.011957055 0.01053939 5.270568 0.5
9.1979871 21.85682 -0.0046658614 0.002467974 5.757172 0.5
9.5999701 11.035169 -0.19693372 -0.079289102 5.271397 0.5
16.269016 25.997314 -0.011221646 0.0021090812 3.151318 0.5
21.066043 4.0008238 -0.099104628 0.049814504 0.221595 0.5
18.201337 13.170372 -0.043474655 -0.043326417 1.510648 0.5
24.172368 20.660942 -0.014250884 0.040444016 5.29405 0.5
24.336101 7.3098955 -0.077443604 -0.11656625 2.737677 0.5
18.862217 24.885547 -0.042480503 -0.01302253 4.134415 0.5
20.889814 17.843755 -0.072480607 0.042048844 1.432456 0.5
17.124786 6.5645106 -0.072625619 0.019390695 2.840655 0.5
22.393577 24.332368 -0.01326478 0.0090740933 2.899005 0.5
18.583515 7.4678789 -0.079222722 -0.13890601 4.137855 0.5
9.3242612 1.8550712 -0.12916483 -0.081096485 1.992807 0.5
5.9201143 20.262274 -0.021575882 0.088151666 0.375558 0.5
15.392647 27.2135 -0.0087341984 -0.01056583 0.629977 0.5
10.80865 27.025829 -0.032033188 -0.016563436 5.301885 0.5
27.226691 12.295948 -0.040199868 0.031782054 1.197725 0.5
22.122017 3.418521 -0.073745205 -0.02331674 2.939026 0.5
8.1833869 18.754493 0.020498861 0.056159894 3.912909 0.5
27.349857 14.616057 -0.020982423 0.081250181 3.115045 0.5
23.72153 6.2449449 -0.072381495 -0.0879528 1.662001 0.5
24.182104 9.5525327 0.04082554 -0.0004708211 0.131507 0.5
