# x y vx vy theta radius
15.474561 24.451085 -0.24305279 -0.98904895 4.1292259 0.5
19.304401 14.925709 0.080181486 -0.09284894 1.764168 0.5
6.1613179 8.8451882 -0.01879531 0.0078652381 3.951996 0.5
11.101865 21.630036 -0.0011324964 -0.00074152746 4.259518 0.5
6.1055388 4.1297618 0.053307775 -0.15908247 1.882067 0.5
15.522614 20.273645 -0.1660136 -0.17438013 0.92276 0.5
13.088507 10.085799 -3.7896336e-05 -3.4791409e-05 4.981497 0.5
23.462315 17.133261 0.014714784 -0.044911102 0.663689 0.5
2.9638683 16.889576 -0.035150993 -0.012763594 4.599871 0.5
16.425365 23.590975 0.41551736 -0.65416432 3.315122 0.5
24.730177 12.956695 -0.011701976 -0.044328991 5.224588 0.5
2.2504748 11.098804 0.00039516376 -0.039145466 4.739779 0.5
22.344739 16.747841 -0.00085441793 -0.0058925227 0.624425 0.5
27.190472 11.516512 0.0015627438 -0.0043369691 0.734434 0.5
4.2671108 13.25383 0.0087582955 -0.01236267 4.989084 0.5
19.7582 21.746142 -0.1241409 0.0386071 2.508867 0.5
23.513155 21.028531 0.087392985 0.050956493 5.939565 0.5
21.972471 7.6826091 -0.00020326612 0.00024543699 0.028815 0.5
15.257347 12.439355 -0.0011011628 -0.0040330741 3.449449 0.5
18.431609 7.7768017 -0.00027979408 -0.00020124932 0.592282 0.5
22.922081 4.0159081 -1.8854716e-05 -0.00043126721 6.045768 0.5
19.701156 16.084518 -0.029254801 -0.035480293 0.890473 0.5
7.891285 18.186961 0.035254956 0.013279108 2.353219 0.5
22.409935 20.284672 0.033357062 7.9619097e-05 1.672869 0.5
20.903441 2.9748781 -0.00033411254 -0.00054189728 4.21507 0.5
22.109989 13.303305 -0.0036372633 -0.0024571261 0.4829 0.5
19.160843 17.088665 -0.14849705 -0.21381192 6.274711 0.5
13.798071 11.962309 -0.023255611 -0.097447043 1.301021 0.5
15.687502 16.151304 0.021155393 0.00051390242 3.538852 0.5
18.429469 22.776649 0.098415063 0.036624582 1.72413 0.5
12.351197 16.731227 0.0053643551 -0.030489624 0.779811 0.5
4.9273208 10.81045 0.0069509986 -0.010922699 1.209651 0.5
2.9161551 21.308379 -0.013433528 -0.0020532008 5.377079 0.5
0.71721855 15.861249 -0.071665136 -0.03515639 3.122843 0.5
22.028246 14.464981 0.016230326 -0.049627463 4.105439 0.5
20.734957 8.4139631 -0.00024784123 0.00016558149 2.246795 0.5
12.94698 8.8203392 -0.00024174748 -0.00010459449 3.468535 0.5
12.357837 12.630729 0.0038995109 -0.0024453275 5.532293 0.5
16.643305 25.927113 -0.025644276 -0.02977415 0.531572 0.5
23.518131 19.497344 0.031501117 -0.02424991 5.261584 0.5
19.88074 13.948491 -0.099827998 -0.16801477 0.040113 0.5
16.486836 3.2883136 -0.00032069868 -7.1739313e-05 4.576591 0.5
4.0357844 20.374795 -0.035711111 -0.0021950037 0.209824 0.5
21.098615 23.174868 0.30417082 0.0033659878 1.770879 0.5
21.113683 18.730126 0.067628743 -0.091384263 4.791815 0.5
12.355955 18.152449 0.010395406 -0.042103469 2.522673 0.5
25.769983 9.9419318 0.00097916106 -0.0021167456 3.232151 0.5
4.030007 15.350149 -0.010069345 -0.031880841 0.943125 0.5
20.021856 18.209512 0.14132723 0.03299216 1.031271 0.5
12.341674 0.82233617 -0.00034310185 8.9927968e-05 1.523797 0.5
25.263494 6.7447644 -0.0012497985 -0.0033973181 1.787492 0.5
13.537452 16.949871 -0.28276384 -0.2089107 3.056837 0.5
25.241822 11.914473 -0.034098739 -0.034927615 3.332967 0.5
26.920224 10.388003 -0.00033420703 -0.0053595387 3.889918 0.5
11.506139 15.912344 -0.0049620602 -0.01228607 1.775857 0.5
2.6708511 20.149149 0.00089956125 0.0057866124 4.33857 0.5
17.68395 3.3680448 -6.1387721e-05 4.5324665e-05 2.652322 0.5
22.373619 11.763493 0.022945182 -0.017259663 1.360759 0.5
16.616854 8.486217 2.3585894e-05 3.0427719e-05 1.350476 0.5
21.424336 12.357461 -0.0016593531 -0.021240538 3.139709 0.5
20.838255 16.067008 -0.023170798 -0.078640575 3.877928 0.5
20.421061 20.814228 -0.023792722 -0.20384001 4.111005 0.5
20.227307 25.300468 -0.19054823 0.014941304 4.354529 0.5
24.233561 17.990308 -0.062309997 -0.17631306 1.958136 0.5
24.073179 6.4454252 3.6118462e-05 -0.00014080759 1.935129 0.5
0.59337165 12.95581 0.028857487 0.005276326 0.983243 0.5
8.1498007 23.818567 0.0076726201 -0.0002530845 4.524452 0.5
24.570846 8.2612266 4.044572e-05 -0.0019989089 4.628506 0.5
3.7695271 17.723797 0.019380082 -0.019845775 4.619789 0.5
9.5894691 19.298475 0.064081126 -0.01348279 6.246698 0.5
11.112201 6.5852127 -1.6778459e-05 -0.00024517009 2.597917 0.5
5.6871423 20.097747 0.0036533621 0.046041992 5.540445 0.5
8.7339032 10.79421 0.03277166 0.0082145472 1.135786 0.5
9.2302666 3.6359076 -0.00042171687 0.00032211195 0.649744 0.5
17.159049 14.33216 -0.0021815521 -0.0050468104 4.647872 0.5
17.573077 12.900861 0.0022935232 -0.0017177725 3.116928 0.5
22.872099 6.5392291 1.6099607e-05 0.00017535881 1.058365 0.5
5.1882028 14.036418 0.019306346 -0.084932397 1.223223 0.5
25.899756 14.7362 0.10816864 0.059218697 6.185729 0.5
1.8397829 19.276071 -0.054619181 0.0066732058 5.03693 0.5
22.498351 5.291172 0.00013960521 0.00011854223 0.158334 0.5
17.007854 15.699236 -0.044695719 -0.13037402 0.09489 0.5
27.043384 16.774855 -0.0058289474 -0.0054542148 3.182579 0.5
23.517668 13.779011 -0.0026524741 -0.0032284331 5.999337 0.5
18.507954 21.11664 0.47707819 -0.47562659 0.712677 0.5
13.542567 21.804325 0.0016361544 -1.0097071 1.70588 0.5
3.1219818 18.74115 -0.072584275 -0.099013937 5.092516 0.5
10.506444 2.2613378 -0.00014969136 -9.7295347e-05 0.506989 0.5
13.702305 23.215423 -0.25689242 0.016796716 4.452103 0.5
21.417185 4.1810102 -0.00010940478 0.00015317826 3.429354 0.5
19.118258 26.158199 0.066460973 -0.21655662 5.942963 0.5
13.166491 19.673603 -0.87085164 -0.74505578 2.062723 0.5
7.5248257 13.299226 0.0090498331 0.0010751932 2.598321 0.5
5.0701397 17.488954 -0.0064941894 -0.014781017 6.159219 0.5
14.23922 3.0000504 -0.00011545034 -0.00013391022 1.488917 0.5
20.482094 11.722941 -0.082939056 -0.056949793 1.927238 0.5
26.099358 11.169342 0.063363113 -0.058257011 3.98558 0.5
2.755066 14.867816 -0.060545562 0.0068966366 3.515453 0.5
3.3832694 7.4252287 -0.00051686228 -0.00063769134 3.362574 0.5
25.421782 18.32462 0.31435808 -0.22455852 2.617045 0.5
14.520013 0.64210268 -0.00024887043 0.00019285008 4.416501 0.5
19.735676 6.8759804 -0.00049453261 0.00036043002 2.357123 0.5
24.031219 12.060332 -0.044143292 -0.058138098 0.027213 0.5
13.707148 18.512142 -0.14472745 0.14891943 3.270335 0.5
23.024597 18.351911 0.063587308 -0.040699866 5.133302 0.5
10.433695 13.579864 -0.0067675976 -0.0011269389 4.163048 0.5
18.349743 17.908027 0.1113226 -0.031299152 3.93618 0.5
24.256893 22.341812 0.51692685 -0.95559628 5.951127 0.5
2.0335268 12.406547 -0.022229008 -0.045852213 4.082451 0.5
24.611576 19.206097 0.10225589 -0.092936567 1.780305 0.5
18.956161 12.867338 0.0034144193 -5.1817117e-05 2.847882 0.5
18.97587 9.839091 -0.00055395261 -0.00068724476 1.767937 0.5
3.315361 13.850949 0.0033130406 -0.045943487 0.00135 0.5
26.290939 19.212529 -0.053171725 -0.070720896 5.312468 0.5
25.787315 7.7885451 -0.0001274141 8.0381132e-05 0.320289 0.5
18.701547 2.4681976 -0.00014458252 -5.6072821e-05 0.581132 0.5
16.18592 14.931458 0.036654136 0.0024080192 3.087421 0.5
26.240908 15.94203 0.003141526 -0.0040427705 3.560403 0.5
0.85981917 11.471688 -0.00030364082 -0.0017105198 0.555117 0.5
1.9925513 13.894104 0.020440221 -0.042555443 6.220608 0.5
17.246305 7.2182434 -0.00018986612 0.00015559569 5.652715 0.5
21.606849 24.835239 -0.21855102 -0.25452254 0.827952 0.5
11.094356 20.021565 0.045300277 -0.033932133 1.054048 0.5
23.159529 10.927447 -0.002714 0.00050339214 0.319962 0.5
10.429382 12.455994 0.001980471 -0.010644224 2.464344 0.5
20.353343 12.862722 0.0020634771 -0.0070537425 3.780782 0.5
6.9455205 15.077057 0.0074829861 -0.015222843 0.745414 0.5
27.253227 15.276401 -0.0021211364 -0.0011368321 3.348875 0.5
15.133879 5.8009045 -0.00027326193 0.00019428489 5.365761 0.5
12.243492 7.8690827 -0.00017080539 -0.0001214217 0.445642 0.5
27.32249 12.92106 -0.0035442943 -0.0087031833 2.979068 0.5
25.817879 17.259782 -0.016106289 -0.067229518 2.813895 0.5
24.518083 20.44367 0.10099114 -0.021066751 4.039246 0.5
15.440172 9.5444132 0.00011621074 -0.00010695935 4.602055 0.5
13.964248 1.867448 -0.00026448149 6.5136669e-05 1.676583 0.5
6.2648684 11.437256 -0.02227537 -0.031075265 1.207935 0.5
0.67711273 14.105658 -0.022922996 0.019115164 6.164191 0.5
8.8968211 12.669538 0.00059976718 -0.026728572 1.491784 0.5
14.021323 20.404382 -0.043238609 -0.11451179 6.269379 0.5
24.973227 15.465692 0.066739167 0.038647529 0.35856 0.5
9.9700481 20.513603 -0.017903528 -0.010315397 0.326238 0.5
23.056126 12.66643 0.061882408 -0.049259498 1.608548 0.5
12.357052 21.803591 -0.38816348 -0.26663161 2.616667 0.5
5.3131066 5.5175833 -0.10372617 -0.033250638 0.410672 0.5
18.831744 18.953692 -0.10613107 -0.074189077 3.210668 0.5
12.423706 5.5758335 -1.0422341e-05 -8.9340341e-05 0.309541 0.5
16.005542 22.216155 0.00028971401 -0.020194498 1.761874 0.5
18.918541 11.468527 0.00032023786 -0.010594916 4.731547 0.5
0.99084664 17.106769 0.068640114 -0.039819219 0.313065 0.5
23.067705 22.14984 0.15170321 0.02933753 0.087229 0.5
24.51845 9.4035227 -0.00089149 0.00013682769 5.713071 0.5
23.462096 7.4941974 0.00025910174 -0.00059199242 0.34983 0.5
20.875712 6.6418857 -0.00014248989 1.2654568e-05 2.015368 0.5
19.78745 23.08147 -0.16470636 -0.28080665 0.42176 0.5
14.385731 15.694844 0.00067083482 -0.012106998 5.580866 0.5
8.3927229 15.740139 0.03169933 -0.017634168 4.066321 0.5
16.228057 13.417807 0.00027947692 -0.0091559637 5.863794 0.5
7.7087662 17.012226 0.020629188 0.0014335825 5.355125 0.5
15.948427 19.168801 -0.093475652 -0.002026856 5.404824 0.5
8.1900754 14.551426 0.027531799 -0.037155496 1.361005 0.5
6.4154876 13.823817 0.034484424 -0.045534252 5.19755 0.5
1.8473981 18.13788 -0.072857495 -0.020650976 5.853071 0.5
19.293645 20.36035 0.057952723 0.031476402 2.830697 0.5
22.170242 10.096492 0.00058588327 -0.0043652097 3.251414 0.5
16.994012 18.111707 -0.11935967 -0.18149887 3.305262 0.5
22.26202 19.173185 -0.11019573 0.11526781 3.841898 0.5
3.3656946 10.815342 -0.0012167166 -0.0030476484 4.917041 0.5
8.3633931 4.5764999 0.00029705403 -0.00095731325 1.726803 0.5
25.20835 21.338667 -0.05992915 -0.044928905 2.534849 0.5
19.277728 24.724346 0.26972823 0.12704093 1.985571 0.5
9.5126925 15.623802 -0.02249055 -0.014235867 5.636684 0.5
15.837915 17.712838 -0.078642959 -0.053982133 0.642493 0.5
24.7225 16.961494 0.062861915 -0.082571528 5.796573 0.5
9.1177572 13.780512 0.037495639 -0.023570253 4.738871 0.5
24.009147 14.828442 0.036747159 -0.05749779 1.568073 0.5
15.553057 7.2036336 -0.00017504409 5.3132506e-05 2.749741 0.5
21.059606 13.881868 0.0021071443 -0.0020985049 1.171823 0.5
22.808443 8.4512963 3.2299516e-05 -3.2817482e-05 2.226958 0.5
10.766228 10.824547 0.074505088 0.016826944 1.548545 0.5
4.6812673 22.139111 -0.010043735 0.033616812 3.653333 0.5
26.313973 12.293148 0.0057758568 0.00087701853 4.394256 0.5
25.666708 20.128879 0.12189383 -0.13705972 0.605652 0.5
7.8419251 9.9909618 0.012675206 -0.04925085 3.106146 0.5
21.927731 17.911953 0.0070692519 -0.04879627 3.095002 0.5
19.837997 2.4571937 -0.00014120737 -0.00022208847 1.841384 0.5
9.8200988 5.276777 -0.00036612526 -3.0660422e-05 6.034028 0.5
11.076282 16.967197 -0.017200317 -0.022540336 1.857551 0.5
14.742222 19.019865 0.0038812741 -0.012814142 1.702664 0.5
22.017673 21.345281 -0.17238809 -0.28070466 1.16125 0.5
16.522827 11.910557 0.00097588945 -0.0061362666 4.720586 0.5
26.903977 14.087049 0.00011102748 -0.0040830069 0.205718 0.5
12.327158 6.7349702 -0.00023303735 -5.2296387e-06 5.820667 0.5
3.9918 5.680209 -1.6947419e-05 -1.1893537e-05 3.894129 0.5
6.5459972 16.406719 -0.0020530105 -0.067044869 3.074393 0.5
9.1988806 16.753438 0.024785633 -0.012000986 0.467747 0.5
16.308425 6.0966931 -0.00010297597 0.00038111515 5.60533 0.5
14.536836 4.3067836 -0.00028564762 -0.0001147196 6.227367 0.5
17.685722 23.823133 0.031997774 -0.098710947 5.177094 0.5
18.236164 15.46511 0.11629987 -0.040106108 0.203779 0.5
22.633614 24.014579 -0.1361346 -0.15246603 6.095105 0.5
16.21028 4.6449805 -0.00012663598 -0.00014997202 5.150288 0.5
20.513659 5.5574433 -0.00010504949 -0.00022896404 3.059892 0.5
23.264704 9.6857203 -0.0010218763 -0.0059866816 3.692189 0.5
17.911114 16.74614 -0.05133829 -0.16347086 3.246869 0.5
23.738784 23.25321 0.16547916 -0.20480354 2.032293 0.5
18.383452 14.199964 -0.17392516 -0.14599852 6.136396 0.5
17.801373 1.268358 -6.6258642e-05 -0.00017626769 4.563161 0.5
20.378045 24.15055 0.21780427 -0.043766604 5.916686 0.5
13.207941 15.395594 0.03358805 -0.068074125 1.344992 0.5
17.758968 9.544287 -9.5513258e-05 0.00019667786 3.633442 0.5
10.473695 18.288064 -0.0021273734 -0.0044607457 2.78777 0.5
4.3065406 11.772545 0.0062720386 -0.0078613261 1.483056 0.5
20.927336 21.979341 0.0065417804 0.037838864 0.879468 0.5
26.328112 8.7844673 0.00027218914 0.00038206736 4.923104 0.5
22.991757 15.464939 0.056150733 0.045744834 5.350229 0.5
17.778372 24.919746 -0.18316766 -0.69162743 1.508644 0.5
20.478124 14.910489 0.043731236 -0.0239421 4.32761 0.5
20.14271 19.388011 -0.0843794 -0.046967236 1.3724 0.5
3.323629 12.356534 0.0029854722 -0.06917563 2.64206 0.5
14.461625 17.647284 0.017581466 -0.021704536 2.466218 0.5
5.2491171 15.561577 0.011571751 -0.047093745 0.69625 0.5
20.793795 10.383743 -0.0025301665 -0.0069720952 0.502972 0.5
23.964822 16.012683 -0.071611399 -0.11695608 4.066135 0.5
26.6879 17.957394 0.13790356 -0.074231212 3.026607 0.5
22.207144 22.85841 -0.084477338 -0.07378931 6.171553 0.5
5.7013136 21.664338 -0.016026676 0.023303802 3.767955 0.5
16.322064 21.10932 0.010565361 -0.1398541 5.349705 0.5
13.373096 3.8125172 -0.0001668197 0.00013473398 3.28374 0.5
2.4323758 9.8731495 -0.0014469524 -0.0015842862 1.964272 0.5
5.2704275 12.609797 -0.0068240672 0.0020180964 1.170799 0.5
1.4200983 14.964529 0.012689732 0.026983757 0.802835 0.5
15.096944 2.049891 -0.00054197648 3.5097722e-05 5.063896 0.5
24.729237 10.820995 -0.0014692554 -0.0051664276 2.243796 0.5
11.268198 14.529231 0.017261134 -0.0097627952 5.270568 0.5
14.706521 14.451553 0.0016346569 -0.020176182 5.757172 0.5
9.6209971 6.982976 -0.00018902237 -0.00046509355 5.271397 0.5
24.889945 14.074403 0.049239779 -0.0012775517 3.151318 0.5
21.883445 15.6052 0.075452347 -0.037022291 0.221595 0.5
1.89378 16.031502 -0.043137911 -0.013467701 1.510648 0.5
21.115002 19.913971 -0.0059857335 -0.087781932 5.29405 0.5
16.580461 16.862259 0.057965147 -0.089253118 2.737677 0.5
4.6996726 18.744285 -0.021306817 0.00028311629 4.134415 0.5
14.897895 21.426435 -0.037454568 0.1409422 1.432456 0.5
25.965862 13.368036 -0.0061523946 -0.004826712 2.840655 0.5
6.6554035 18.308304 -0.015576511 -0.028106167 2.899005 0.5
6.7537636 23.748083 0.093526247 0.0039470167 4.137855 0.5
16.998185 20.130391 -0.041738562 -0.38669123 1.992807 0.5
14.698382 8.2396716 -4.3990338e-05 -2.0052889e-05 0.375558 0.5
23.694667 5.0161801 -0.00017964846 3.4095374e-05 0.629977 0.5
19.108691 5.5514146 -0.00051544637 -0.00073541032 5.301885 0.5
20.912518 17.328732 0.084279954 0.011939589 1.197725 0.5
10.662574 9.4438409 0.0092964513 -0.035274721 2.939026 0.5
12.674335 23.972951 -0.19845701 0.19797164 3.912909 0.5
18.016539 19.701748 0.24509444 -0.096602746 3.115045 0.5
12.269714 20.381239 0.021048542 -0.015289727 1.662001 0.5
17.447353 22.223608 -0.088730546 -0.0067054403 0.131507 0.5
