# x y vx vy theta radius
20.223593 23.401438 -1.3254405 -0.96982469 1.433911 0.5
8.3117742 6.7754315 -0.0036759098 0.011217098 1.764168 0.5
8.3905748 17.823905 0.079476952 -0.067283598 3.951996 0.5
25.910285 9.6027508 -0.044207111 0.010688562 4.259518 0.5
21.60384 6.2699783 0.02201465 0.007423096 1.882067 0.5
1.3759793 9.9161325 0.035164535 -0.0842175 0.92276 0.5
22.464573 19.957019 -0.033569737 0.045598336 4.981497 0.5
4.2178035 18.270987 0.037669844 0.01834306 0.663689 0.5
14.324925 0.58703295 0.0034878004 0.0060514672 4.599871 0.5
21.315481 7.4775391 -0.0019990032 0.0081811054 3.315122 0.5
18.942103 16.521233 -0.019454089 0.013785338 5.224588 0.5
9.8210509 15.054367 0.038569487 0.024360405 4.739779 0.5
13.04652 12.475113 0.021317658 0.010600136 0.624425 0.5
5.3546201 5.7214846 0.0048641166 -0.0041196545 0.734434 0.5
24.952738 8.3414653 0.012076879 0.028551089 4.989084 0.5
1.7870083 19.341147 0.03084772 -0.014129835 2.508867 0.5
9.401908 3.0591641 -0.0070452479 -0.012213748 5.939565 0.5
16.857024 20.507975 0.074020972 -0.010115271 0.028815 0.5
3.3797926 17.238769 -0.037572432 0.0032378982 3.449449 0.5
6.4437962 12.958867 0.041255945 -0.043923341 0.592282 0.5
6.2099818 9.0669965 0.0031013633 0.0012309983 6.045768 0.5
16.43522 3.7878565 -0.0067749448 0.0030573087 0.890473 0.5
24.560736 13.677349 0.0014320789 0.012953148 2.353219 0.5
3.6608198 7.3169092 0.0032614623 -0.0005557897 1.672869 0.5
18.430138 2.440275 -0.022133651 0.011434462 4.21507 0.5
6.9210928 15.941641 0.03126187 -0.096927245 0.4829 0.5
13.805102 1.7170287 -0.022406254 -0.00016695801 6.274711 0.5
11.921781 26.23777 0.090417017 0.090128577 1.301021 0.5
12.605242 1.7655547 -0.002572516 0.0025097459 3.538852 0.5
11.460912 22.562149 -0.036846351 0.021661168 1.72413 0.5
3.9812301 20.814562 0.0037415843 0.00027253526 0.779811 0.5
15.731239 2.78897 -0.0162104 0.023417354 1.209651 0.5
9.5078684 17.358551 0.017688934 0.01854409 5.377079 0.5
11.099331 4.2433375 -0.0055624503 0.01257876 3.122843 0.5
9.3832911 9.0137544 -0.053108284 0.020460194 4.105439 0.5
22.233333 8.4756231 -0.012156178 0.013933342 2.246795 0.5
17.020356 24.769056 0.17697886 0.052525599 3.468535 0.5
17.859226 1.182672 -0.018976422 -0.018456763 5.532293 0.5
11.405795 6.9935337 0.0024857087 0.0093606167 0.531572 0.5
21.281711 19.65479 -0.0033672028 0.030013743 5.261584 0.5
22.073625 18.178514 0.0015677048 -0.012962246 0.040113 0.5
10.524885 2.9553204 -0.0024512295 0.00030944692 4.576591 0.5
17.972123 9.7441295 -0.0052338942 0.012844022 0.209824 0.5
4.5667978 21.787533 0.040388762 -0.048406686 1.770879 0.5
15.200243 3.8285751 -0.028123041 0.0051714776 4.791815 0.5
2.860239 9.8094428 0.002389331 0.007370865 2.522673 0.5
19.983177 7.1605482 -0.018264048 0.0013315973 3.232151 0.5
4.0170462 11.962079 0.059500066 -0.095371989 0.943125 0.5
0.66969078 13.54521 0.026448444 -0.041942612 1.031271 0.5
24.868528 17.521571 -0.10670019 0.067746547 1.523797 0.5
14.755714 7.1561683 -0.028404418 0.011619827 1.787492 0.5
2.2376068 7.6863908 -0.0032470594 0.0030070413 3.056837 0.5
1.7130468 12.971634 0.03758592 -0.033719167 3.332967 0.5
17.150841 26.542928 -0.0054552953 0.037635139 3.889918 0.5
4.1286521 15.60876 0.055109064 -0.073740197 1.775857 0.5
9.2064815 18.606495 0.09650573 0.0068229942 4.33857 0.5
24.281086 7.1258901 0.001327273 0.020735561 2.652322 0.5
18.803789 4.8117266 -0.0020910245 0.0077389867 1.360759 0.5
19.125529 6.0919985 -0.012661438 0.0087365945 1.350476 0.5
24.661265 10.700225 0.026919364 0.0011262928 3.139709 0.5
19.654031 2.0928531 -0.0091131708 -0.011485108 3.877928 0.5
5.4692656 15.618732 -0.019682568 -0.02942646 4.111005 0.5
5.719021 22.334208 0.015879549 0.05963552 4.354529 0.5
16.943757 5.7051762 -0.0076460803 0.0047678161 1.958136 0.5
14.186709 11.762786 0.0049589841 -0.010869105 1.935129 0.5
16.444803 7.371538 -0.016786483 0.014552399 0.983243 0.5
17.616233 7.5834344 -0.012663289 0.039725951 4.524452 0.5
3.1008968 8.6568144 0.0035360165 0.0064025311 4.628506 0.5
16.264218 12.569688 -0.0018589612 0.020578228 4.619789 0.5
10.113579 20.472698 0.0778568 -0.0027766639 6.246698 0.5
12.62706 8.0357908 -0.0087524065 0.0063710158 2.597917 0.5
20.032243 16.210609 -0.043185243 0.012026376 5.540445 0.5
8.962247 5.8146228 -0.0027098445 0.00071502137 1.135786 0.5
7.7248283 13.593224 0.027232145 0.019648474 0.649744 0.5
7.4301134 11.059183 0.016026532 0.0014913601 4.647872 0.5
12.473906 6.5295467 0.0028001019 0.013572209 3.116928 0.5
15.500442 6.0553972 -0.017619132 0.011855703 1.058365 0.5
20.969932 8.650298 0.017626142 -0.0050065891 1.223223 0.5
10.293744 25.88153 0.05426054 -0.077166073 6.185729 0.5
2.1133829 10.939208 -0.010873767 -0.04002855 5.03693 0.5
0.62393554 14.679507 0.06920558 -0.047807868 0.158334 0.5
6.4022229 10.497188 0.0048480289 0.0084086384 0.09489 0.5
21.23733 25.033245 -0.30726572 0.25257711 3.182579 0.5
27.126618 12.405823 -0.016179667 0.042163807 5.999337 0.5
26.391497 13.598565 -0.031044022 0.021960628 0.712677 0.5
11.694553 10.40996 0.076396409 -0.07865245 1.70588 0.5
8.3090951 15.889819 0.096308718 -0.10839712 5.092516 0.5
6.4341162 5.2226611 -0.0017479744 0.0048926194 0.506989 0.5
14.466337 24.981976 -1.0486664 0.11605396 4.452103 0.5
13.129544 3.3558016 0.015523092 -0.0083674177 3.429354 0.5
10.14091 1.6675218 0.001597128 0.00056685899 5.942963 0.5
6.2857212 16.908217 0.0370585 -0.031791103 2.062723 0.5
20.258429 5.6815248 -0.020497014 0.02749128 2.598321 0.5
12.444884 25.171189 0.10829141 -0.119477 6.159219 0.5
19.653146 8.3471683 -0.031052998 0.017065544 1.488917 0.5
10.702981 24.824973 0.0031314158 0.010531053 1.927238 0.5
21.104121 4.1604407 -0.00032708542 0.0073315184 3.98558 0.5
7.9200724 5.1837818 0.0050215203 -0.003334686 3.515453 0.5
26.752174 15.727383 -0.089157768 -0.029749445 3.362574 0.5
8.7174524 14.242787 0.013669297 -0.061031049 2.617045 0.5
13.593251 8.6516761 -0.0077008203 0.017078825 4.416501 0.5
12.246328 4.2487138 -0.0063608139 0.011386953 2.357123 0.5
25.564351 7.2682755 -0.013625437 -0.025040729 0.027213 0.5
11.104628 15.613892 0.02504074 -0.0032390454 3.270335 0.5
18.634472 3.6501607 -0.008844671 0.014546556 5.133302 0.5
1.8125992 15.01551 0.034029443 -0.09471749 4.163048 0.5
5.3408435 12.512268 0.019720677 -0.011457491 3.93618 0.5
23.924701 5.6140473 0.0053503873 0.011504587 5.951127 0.5
17.562418 3.2623993 -0.011275492 0.0050916995 4.082451 0.5
21.232841 14.406712 -0.0085848204 0.0032196677 1.780305 0.5
11.412421 8.1946407 -0.0040772057 0.013725062 2.847882 0.5
18.296558 25.903024 -0.33209485 -1.0770715 1.767937 0.5
17.224963 8.7888314 -0.015361391 0.013671163 0.00135 0.5
16.869723 2.1945637 -0.016282675 0.014006526 5.312468 0.5
6.6350827 20.306417 0.11467543 -0.017474703 0.320289 0.5
16.714322 0.88688894 -0.024381408 -0.013882733 0.581132 0.5
8.0498948 2.4374577 0.0083542715 0.0079278679 3.087421 0.5
6.5211887 14.800439 0.1011691 -0.087861195 3.560403 0.5
8.1759646 12.443245 -0.003726992 -0.0072526832 0.555117 0.5
15.951704 4.8372676 -0.017004524 0.01330512 6.220608 0.5
22.070814 4.9495387 -0.0080876 0.0042717119 5.652715 0.5
3.6779717 5.6514993 -0.0045785147 0.0034547006 0.827952 0.5
13.806645 10.697582 0.010927546 0.019108143 1.054048 0.5
17.66667 4.6675761 -0.013992901 0.020174934 0.319962 0.5
7.0169202 4.1641682 -0.0017103426 0.0075615849 2.464344 0.5
6.3187955 7.5070309 0.00021849449 -0.00023644644 3.780782 0.5
8.7893636 19.721882 0.048122405 -0.022068174 0.745414 0.5
24.96188 16.223795 -0.010230493 0.039496672 3.348875 0.5
19.284579 9.9472842 -0.033765678 0.028662778 5.365761 0.5
23.141552 23.277153 0.04163989 0.010358077 0.445642 0.5
19.253305 15.379724 0.0010669703 0.010022909 2.979068 0.5
13.957032 27.394464 0.1132086 0.055522192 2.813895 0.5
1.7625809 16.781392 0.021139303 0.074641931 4.039246 0.5
9.9389264 4.0705565 0.00082862181 0.0017556062 4.602055 0.5
0.92458126 11.086614 -0.012803048 -0.0045767244 1.676583 0.5
13.75533 15.458886 0.036025735 0.024361735 1.207935 0.5
13.584379 7.3056871 0.0097119143 0.0042235473 6.164191 0.5
24.655094 20.834205 -0.032176375 0.05418976 1.491784 0.5
2.5338802 12.006762 0.061260591 -0.021794647 6.269379 0.5
20.802553 10.098005 -0.033982366 0.032737047 0.35856 0.5
10.949881 13.677579 0.022986805 0.0032361266 0.326238 0.5
11.999723 9.2556338 0.0042715748 0.010505132 1.608548 0.5
3.3395688 11.014275 0.0042554078 0.008075625 2.616667 0.5
4.8673532 20.002659 0.050616447 0.024391273 0.410672 0.5
5.981378 3.7160689 0.0031032429 0.0023907314 3.210668 0.5
24.64083 18.950674 -0.029274864 0.03371257 0.309541 0.5
23.536684 18.588588 -0.066604651 0.015703407 1.761874 0.5
7.7215126 9.9711104 -0.043984309 0.00066343364 4.731547 0.5
7.4612509 16.945092 0.003843202 -0.051034641 0.313065 0.5
15.10045 1.8164057 -0.017782749 0.0029421321 0.087229 0.5
13.108579 5.197669 0.0030995989 0.014247239 5.713071 0.5
10.836756 5.7067684 0.0020213739 0.010153478 0.34983 0.5
5.8588466 18.063167 0.058310729 -0.040871969 2.015368 0.5
8.8518389 1.6457399 -0.00084864546 0.0076701183 0.42176 0.5
26.700495 11.078321 -0.0094947412 0.030195711 5.580866 0.5
12.348369 14.331947 0.0052306737 -0.014157344 4.066321 0.5
11.765555 3.1515303 -0.015597279 0.015320208 5.863794 0.5
22.813537 10.755195 -0.0081321622 -1.1189634e-05 5.355125 0.5
10.10449 10.108439 0.010993117 0.035089318 5.404824 0.5
14.713764 8.5894383 -0.011202235 0.01333585 1.361005 0.5
2.9549081 14.998667 -0.01487675 -0.0050796099 5.19755 0.5
14.348274 2.8636453 -0.003899777 -0.012132234 5.853071 0.5
26.713023 18.253609 0.025222732 -0.04197082 2.830697 0.5
11.962556 5.4811029 -0.00060411656 0.014226331 3.251414 0.5
1.9646509 8.8106014 -0.0021418484 0.011762117 3.305262 0.5
17.557006 13.020069 -0.020011307 0.029673874 3.841898 0.5
2.3250923 14.00399 -0.033203625 -0.031556704 4.917041 0.5
23.847802 16.295534 -0.026453805 0.049955682 1.726803 0.5
3.1551889 21.59931 -0.033270199 -0.059067061 2.534849 0.5
3.5452798 13.970101 -0.035861362 -0.038089991 1.985571 0.5
18.778261 7.4352022 -0.023540978 0.008795884 5.636684 0.5
14.763039 14.027471 0.01414499 0.0033984379 0.642493 0.5
23.210895 4.6216478 -0.0069218189 0.0064411936 5.796573 0.5
5.744659 19.289094 0.0010440394 0.027947027 4.738871 0.5
9.4177074 7.5649833 -0.0044406973 -0.11348548 1.568073 0.5
7.6893467 20.816335 -0.054891726 -0.01153853 2.749741 0.5
4.5902468 14.549942 -0.016938491 -0.028843816 1.171823 0.5
7.2479259 18.197315 0.069338586 0.019550597 2.226958 0.5
14.213598 6.1563077 -0.0057411957 -0.0016302651 1.548545 0.5
3.9923196 9.5688901 -0.0081092701 0.0046307178 3.653333 0.5
18.005198 6.4580605 0.0058985698 0.026345672 4.394256 0.5
11.588247 0.78298073 -0.0024673179 0.00036786125 0.605652 0.5
19.673597 13.836773 -0.016432961 -0.0083340026 3.106146 0.5
19.790826 3.3450733 -0.018059156 0.010668016 3.095002 0.5
6.8740267 24.785973 0.021135951 0.049032799 1.841384 0.5
9.3720073 24.259642 0.079418803 -0.082586019 6.034028 0.5
15.570935 0.7615025 0.0032784128 0.0013303726 1.857551 0.5
20.441446 12.404886 0.0028063608 0.0018905492 1.702664 0.5
10.240683 11.729963 0.010926972 0.016404508 1.16125 0.5
26.026775 14.705482 -0.0034583864 0.042748489 4.720586 0.5
15.433019 20.746849 0.093268199 -0.11862478 0.205718 0.5
27.35954 14.765459 0.052870198 -0.013410177 5.820667 0.5
15.135965 10.244865 -0.016195843 0.029637037 3.894129 0.5
13.529658 17.60686 0.086416622 -0.041731923 3.074393 0.5
21.569423 11.003868 -0.01723647 0.029756199 0.467747 0.5
6.1924333 11.716476 -0.01441802 -0.065333724 5.60533 0.5
22.23525 13.603221 -0.0086254138 0.042582657 6.227367 0.5
13.825229 4.2948227 -0.015963513 -0.013107016 5.177094 0.5
24.605424 9.477318 -0.029773176 0.011113654 0.203779 0.5
21.645909 12.34197 -0.0555556 0.015655239 6.095105 0.5
2.3403043 18.157895 0.046863354 0.0063956649 5.150288 0.5
4.5880858 16.770051 -0.035602055 -0.032359673 3.059892 0.5
11.299658 20.569156 0.014676726 0.0059605898 3.692189 0.5
3.2555183 18.86016 -0.025530248 0.014558844 3.246869 0.5
21.83845 9.5416562 0.0080793515 0.0059483583 2.032293 0.5
5.6518896 13.833716 -0.012145657 0.0060445334 6.136396 0.5
8.0460023 8.8177278 -0.0076206397 0.0078937833 4.563161 0.5
9.2641189 13.072223 0.0010907982 0.011086601 5.916686 0.5
5.486865 21.062443 -0.026513327 -0.21729379 1.344992 0.5
16.116511 8.6114612 0.0045766093 0.0090472548 3.633442 0.5
24.868893 14.781132 -0.013355037 -0.043915942 2.78777 0.5
20.730743 17.927384 -0.080764473 -0.019147876 1.483056 0.5
22.297838 16.888991 0.026159057 -0.024835979 0.879468 0.5
9.4839877 23.093713 0.11351057 -0.13540805 4.923104 0.5
8.1584907 23.893222 0.0050680392 0.056953402 5.350229 0.5
5.0940671 7.2867296 -0.0039172338 0.011463104 1.508644 0.5
1.0552237 15.84375 0.080168023 -0.01204588 4.32761 0.5
10.250627 6.7988447 0.0045967349 0.0080245129 1.3724 0.5
7.4450944 7.5105195 -0.00028850683 0.0024085283 2.64206 0.5
6.4787627 6.3939 0.0039716011 -0.0072265581 2.466218 0.5
4.8443669 8.7731052 0.0033539455 0.0058105785 0.69625 0.5
15.603945 26.190647 -0.093434736 0.1225887 0.502972 0.5
13.080293 0.73259226 -0.027061992 0.00098569398 4.066135 0.5
10.018636 16.222935 -0.0014305656 -0.0068599555 3.026607 0.5
4.5339184 13.334213 0.0031269927 -0.008232141 6.171553 0.5
20.024217 4.5473925 0.0073332689 0.010695044 3.767955 0.5
23.446314 8.2069043 0.021632751 0.02964523 5.349705 0.5
4.9678012 4.2872649 -0.00077388738 0.0020767488 3.28374 0.5
14.84651 5.0371207 -0.017408154 0.0069291125 1.964272 0.5
5.351701 9.9109276 0.0037148405 0.0076018049 1.170799 0.5
6.9029989 2.9448846 -0.023202585 0.0090920203 0.802835 0.5
8.2021639 3.765782 -0.0035647951 -0.0059530592 5.063896 0.5
22.352324 3.777494 0.0087607067 -0.0029605128 2.243796 0.5
7.4141506 19.426959 0.063997835 0.034373605 5.270568 0.5
8.8778839 10.021927 -0.00033161287 0.0074903429 5.757172 0.5
25.662719 11.672555 -0.010403076 0.005407803 5.271397 0.5
0.74588683 12.380952 0.027623357 -0.021977083 3.151318 0.5
9.027723 11.691824 0.038396242 -0.019394151 0.221595 0.5
2.7284676 20.077668 0.0019663645 0.0075285298 1.510648 0.5
18.45446 8.5411522 -0.011355155 0.028260931 5.29405 0.5
11.450122 1.9510681 0.010529256 -0.0032762883 2.737677 0.5
11.809129 16.619119 0.00011084824 0.026062799 4.134415 0.5
8.9205277 4.6374116 -0.010633036 0.010894549 1.432456 0.5
22.651347 6.8158531 -0.0093891594 0.018655663 2.840655 0.5
23.289965 9.4998051 -0.044686054 0.020474159 2.899005 0.5
21.474287 15.970621 -0.10124454 -0.0903158 4.137855 0.5
9.2576015 25.445504 0.13155627 -0.078657456 1.992807 0.5
4.0831384 22.812226 0.0050241213 -0.030773777 0.375558 0.5
24.886175 12.598752 -0.000445871 -0.00093436855 0.629977 0.5
3.2879598 12.858753 -0.074702234 -0.076728044 5.301885 0.5
26.137732 8.3564316 0.015853338 0.001326596 1.197725 0.5
2.8954652 16.127805 0.0069293519 0.021349501 2.939026 0.5
5.0649438 11.281767 0.0039954192 0.0062424199 3.912909 0.5
10.34079 18.157712 0.075017606 -0.056498649 3.115045 0.5
1.1940538 17.886388 0.010040328 -0.0095682835 1.662001 0.5
20.875931 2.6143462 -0.0070402501 -0.0061661148 0.131507 0.5
