# x y vx vy theta radius
24.521885 14.784181 -0.9830249 -0.84477368 4.9868924 0.5
3.5397616 13.380986 -0.038280526 -0.059236735 1.764168 0.5
12.68472 9.7597462 0.049061352 0.022220992 3.951996 0.5
0.80652077 16.569799 0.0075055907 0.0068597007 4.259518 0.5
7.3296253 18.16244 0.026826251 -0.012086648 1.882067 0.5
5.8340946 14.135551 0.020513199 -0.018976831 0.92276 0.5
5.3890552 12.233145 0.0080844988 -0.020082971 4.981497 0.5
16.967508 14.813009 0.13473934 -0.19237519 0.663689 0.5
2.2915544 10.632253 0.0024669562 0.0044534676 4.599871 0.5
16.993386 23.519198 -0.031765351 -0.14305274 3.315122 0.5
1.621539 8.8648534 0.013743432 0.0046912652 5.224588 0.5
3.9159989 22.887066 -0.026747402 -0.16433652 4.739779 0.5
16.119896 11.891704 -0.26282808 -0.349567 0.624425 0.5
11.710173 13.953909 -0.13019521 -0.0027820301 0.734434 0.5
20.268456 10.664358 0.0077321035 -0.00084869987 4.989084 0.5
17.505631 25.154207 0.029235573 0.023508126 2.508867 0.5
15.563564 14.448315 -0.11780342 -0.074622751 5.939565 0.5
7.4108811 7.7220284 0.0085284837 0.023842694 0.028815 0.5
18.159342 23.255578 -0.00076677813 -0.16840844 3.449449 0.5
12.823498 27.242399 0.019552314 -0.0014325471 0.592282 0.5
5.5758373 11.116867 0.012189898 -0.012905134 6.045768 0.5
1.6219946 19.183449 0.006106567 -0.03344209 0.890473 0.5
13.117138 19.409587 -0.093195033 -0.069294492 2.353219 0.5
2.3067324 18.296775 -0.014378646 0.053849447 1.672869 0.5
11.612579 23.8458 0.034281571 -0.095543597 4.21507 0.5
5.5509118 19.609733 -0.12666521 -0.071591299 0.4829 0.5
20.305215 6.9585687 0.012940732 0.0047218401 6.274711 0.5
12.123811 10.910877 0.022607479 -0.048447181 1.301021 0.5
16.776541 21.702796 0.086920298 -0.093915927 3.538852 0.5
12.335735 21.697019 0.044895003 -0.11988781 1.72413 0.5
5.9622766 21.821459 0.054878645 -0.083228099 0.779811 0.5
3.746092 21.777796 -0.029943207 0.015270096 1.209651 0.5
8.5127476 18.368906 -0.0079652436 0.030304574 5.377079 0.5
11.911857 6.1538468 0.019724438 -0.0031839823 3.122843 0.5
2.6021878 12.711372 -0.023240316 -0.01671258 4.105439 0.5
17.951375 17.542114 -0.073109054 -0.23128491 2.246795 0.5
11.82265 0.92512977 0.00013748587 -0.0022232952 3.468535 0.5
0.60964686 15.215076 -0.033996415 -0.076674057 5.532293 0.5
1.7847653 11.909467 0.0043431283 -0.0032635116 0.531572 0.5
5.9325071 23.391969 -0.088399598 -0.0015121984 5.261584 0.5
15.90531 17.454744 0.098569496 -0.035872979 0.040113 0.5
8.2988818 15.106346 0.080388366 -0.076401999 4.576591 0.5
7.8263868 3.5733928 -0.010385419 -0.0086588727 0.209824 0.5
10.028325 25.605041 0.036559998 0.0033524349 1.770879 0.5
12.69804 25.953377 0.015804899 -0.038374779 4.791815 0.5
5.2829584 18.523737 0.04934188 0.033105247 2.522673 0.5
10.60186 9.3453232 0.0041380981 0.014673321 3.232151 0.5
6.6945572 20.008274 0.02066 -0.036082901 0.943125 0.5
6.846969 15.344798 0.041552443 0.011358957 1.031271 0.5
15.796458 6.3897376 0.003570007 -0.0015295823 1.523797 0.5
7.1259526 17.037202 -0.069409691 -0.1141267 1.787492 0.5
2.1475635 20.208716 0.0028439621 0.021136057 3.056837 0.5
2.9083864 19.255626 -0.013351401 -0.088461809 3.332967 0.5
4.3011102 19.184001 -0.0099798322 -0.028939108 3.889918 0.5
5.0788795 22.599693 0.070110223 -0.082228645 1.775857 0.5
13.751987 25.564707 -0.068328928 -0.12304754 4.33857 0.5
8.4525099 11.919322 0.0043012201 0.027763755 2.652322 0.5
8.390375 23.772549 -0.087631281 -0.12164666 1.360759 0.5
4.1375993 12.368384 -0.048856011 -0.06027688 1.350476 0.5
10.707027 13.312416 0.062718174 -0.06597679 3.139709 0.5
2.6272192 6.9221562 -0.02534877 0.013493122 3.877928 0.5
11.24887 4.0707829 -0.0028011566 -0.0075575778 4.111005 0.5
15.942656 26.090672 0.097849712 -0.079948455 4.354529 0.5
14.247678 19.281131 -0.031519649 -0.1134951 1.958136 0.5
4.6824503 6.8110673 0.0093244218 -0.0013921491 1.935129 0.5
11.373417 15.746697 0.037905101 0.0068704637 0.983243 0.5
8.8054261 6.1059779 0.0053138402 -0.011727466 4.524452 0.5
7.5499968 19.269428 -0.029833659 -0.133954 4.628506 0.5
5.2317331 17.338737 -0.042421997 -0.079804634 4.619789 0.5
15.366963 7.9922618 -0.086260108 -0.076422841 6.246698 0.5
12.016244 19.493976 -0.083913117 0.01972479 2.597917 0.5
5.1522092 7.9408231 0.002955501 0.013685787 5.540445 0.5
13.887632 12.728425 0.2040077 -0.093898459 1.135786 0.5
7.4322186 12.620327 0.014116422 -0.0032669768 0.649744 0.5
2.5131298 8.0911222 -0.0077157938 0.019185015 4.647872 0.5
2.5325589 13.9314 -0.00084307504 -0.00048166291 3.116928 0.5
12.673014 14.894646 -0.14873655 -0.03713254 1.058365 0.5
15.406725 27.230892 0.072270762 0.035068187 1.223223 0.5
1.2014824 18.107395 -0.025635367 -0.014088492 6.185729 0.5
16.026723 4.8438247 -0.0013716921 -0.00028729875 5.03693 0.5
14.319914 23.117442 0.031578129 -0.032488962 0.158334 0.5
20.979773 12.892734 0.1189681 -0.20255417 0.09489 0.5
19.864205 15.738039 0.17758764 -0.23322738 3.182579 0.5
4.1516473 11.232006 -0.047394643 -0.015055311 5.999337 0.5
16.645421 7.8566348 0.065401009 -0.00064600362 0.712677 0.5
6.6320941 25.204816 -0.011325939 -0.032563428 1.70588 0.5
17.770758 3.2999 0.08811807 -0.46993488 5.092516 0.5
9.3545533 23.049739 -0.043779728 -0.10713563 0.506989 0.5
13.356437 7.0919087 -0.012079112 0.011670753 4.452103 0.5
13.425473 21.977974 0.032004682 -0.047338372 3.429354 0.5
9.9516353 10.800195 0.07292161 0.018041955 5.942963 0.5
5.1536209 9.2149709 0.021506561 -0.062881284 2.062723 0.5
13.075297 23.360194 -0.19255929 -0.061741027 2.598321 0.5
9.8259359 18.46248 0.065953683 -0.06631582 6.159219 0.5
14.965189 16.650653 -0.040480105 -0.0090817387 1.488917 0.5
21.21086 8.8249327 -5.2873102e-05 -0.0010084236 1.927238 0.5
9.7739077 8.0031335 -0.05372679 0.0010761257 3.98558 0.5
16.778263 18.290988 -0.057677912 -0.080814152 3.515453 0.5
2.9839028 11.638094 -0.00026351545 0.00024337218 3.362574 0.5
8.2285212 17.250622 -0.024342181 -0.058323916 2.617045 0.5
9.9813443 3.5359016 -0.00019359077 0.034744845 4.416501 0.5
8.833604 16.235734 0.059838862 -0.04199679 2.357123 0.5
10.917344 20.363379 0.0786401 -0.17710587 0.027213 0.5
12.573136 20.575574 -0.064801966 -0.01401504 3.270335 0.5
19.305371 17.575328 -0.011328767 -0.18756652 5.133302 0.5
8.3007915 10.346717 -0.00035836405 0.003125165 4.163048 0.5
9.452436 9.191946 -0.014630138 -0.067631302 3.93618 0.5
6.900941 21.168421 -0.074483535 -0.041272134 5.951127 0.5
5.6726987 3.9813741 -0.00042177107 -0.010018318 4.082451 0.5
15.736114 18.813024 -0.2122636 -0.20417918 1.780305 0.5
12.913639 8.3332514 -0.00019390503 -0.001152781 2.847882 0.5
14.136073 8.0976433 -0.0045090317 0.011756003 1.767937 0.5
6.5276801 11.909519 0.0094409025 0.011075711 0.00135 0.5
14.660594 26.304174 0.061182611 -0.1246334 5.312468 0.5
3.6280168 14.504588 -0.032017627 0.051743305 0.320289 0.5
5.8204704 20.708515 -0.044919193 -0.1148708 0.581132 0.5
1.8032903 17.157846 -0.019633839 0.032294324 3.087421 0.5
19.494525 22.098504 -0.011176911 -0.071382204 3.560403 0.5
10.188956 16.266969 0.084696724 -0.027121037 0.555117 0.5
2.6542125 9.3923542 0.017378644 0.025323174 6.220608 0.5
6.0840331 16.587548 0.0089736403 -0.047966312 5.652715 0.5
4.7813521 13.423518 -0.034148867 -0.01867094 0.827952 0.5
4.8759681 21.465935 0.033626996 0.048723515 1.054048 0.5
9.5757977 24.341689 -0.043920867 0.024565552 0.319962 0.5
11.239091 21.477787 -0.059974285 -0.039931366 2.464344 0.5
1.6305214 15.773619 -0.054006817 -0.024215741 3.780782 0.5
8.5938899 2.6586789 -0.0091179092 0.010431007 0.745414 0.5
12.584226 1.9761355 0.0039831526 -0.0015696084 3.348875 0.5
21.97664 23.214672 0.029772822 -0.029060978 5.365761 0.5
13.842181 9.2388554 -0.05504962 -0.037586518 0.445642 0.5
6.1354378 10.075162 -0.010624544 0.021115429 2.979068 0.5
5.2894479 5.5054475 -0.018535086 -0.0025913288 2.813895 0.5
9.5542728 15.137105 -0.030441869 0.00052651833 4.039246 0.5
13.658087 5.9793547 0.01163689 -0.0080182612 4.602055 0.5
7.6522825 9.3791148 -0.036411256 -0.038409278 1.676583 0.5
17.62346 13.637356 0.072061179 0.0047534796 1.207935 0.5
9.6275576 11.878509 0.00047330232 -0.037984517 6.164191 0.5
3.7087672 15.830276 -0.014314013 -0.0017873357 1.491784 0.5
4.638274 15.058657 0.014094597 0.01280274 6.269379 0.5
9.2112475 26.448736 -0.023127206 0.012513794 0.35856 0.5
16.917886 9.8132456 -0.0078797227 0.0046186963 0.326238 0.5
15.35385 12.976362 0.07168869 -0.088759262 1.608548 0.5
9.4882458 4.9177175 0.012870546 -0.020508129 2.616667 0.5
6.585764 9.0374476 0.015925638 0.0090974742 0.410672 0.5
3.5933051 10.183261 0.0028284101 0.00067488257 3.210668 0.5
0.63733565 13.944074 0.10657304 -0.061242207 0.309541 0.5
15.469775 22.208684 -0.041116012 -0.012572274 1.761874 0.5
13.883217 20.64894 -0.011092124 0.01033986 4.731547 0.5
14.882723 5.3533299 0.039932851 0.0085632745 0.313065 0.5
8.9731412 20.78042 -0.032475614 -0.0050784055 0.087229 0.5
17.326013 26.8013 -0.010825873 -0.0048854703 5.713071 0.5
7.7775501 20.38611 0.020636353 0.00075584643 0.34983 0.5
2.9516508 17.346456 -0.048001141 -0.039416076 2.015368 0.5
10.384458 26.821548 0.15190635 0.032903231 0.42176 0.5
8.3028644 8.4610292 -0.084512636 -0.058861826 5.580866 0.5
12.478381 16.020322 0.014515671 0.027333879 4.066321 0.5
7.8093717 24.749658 0.0056525147 -0.022868329 5.863794 0.5
19.390467 11.761065 0.015727916 0.035840651 5.355125 0.5
6.4320806 18.899571 0.056888911 -0.030286933 5.404824 0.5
17.97282 22.104243 0.074294574 -0.2996704 1.361005 0.5
19.318378 25.411295 -0.059789577 -0.15867242 5.19755 0.5
9.6442184 13.958871 -0.05961638 -0.091612716 5.853071 0.5
11.621264 17.01039 -0.12097311 0.011551359 2.830697 0.5
4.7495981 16.292393 0.032727864 0.010488082 3.251414 0.5
7.0591479 22.511272 0.0039671601 -0.14296998 3.305262 0.5
10.82804 14.749272 -0.016342346 0.035266398 3.841898 0.5
10.474403 17.435495 -0.016811175 0.10352477 4.917041 0.5
19.235896 10.035485 0.15258465 0.0192086 1.726803 0.5
11.595747 27.075837 0.066075307 0.0056996154 2.534849 0.5
8.2123758 13.822206 0.011136651 -0.10068738 1.985571 0.5
7.4699127 6.066043 -0.019221848 0.055154426 5.636684 0.5
21.609378 14.839976 0.074317017 -0.40790424 0.642493 0.5
12.546239 3.4844203 0.015450075 -0.0088916338 5.796573 0.5
13.847529 15.924087 0.030590487 -0.043293462 4.738871 0.5
4.8081332 23.784956 0.044117395 -0.061764469 1.568073 0.5
2.612606 15.123986 0.014889059 0.015381045 2.749741 0.5
10.936324 8.1065525 0.0064439826 -0.031635069 1.171823 0.5
15.758031 23.607044 -0.11367164 0.014396807 2.226958 0.5
3.6498281 6.2970252 0.0083728263 0.011829429 1.548545 0.5
1.1901733 10.100854 -0.011173254 0.029256414 3.653333 0.5
18.31465 20.858162 0.00014502066 -0.069592889 4.394256 0.5
6.2721595 6.8116584 -0.010769253 0.00025689934 0.605652 0.5
5.7364767 24.49636 -0.070900923 0.0003144124 3.106146 0.5
8.1822392 22.648891 -0.025846257 0.001272768 3.095002 0.5
12.191079 4.9166612 0.0089790936 -0.023261537 1.841384 0.5
9.0286043 13.021309 -0.082549696 -0.14606529 6.034028 0.5
10.632019 5.5135842 0.045853018 0.015192222 1.857551 0.5
14.130758 27.325262 -0.099762615 0.083680338 1.702664 0.5
14.027054 10.718893 -0.092012834 -0.02143738 1.16125 0.5
12.18572 7.2669451 -0.00030513245 0.015646016 4.720586 0.5
8.6735603 19.660705 -0.0099183626 -0.035918647 0.205718 0.5
16.179882 24.669709 -0.1084218 0.015866847 5.820667 0.5
7.7205606 16.069839 -0.090451901 0.010283954 3.894129 0.5
14.85345 25.070073 0.013559337 -0.095292928 3.074393 0.5
14.152192 13.970298 -0.060198183 0.0059222707 0.467747 0.5
9.3553541 17.365426 -0.037485561 0.099680395 5.60533 0.5
6.2949754 7.9559206 0.0015648799 0.043804266 6.227367 0.5
1.6146789 14.592681 -0.0076364079 -0.037467811 5.177094 0.5
5.6477729 15.541265 0.045178707 -0.011111309 0.203779 0.5
2.7320501 21.309637 -0.076096473 -0.063181892 6.095105 0.5
18.997569 5.546743 0.020150429 0.013103827 5.150288 0.5
16.01199 20.022398 -0.14580253 0.077428949 3.059892 0.5
10.477244 23.453556 -0.066479379 0.00354956 3.692189 0.5
6.4402558 5.5921812 0.018669895 -0.0034242656 3.246869 0.5
12.891519 13.799615 0.087098271 -0.030278379 2.032293 0.5
0.71498418 12.391105 0.0016919046 0.0071792378 6.136396 0.5
13.481132 18.321837 0.046281981 0.022622798 4.563161 0.5
2.6160871 16.278665 0.016583345 -0.064121771 5.916686 0.5
11.547805 25.807375 -0.066878682 0.011855385 1.344992 0.5
10.078687 21.154556 0.050841279 -0.075302296 3.633442 0.5
4.0941308 17.311391 -0.045792164 0.0010252704 2.78777 0.5
6.9409473 2.585633 0.0012809206 0.00054809194 1.483056 0.5
9.7407331 1.4588736 0.032613457 0.01254929 0.879468 0.5
0.87054577 11.223208 -0.043744727 -0.031840458 4.923104 0.5
20.693428 24.910172 0.14298609 0.14519794 5.350229 0.5
13.773153 4.222895 -0.023941798 0.011153471 1.508644 0.5
11.094751 10.393374 -0.043367129 -0.02528405 4.32761 0.5
19.067276 8.7250249 0.0078784506 0.0048768895 1.3724 0.5
7.0066011 23.889151 -0.061039459 -0.021718946 2.64206 0.5
1.6180953 13.246372 -0.01231393 0.0056937078 2.466218 0.5
3.9031924 9.0535739 -0.0031265522 -0.0044237971 0.69625 0.5
3.5870841 7.6661902 0.014356609 0.0089041299 0.502972 0.5
7.4893232 11.328685 -0.027058535 -0.025633432 4.066135 0.5
11.202256 12.307272 -0.10319469 0.013177842 3.026607 0.5
14.863277 21.245461 -0.013187526 -0.099046715 6.171553 0.5
10.813234 24.623399 0.033690169 -0.051370228 3.767955 0.5
11.000855 18.793835 -0.077168731 -0.076843923 5.349705 0.5
6.3719099 13.057554 -0.0015342071 -0.0081885874 3.28374 0.5
11.749031 9.137417 0.0077165882 -0.031337801 1.964272 0.5
19.315441 14.199216 -0.18513372 -0.1009204 1.170799 0.5
3.3104088 20.345327 -0.12498431 -0.046352947 0.802835 0.5
12.589741 24.41004 -0.13319559 -0.057431324 5.063896 0.5
17.476705 19.422711 0.073167415 -0.096456036 2.243796 0.5
10.052164 19.550987 -0.069614652 -0.020195557 5.270568 0.5
4.7799608 10.29164 0.00069703088 -0.0099956597 5.757172 0.5
7.8996293 25.901472 -0.058291081 -0.066053666 5.271397 0.5
4.1988851 5.0589509 -0.013225103 -0.0012935876 3.151318 0.5
12.751178 17.277337 0.0037509514 -0.16532136 0.221595 0.5
8.9513101 25.286138 0.043808438 0.057955727 1.510648 0.5
6.2679804 17.79101 0.0088747974 -0.042613958 5.29405 0.5
10.029309 6.5160582 0.015879506 0.0093724022 2.737677 0.5
15.107992 1.0493688 0.002182876 0.004918994 4.134415 0.5
3.5747625 18.323657 0.0354018 -0.03780017 1.432456 0.5
13.978058 24.241018 0.012222589 -0.0068073912 2.840655 0.5
7.093354 14.201407 -0.02338138 0.018238275 2.899005 0.5
16.086654 10.711503 0.03908094 0.0045575403 4.137855 0.5
4.5463089 20.319474 -0.0063889451 -0.17532231 1.992807 0.5
7.9696686 21.530558 -0.057126172 0.031120324 0.375558 0.5
15.116011 9.1353852 0.10187789 -0.10928582 0.629977 0.5
12.045405 18.335358 -0.078131005 0.046778977 5.301885 0.5
9.2117058 21.931006 0.045896121 -0.073501219 1.197725 0.5
12.305185 12.660802 0.026507914 -0.041851583 2.939026 0.5
10.478964 22.311376 0.039176404 0.0068283628 3.912909 0.5
18.668707 26.325264 -0.022486628 -0.055053905 3.115045 0.5
14.703007 17.928576 0.0039657179 -0.20149612 1.662001 0.5
11.836615 22.699491 0.041628099 -0.01726774 0.131507 0.5
