# x y vx vy theta radius
9.8019029 1.8223003 1.6897498 0.27437815 4.7405637 0.5
20.066611 8.7346543 0.14134536 -0.074076413 1.764168 0.5
2.6666819 20.850072 0.0027768177 -0.0072897192 3.951996 0.5
3.1388887 15.70095 -0.0082595138 -0.028033505 4.259518 0.5
5.4377339 16.166341 -0.017258628 -0.020469327 1.882067 0.5
1.1692147 16.834764 0.030829833 -0.029975717 0.92276 0.5
14.056253 16.049961 -0.0054015381 0.0079879944 4.981497 0.5
12.446845 27.281627 0.013466966 0.00069141538 0.663689 0.5
16.223649 19.876762 0.015122096 0.011997288 4.599871 0.5
21.595359 21.001393 0.0044595036 -0.0010928337 3.315122 0.5
12.289214 20.72605 0.012256087 -0.011018926 5.224588 0.5
12.721506 19.678154 0.028984946 0.013219548 4.739779 0.5
4.0005918 22.926154 0.00012221828 0.031975545 0.624425 0.5
13.865938 14.169733 0.0038768723 -0.018265163 0.734434 0.5
12.869186 13.411984 0.020691671 0.0091596845 4.989084 0.5
2.9307676 7.7122539 0.024460885 0.17962689 2.508867 0.5
23.177324 16.435674 0.00014088689 -9.3314197e-05 5.939565 0.5
15.827329 14.2636 -0.0033478951 -0.0045659612 0.028815 0.5
19.189288 22.946614 0.019605941 0.00012920939 3.449449 0.5
13.071674 24.108368 0.011148186 -0.010789436 0.592282 0.5
1.8402324 9.9459631 -0.034692648 0.0086712523 6.045768 0.5
8.8421499 14.500161 0.016177438 -0.0060386585 0.890473 0.5
17.054919 27.009242 0.0044383492 0.0031274432 2.353219 0.5
4.8655056 12.358545 0.024136224 -0.036589144 1.672869 0.5
1.9153167 8.4611745 0.17031219 -0.17528398 4.21507 0.5
20.395093 11.767034 0.013186837 -0.070586248 0.4829 0.5
7.286598 22.887356 0.01666888 0.027792944 6.274711 0.5
1.8553343 19.554236 0.0150202 -0.017206535 1.301021 0.5
16.38333 12.681818 0.0082235254 -0.0069194959 3.538852 0.5
14.226926 21.907888 0.0026717847 -0.0077447409 1.72413 0.5
19.592859 16.005354 0.021711158 0.073234754 0.779811 0.5
10.134134 26.82363 0.0022337338 0.013146049 1.209651 0.5
16.221769 26.151708 0.022191698 -0.011175385 5.377079 0.5
10.140579 19.456201 0.013925533 0.012706144 3.122843 0.5
3.2366299 21.954459 -0.0079463905 0.0042182478 4.105439 0.5
19.116151 14.851992 0.019973256 0.021156041 2.246795 0.5
12.56267 7.6275891 0.024325648 -0.015126054 3.468535 0.5
12.083968 3.1691976 0.023121341 -0.049938187 5.532293 0.5
8.8883827 17.372386 0.0027570109 -0.00077701442 0.531572 0.5
17.209214 20.470709 0.0060758126 -0.015948725 5.261584 0.5
23.227214 23.717886 0.0052268667 0.006047698 0.040113 0.5
3.0406839 13.21428 0.03912457 0.11124334 4.576591 0.5
13.360642 25.272834 0.009214386 -0.010382892 0.209824 0.5
18.272854 3.661005 0.00078716768 -0.0012709191 1.770879 0.5
20.562017 20.396442 0.001533526 -0.0037849281 4.791815 0.5
0.86410493 15.030713 0.013303647 -0.018324899 2.522673 0.5
14.206564 24.110649 0.030552049 0.0092587896 3.232151 0.5
15.090877 19.419611 -0.00038200404 -0.0092178786 0.943125 0.5
13.974357 26.304144 0.0097283654 0.0022319295 1.031271 0.5
26.850189 12.912275 -4.0980786e-05 0.00088841631 1.523797 0.5
17.88336 15.290391 -0.045418506 0.0669273 1.787492 0.5
25.864353 15.647957 0.00024286387 -0.00010149852 3.056837 0.5
12.550579 26.072912 0.022691402 0.01560556 3.332967 0.5
12.19307 18.613914 -0.00040641096 0.02879422 3.889918 0.5
6.47564 7.3090919 0.096225617 -0.037212014 1.775857 0.5
18.03519 19.63194 -0.0072713984 -0.0085818424 4.33857 0.5
22.340511 23.02886 0.012585191 -0.018393881 2.652322 0.5
15.868076 16.966015 0.022621398 0.026330921 1.360759 0.5
19.269193 26.343301 0.016496049 0.00050076137 1.350476 0.5
17.754047 12.972625 -0.080691999 0.008872671 3.139709 0.5
18.399041 25.225972 0.0059786573 0.0039537711 3.877928 0.5
0.9032098 11.424566 0.075889376 0.050234207 4.111005 0.5
13.654011 8.4852599 -0.13358607 -0.048516416 4.354529 0.5
17.443658 25.858721 0.016533334 -0.0089594823 1.958136 0.5
16.600538 23.833167 0.026711852 0.0094627202 1.935129 0.5
16.702552 10.637541 0.020160097 0.012745408 0.983243 0.5
24.333583 11.686566 -9.30237e-05 5.8973983e-05 4.524452 0.5
6.4321547 22.078352 0.01223684 -0.021718252 4.628506 0.5
15.205333 10.549128 0.040266026 0.056199545 4.619789 0.5
23.378947 9.2134085 -0.002729823 0.092021073 6.246698 0.5
21.175579 25.037122 0.0092945204 0.00977182 2.597917 0.5
12.355741 8.9803498 -0.0012739059 -0.011199243 5.540445 0.5
17.003388 19.054679 0.028114467 -0.011110958 1.135786 0.5
20.252421 25.794567 0.0030740869 0.0048449006 0.649744 0.5
21.452788 22.324348 0.0032007084 -0.0073468129 4.647872 0.5
26.339486 19.197968 -3.118651e-05 -0.00030933393 3.116928 0.5
8.9806636 16.01782 -0.01499348 -0.034122509 1.058365 0.5
20.566092 13.114351 -0.00072396437 -0.0044420283 1.223223 0.5
15.913956 27.293322 0.013365554 -0.0075313034 6.185729 0.5
8.0114175 20.406334 0.0070314183 -0.010984546 5.03693 0.5
5.4785364 21.10272 -0.0059225974 -0.034643097 0.158334 0.5
13.533147 22.954109 0.014230656 0.009455087 0.09489 0.5
18.431488 20.726403 -0.00022693887 0.0037360713 3.182579 0.5
20.97814 17.276743 0.011005598 0.010875539 5.999337 0.5
10.844525 24.684061 0.010627244 0.005037791 0.712677 0.5
17.722893 5.2128085 0.095706681 -0.076356511 1.70588 0.5
15.285394 20.531294 5.4294858e-06 -0.015786736 5.092516 0.5
14.143104 10.071819 0.031519951 -0.023271283 0.506989 0.5
9.4149932 13.422006 -0.010549029 0.0093714036 4.452103 0.5
9.8918224 18.323405 0.0062283349 0.017375178 3.429354 0.5
3.7464163 14.295802 0.0028076107 -0.01623596 5.942963 0.5
10.031617 20.635221 0.0028341018 0.0017716463 2.062723 0.5
6.983933 24.098956 0.010612229 -0.0054941849 2.598321 0.5
9.033389 26.412863 0.012174583 0.00021837649 6.159219 0.5
1.491293 18.302505 0.013153539 -0.0040004475 1.488917 0.5
17.989992 18.38449 0.012622971 0.0096273005 1.927238 0.5
24.944528 18.365971 0.0004701796 0.00070730991 3.98558 0.5
10.422036 17.094168 -0.0017619823 -0.025309646 3.515453 0.5
4.3331713 21.700563 0.00029135324 -0.0063474169 3.362574 0.5
9.7545315 24.416267 0.010014052 0.0046101022 2.617045 0.5
7.6888555 17.870503 0.00010138398 -0.010073396 4.416501 0.5
18.805227 24.042969 0.018008211 -0.0061481707 2.357123 0.5
14.728652 17.184618 0.022158049 0.010094316 0.027213 0.5
17.669037 17.032936 0.0098836298 0.0076177649 3.270335 0.5
15.033519 3.4549396 -0.00097191971 -0.0015275746 5.133302 0.5
23.714327 17.58399 -0.00066921506 -0.00028039892 4.163048 0.5
15.109396 26.285434 0.0071276958 0.0043853403 3.93618 0.5
9.7803463 11.289801 0.00047293274 0.018425142 5.951127 0.5
4.8702719 9.0754871 -0.015464613 -0.017168653 4.082451 0.5
23.769533 15.372967 -0.00045675628 0.0014672013 1.780305 0.5
19.646389 24.805166 0.02140972 -0.016825127 2.847882 0.5
15.5648 7.7129795 -0.018211332 0.029970638 1.767937 0.5
12.974669 9.9606292 -0.0058144275 -0.048805589 0.00135 0.5
6.2072709 23.218716 -0.01904795 -0.0061321781 5.312468 0.5
19.146952 18.730281 0.016864098 0.0075863524 0.320289 0.5
15.651283 25.137668 0.011438102 -0.008420107 0.581132 0.5
20.231612 23.815195 0.0059470751 -0.0050274642 3.087421 0.5
22.933201 19.71597 4.5372389e-05 0.00053903432 3.560403 0.5
12.040554 24.725926 0.014464667 0.0029878437 0.555117 0.5
14.513093 25.195045 0.014729927 0.014245142 6.220608 0.5
4.3949036 18.473121 -0.034466563 -0.0042565853 5.652715 0.5
15.731768 9.5567931 -0.013762553 -0.04630677 0.827952 0.5
18.50049 16.25998 -0.030788719 0.0079632897 1.054048 0.5
21.35656 23.648827 0.019486116 -0.022016438 0.319962 0.5
23.397372 21.006183 0.0094207797 -0.0076344668 2.464344 0.5
16.766725 24.959208 -0.0030305025 0.00015539357 3.780782 0.5
5.8881179 10.129079 0.063804661 0.02352466 0.745414 0.5
12.750505 16.294261 0.018998039 -0.012095953 3.348875 0.5
13.01826 15.115168 -0.0067480215 -0.0027386887 5.365761 0.5
18.102482 14.166742 0.041894348 0.032518656 0.445642 0.5
11.312883 27.105281 0.004368494 0.046985986 2.979068 0.5
0.57184436 13.623662 0.01685621 -0.02936681 2.813895 0.5
3.8573385 11.298081 -0.024234087 -0.0099316551 4.039246 0.5
23.606577 22.645181 0.0063835671 -0.018217479 4.602055 0.5
6.3220799 12.073471 -0.049064911 0.020094248 1.676583 0.5
18.052437 23.11121 -0.0031573486 -0.010292045 1.207935 0.5
13.585113 17.228974 0.01268736 0.00060796435 6.164191 0.5
14.938238 13.556784 0.029457379 -0.0011004687 1.491784 0.5
20.702681 16.161665 0.034985913 0.0046778502 6.269379 0.5
14.686382 23.062925 0.014742789 0.011747388 0.35856 0.5
22.517663 21.85104 0.0096782666 0.013341049 0.326238 0.5
21.823144 16.463524 0.083857534 0.024513364 1.608548 0.5
5.3227847 22.252952 0.0027959338 0.0013139629 2.616667 0.5
20.374185 22.682854 0.010509951 0.012323267 0.410672 0.5
20.071316 10.643599 0.057977364 -0.014907992 3.210668 0.5
15.760263 0.83938533 0.055532638 0.065284215 0.309541 0.5
19.052663 12.009669 0.10587158 0.1123776 1.761874 0.5
16.92755 14.668593 0.029809458 -0.0067913411 4.731547 0.5
12.403412 23.088651 0.016086644 0.011926211 0.313065 0.5
2.3484636 16.781254 0.012594081 -0.0051776838 0.087229 0.5
22.205988 9.4388017 -0.0002924508 -0.0011549319 5.713071 0.5
11.832093 21.976203 0.014943774 -0.0073394896 0.34983 0.5
13.978004 19.692674 -0.0013719346 -0.014595274 2.015368 0.5
17.393485 21.621199 0.018999393 -0.011316552 0.42176 0.5
18.686357 21.892365 0.012504156 -0.0032123639 5.580866 0.5
6.8778537 20.944379 -0.0016604442 0.013736869 4.066321 0.5
16.978098 22.66661 0.015928592 0.0081704616 5.863794 0.5
11.05155 15.020637 0.020617882 0.0082497845 5.355125 0.5
3.9125988 16.832152 -0.0021129342 -0.044172144 5.404824 0.5
11.044838 18.359562 -0.0036808347 -0.0099843764 1.361005 0.5
2.5119866 11.464355 -0.022734474 -0.0074749148 5.19755 0.5
20.69769 18.85058 -0.00022640966 0.0006952909 5.853071 0.5
5.1786906 19.459723 0.011885091 0.010938297 2.830697 0.5
13.345786 18.488076 0.010647628 -0.0053485422 3.251414 0.5
4.9262509 23.670827 0.01809571 0.0030686876 3.305262 0.5
2.8449957 18.237039 0.018571522 -0.014023266 3.841898 0.5
24.663673 21.73087 -0.0012407761 0.00071525077 4.917041 0.5
18.772786 7.2915773 -0.018850281 0.040555021 1.726803 0.5
11.087563 21.10937 0.0080088811 -0.0085423743 2.534849 0.5
26.114794 17.511856 -0.0001533878 -0.00075173594 1.985571 0.5
22.337389 24.520069 0.0047835342 0.0021048209 5.636684 0.5
23.058794 18.567127 0.00036192629 -3.2867469e-05 0.642493 0.5
21.244612 14.742084 0.00011002225 -0.00011861395 5.796573 0.5
19.379217 20.012724 0.0080038857 -0.0080289824 4.738871 0.5
3.3695646 19.550909 0.0062251233 -0.0029284377 1.568073 0.5
23.746135 8.0917437 -0.45058942 0.13968568 2.749741 0.5
11.484929 16.262476 -0.012512618 -0.01431087 1.171823 0.5
23.007354 14.546889 0.00065094414 2.5245259e-05 2.226958 0.5
22.785032 13.411647 0.0066473107 0.00085608742 1.548545 0.5
17.393487 2.42528 0.031591115 -0.082209462 3.653333 0.5
22.372156 15.472424 0.012181891 -0.018924714 4.394256 0.5
11.823158 11.331593 -0.0083232618 0.0019188192 0.605652 0.5
24.705684 14.578406 -0.00073004679 0.00052324882 3.106146 0.5
5.836917 24.498961 -5.1766298e-05 -0.0077739911 3.095002 0.5
14.087608 6.4878336 -0.08136092 -0.03924323 1.841384 0.5
15.881107 22.952278 -0.0067493475 -0.0030377491 6.034028 0.5
10.402898 13.976625 0.031714719 0.011297099 1.857551 0.5
8.728191 23.674849 0.010152626 0.001233137 1.702664 0.5
19.231769 13.612246 0.042452202 0.024983928 1.16125 0.5
8.5915331 18.594056 0.016310189 -0.039063145 4.720586 0.5
15.954693 18.635011 0.0046529378 0.0010831478 0.205718 0.5
25.855147 11.266762 -0.00025848777 -0.00013461775 5.820667 0.5
27.285911 14.441473 -1.2685569e-05 0.00015995302 3.894129 0.5
1.9530778 15.574778 0.011310689 -0.011761573 3.074393 0.5
14.521505 18.416865 0.0067443937 -0.0027881416 0.467747 0.5
21.616429 10.891547 0.052707634 0.00038062827 5.60533 0.5
21.990445 18.010575 -0.00012000058 -0.00017491571 6.227367 0.5
7.4433136 13.138545 -0.025947943 -0.010020952 5.177094 0.5
7.0778911 16.45902 0.042636961 0.0040960702 0.203779 0.5
6.2689203 19.890001 0.038358402 0.018036514 6.095105 0.5
7.6544081 19.258236 0.0085338554 -0.023014087 5.150288 0.5
8.008347 24.64094 -0.0047094437 -0.0080543121 3.059892 0.5
8.9890567 25.256665 0.00060238794 -0.017654262 3.692189 0.5
13.080863 21.826298 -0.0015483818 0.0090717524 3.246869 0.5
19.282109 17.54797 0.0025101921 -0.0098468291 2.032293 0.5
6.4802609 17.679198 0.032380387 0.015764404 6.136396 0.5
4.4513825 15.320691 0.001911501 0.023271412 4.563161 0.5
25.595639 8.5318816 0.033279848 0.44089446 5.916686 0.5
1.2891737 12.595342 0.060476908 0.19075336 1.344992 0.5
9.9204746 15.294345 -0.024111271 -0.013374857 3.633442 0.5
24.40349 20.465322 -0.00028282291 -0.00019820855 2.78777 0.5
25.293265 12.603283 0.0003047536 0.00031375534 1.483056 0.5
18.582279 9.5077037 -0.0027447308 4.4918703e-05 0.879468 0.5
15.880804 15.700091 0.013675703 0.018299512 4.923104 0.5
12.434437 17.447937 0.0084070027 0.0029484301 5.350229 0.5
11.422438 7.9209141 0.0020701659 -0.016904275 1.508644 0.5
17.093829 11.793628 0.0026556598 0.084451693 4.32761 0.5
4.3082351 20.554987 0.0073753673 -0.0018475076 1.3724 0.5
13.454222 20.758304 0.025195577 0.0016188555 2.64206 0.5
21.676776 13.271639 0.13318029 0.019370638 2.466218 0.5
23.828619 12.772269 1.5220152e-05 -0.00052644617 0.69625 0.5
7.692391 25.853407 0.025031881 0.017683185 0.502972 0.5
7.6514968 21.763184 0.0061233711 0.0020095119 4.066135 0.5
10.878898 22.690021 -0.0051219941 -0.0083151015 3.026607 0.5
11.737353 13.830819 0.0001560136 -0.0074002201 6.171553 0.5
11.40711 23.681213 -0.011543926 -0.012853782 3.767955 0.5
11.072644 10.143592 0.01275092 -0.0057056138 5.349705 0.5
15.395609 24.03687 0.024411642 0.005818898 3.28374 0.5
25.462469 20.941449 6.3895649e-05 0.00019592802 1.964272 0.5
6.090258 18.778431 -0.004288957 0.027822837 1.170799 0.5
16.929912 17.897696 0.015037747 0.0037894727 0.802835 0.5
20.052165 21.521772 0.014689061 -0.011106442 5.063896 0.5
21.78228 19.774424 -3.2597781e-05 -7.0848442e-05 2.243796 0.5
17.689979 24.253135 -0.0074409709 -0.0055939828 5.270568 0.5
5.5130274 14.122544 0.080857139 0.1187716 5.757172 0.5
10.058498 21.872656 0.021880714 -0.014966764 5.271397 0.5
18.203321 26.706336 0.0077144167 -0.0041487061 3.151318 0.5
9.0445647 19.88041 0.00030992291 0.0057882813 0.221595 0.5
14.739756 27.358325 0.0097998672 0.005129912 1.510648 0.5
27.067961 16.895962 0.0001748644 0.00012030269 5.29405 0.5
15.423182 21.869286 0.0076263107 -0.0027991851 2.737677 0.5
17.006848 15.989126 0.054533895 0.029140928 4.134415 0.5
6.7048669 25.213163 0.0040690965 -0.010286612 1.432456 0.5
5.3217803 17.417736 0.010733358 -0.027123588 2.840655 0.5
11.35481 25.956618 -0.013956231 -0.0087715495 2.899005 0.5
16.306629 21.133184 0.0040285255 -0.00070763812 4.137855 0.5
8.8521561 22.396623 0.019413807 -0.0016691073 1.992807 0.5
11.476881 19.909176 0.013826025 -0.001594361 0.375558 0.5
7.4611015 14.407078 -0.018822018 -0.025748817 0.629977 0.5
10.164886 25.677398 0.001890641 -0.00091797157 5.301885 0.5
2.6210418 14.670684 0.048600583 0.018516554 1.197725 0.5
9.7978652 23.187837 -0.00029372393 -0.0025269241 2.939026 0.5
8.7916961 21.223069 -0.0013389475 0.0026079819 3.912909 0.5
14.572609 15.039785 0.0066400716 0.0011388395 3.115045 0.5
15.067819 11.956854 0.022245197 0.010641413 1.662001 0.5
13.597677 27.40477 0.0098197956 -0.030638682 0.131507 0.5
