# x y vx vy theta radius
9.6187769 23.239375 -0.23931929 1.2102921 3.3135802 0.5
20.906155 16.702509 -0.00015161775 0.018662902 1.764168 0.5
9.1895928 24.404949 -0.051405041 0.014706473 3.951996 0.5
12.272515 4.0874627 0.046523705 -0.046639007 4.259518 0.5
24.881557 17.030917 0.0373714 -0.036762232 1.882067 0.5
22.903655 13.814876 -0.0054674053 -0.00091130894 0.92276 0.5
17.773711 1.793478 -0.00031791498 0.00042316458 4.981497 0.5
13.986306 13.920246 -0.023522277 -0.038967528 0.663689 0.5
19.76463 24.99703 0.045363763 -0.10504638 4.599871 0.5
25.23423 15.876695 -0.009354795 -0.0031054856 3.315122 0.5
17.949401 21.014697 0.019854808 -0.088723168 5.224588 0.5
7.0944909 4.526713 0.0224453 -0.027029749 4.739779 0.5
24.035707 14.007948 0.080643455 0.0089188469 0.624425 0.5
21.093833 9.2083169 -0.016783231 -0.0053527351 0.734434 0.5
13.348234 25.951967 0.079391816 -0.039581739 4.989084 0.5
20.213329 8.351873 -0.00018392677 -0.00075971506 2.508867 0.5
6.9757602 25.020185 -0.32792852 0.20205608 5.939565 0.5
21.694005 10.206542 -0.054965754 -0.017227744 0.028815 0.5
12.429183 22.72616 -0.018853841 0.036747126 3.449449 0.5
19.933838 22.299561 0.06529164 -0.05204086 0.592282 0.5
14.786689 20.210652 -0.077310247 -0.33699695 6.045768 0.5
21.648637 23.755396 0.16307022 0.17277003 0.890473 0.5
26.428141 14.211817 0.0010019862 -0.0080008602 2.353219 0.5
12.928613 7.6535521 -0.020251743 -0.01574581 1.672869 0.5
16.287215 3.724524 0.040650838 -0.022446172 4.21507 0.5
22.884258 16.030165 0.0013272982 -0.012620803 0.4829 0.5
20.233213 10.15592 0.00012756022 -0.00061558309 6.274711 0.5
25.77518 17.781244 0.056739686 -0.11878454 1.301021 0.5
20.720303 7.2237449 1.0650398e-05 2.690249e-06 3.538852 0.5
21.871123 13.332308 0.014332124 -0.068439209 1.72413 0.5
26.137588 19.741341 0.059121357 -0.055421121 0.779811 0.5
18.314026 13.881243 -0.024179003 -0.010039635 1.209651 0.5
17.158652 11.510916 -0.037489256 -0.039756895 5.377079 0.5
11.942446 6.2708651 0.0077174984 0.0048586866 3.122843 0.5
22.022098 19.991517 0.2036484 -0.016586 4.105439 0.5
19.695013 26.127227 0.13531157 -0.014820158 2.246795 0.5
9.8109297 25.450281 0.15053271 0.28455721 3.468535 0.5
15.743503 22.301523 -0.094221097 -0.052294304 5.532293 0.5
20.846486 21.62111 0.051074704 0.045297001 0.531572 0.5
18.859607 24.35912 -0.071710449 -0.036821653 5.261584 0.5
8.281835 22.923715 -0.24064138 -0.20134932 0.040113 0.5
19.655293 13.816046 0.019484805 -0.0045138851 4.576591 0.5
25.338268 18.807607 0.07739074 0.050066868 0.209824 0.5
21.826352 12.159169 0.010877926 -0.11685644 1.770879 0.5
15.7982 26.240148 -0.075066976 0.093722027 4.791815 0.5
13.828153 24.955015 -0.05073144 -0.022561492 2.522673 0.5
13.847719 15.036369 -0.03328018 -0.052312737 3.232151 0.5
6.0853265 11.060431 0.0025932198 -0.0030120798 0.943125 0.5
23.204693 19.607034 0.013077427 0.023972458 1.031271 0.5
26.515491 9.9842578 -0.0014238485 -0.0038797837 1.523797 0.5
23.219408 14.942504 -0.0045477091 -0.036124844 1.787492 0.5
20.761934 23.047449 -0.04277243 -0.15180629 3.056837 0.5
13.863316 3.0366808 -0.0012155279 -0.0021937578 3.332967 0.5
26.123053 11.876623 -0.0018561433 -0.0027585773 3.889918 0.5
24.015102 12.78096 0.033060216 0.011304257 1.775857 0.5
10.340157 15.170076 0.012874084 -0.081837487 4.33857 0.5
20.96471 20.414137 -0.044293319 -0.070004226 2.652322 0.5
7.8335629 14.593992 -0.057172681 -0.040254282 1.360759 0.5
19.278345 6.9287853 0.044848912 -0.036329445 1.350476 0.5
23.431967 4.8864651 -1.0281305e-05 -1.1122221e-05 3.139709 0.5
19.014188 18.042625 0.078149332 0.053562543 3.877928 0.5
3.775837 7.6005328 0.0011198973 0.0005246861 4.111005 0.5
25.00382 21.70132 -0.070627429 -0.08587016 4.354529 0.5
12.076399 1.8191167 -0.0091613034 0.0040796164 1.958136 0.5
21.60021 15.688074 0.005497642 0.015875931 1.935129 0.5
14.708887 21.6392 -0.010889518 -0.079750148 0.983243 0.5
22.741607 21.952139 0.006550051 0.0063015115 4.524452 0.5
26.238096 8.8865776 0.00095155183 -0.00069920807 4.628506 0.5
16.408717 27.221754 0.15657598 0.032264566 4.619789 0.5
11.705172 23.863323 0.29001928 0.087253441 6.246698 0.5
16.935367 21.616779 0.05070437 -0.0087516323 2.597917 0.5
15.501567 10.026479 0.0055267627 -0.0013059495 5.540445 0.5
13.284598 20.633674 0.035984223 -0.037115751 1.135786 0.5
7.6884583 7.5880212 0.012365656 0.02254887 0.649744 0.5
9.363149 5.8792547 0.03843005 -0.033104196 4.647872 0.5
15.205414 17.204714 0.027428442 0.030482107 3.116928 0.5
18.933625 21.68035 0.058433213 -0.22276553 1.058365 0.5
15.924935 18.159177 -0.014433372 -0.019567489 1.223223 0.5
15.209454 27.292134 -0.051943504 0.015782388 6.185729 0.5
11.344321 27.179321 -0.22236001 0.097442205 5.03693 0.5
23.040534 18.392545 0.011070895 -0.00026505944 0.158334 0.5
22.658102 5.9332813 -1.2364116e-05 7.4250795e-06 0.09489 0.5
17.020655 13.906528 -0.0049336733 -0.011842224 3.182579 0.5
9.7044684 16.294078 0.085089968 -0.17881387 5.999337 0.5
21.011604 17.868523 0.028809907 0.0093537598 0.712677 0.5
21.033105 19.304913 -0.011848424 -0.046067773 1.70588 0.5
16.108736 7.125307 0.031528812 0.039587595 5.092516 0.5
19.609966 5.2393559 -6.9585347e-06 -2.0300975e-06 0.506989 0.5
11.335771 18.659715 -0.10640499 -0.16608841 4.452103 0.5
22.640602 24.267143 0.18159526 -0.038718184 3.429354 0.5
18.494782 11.942406 -0.009739266 -0.035042874 5.942963 0.5
22.148627 6.9715225 0.0014772276 -0.0013757248 2.062723 0.5
22.228247 9.1611563 -0.010624963 -0.011121065 2.598321 0.5
8.4666662 25.808868 -0.19949113 -0.22958279 6.159219 0.5
23.981784 20.44288 0.061354202 -0.088918839 1.488917 0.5
23.575246 23.429306 0.085263666 -0.018825188 1.927238 0.5
26.128262 13.044029 0.011476209 -0.0068732346 3.98558 0.5
20.859561 4.3492427 -2.6653006e-05 5.0735562e-06 3.515453 0.5
20.903432 14.33699 -0.019895575 -0.0066926393 3.362574 0.5
13.225444 1.4923507 -0.0027780034 -0.031224001 2.617045 0.5
23.719549 6.9458327 0.039058017 -0.078392956 4.416501 0.5
5.4738319 4.2956938 -0.0056522257 -0.011100256 2.357123 0.5
17.909226 23.598359 0.030456196 0.011089862 0.027213 0.5
10.894926 25.999977 -0.14014374 -0.11762819 3.270335 0.5
11.03567 22.787079 0.19629009 0.016165998 5.133302 0.5
15.935525 19.790191 0.11437359 -0.058994124 4.163048 0.5
17.780335 14.954235 0.045326833 -0.11735793 3.93618 0.5
4.8850073 20.158748 0.012183835 -0.067627343 5.951127 0.5
7.8871017 24.115274 0.096747697 0.0094868778 4.082451 0.5
16.91766 22.799368 0.32110809 -0.38130992 1.780305 0.5
7.3134659 3.2002328 -0.022297725 -0.0092195941 2.847882 0.5
16.449335 2.4720639 0.006029644 0.0031922417 1.767937 0.5
5.4999343 21.513368 -0.14743416 -0.23919191 0.00135 0.5
19.367732 12.646408 0.045628717 0.010762067 5.312468 0.5
19.873924 20.962452 0.19980345 -0.12806068 0.320289 0.5
24.201397 18.97788 0.014306003 -0.026458314 0.581132 0.5
18.64584 26.559424 -0.069721816 -0.31920395 3.087421 0.5
21.902637 18.54596 0.026303258 0.0028701433 3.560403 0.5
16.255218 16.678681 -0.028203506 -0.077909176 0.555117 0.5
2.4137695 20.81268 -0.093945759 -0.20243379 6.220608 0.5
10.030882 1.9663166 0.063650054 0.026159327 5.652715 0.5
18.981501 3.0911212 0.00026559106 2.9322787e-06 0.827952 0.5
10.829226 21.513569 -0.20651934 -0.12920415 1.054048 0.5
19.93063 19.86412 -0.0023861841 -0.094749682 0.319962 0.5
16.639487 9.0910918 0.029183082 -0.011659302 2.464344 0.5
19.312449 9.2042728 0.0091106732 -0.011454649 3.780782 0.5
6.9081352 23.374529 0.0092200041 -0.27589989 0.745414 0.5
16.605909 12.661318 0.01012078 0.012111884 3.348875 0.5
22.953788 12.393445 0.0039480871 -0.0080834538 5.365761 0.5
18.467828 16.975014 0.021396326 -0.10095434 0.445642 0.5
17.957271 18.666456 0.11596184 0.013973378 2.979068 0.5
18.135322 10.629401 0.05193566 -0.067318626 2.813895 0.5
21.650237 22.400293 0.018691295 -0.078804454 4.039246 0.5
24.826434 7.1025278 0.02046606 0.0028121504 4.602055 0.5
9.5383016 18.569085 -0.060284861 -0.1254064 1.676583 0.5
14.011568 19.181924 -0.043112533 -0.070265512 1.207935 0.5
22.08372 14.625474 0.019278875 -0.012055145 6.164191 0.5
25.076332 13.595113 0.00057407783 -0.0047022823 1.491784 0.5
17.499323 17.566632 0.27857535 -0.12547022 6.269379 0.5
17.72017 24.744963 0.077836729 -0.087034709 0.35856 0.5
24.087112 16.221826 0.03240289 -0.036375808 0.326238 0.5
17.640257 16.16106 0.03779188 -0.2222541 1.608548 0.5
20.628709 11.698603 0.002778017 -0.0072926973 2.616667 0.5
23.599958 9.4545373 0.029929308 0.0046643505 0.410672 0.5
20.712138 24.38433 0.027805534 -0.099550629 3.210668 0.5
4.1649204 21.887358 0.151528 -0.076916263 0.309541 0.5
16.831541 19.117163 -0.037326457 -0.11544775 1.761874 0.5
13.933886 27.242296 -0.052568731 0.0036895152 4.731547 0.5
4.6664666 13.670678 0.022217487 -0.0051579766 0.313065 0.5
17.526853 26.88296 0.36775222 -0.072362822 0.087229 0.5
22.882304 20.692295 0.15817445 0.069083865 5.713071 0.5
23.077239 17.193489 0.0081586847 -0.025612343 0.34983 0.5
16.847532 24.073722 0.052412429 -0.0068176122 2.015368 0.5
18.627621 25.454425 0.043364966 -0.014544755 0.42176 0.5
24.94313 19.860314 0.07916071 -0.062782134 5.580866 0.5
21.678699 24.95817 0.15711519 -0.012421733 4.066321 0.5
20.595393 12.881783 -0.013245269 -0.022974734 5.863794 0.5
15.742829 21.021534 0.12682978 -0.19856626 5.355125 0.5
12.505778 24.944398 0.048190153 -0.15484356 5.404824 0.5
14.865178 23.105844 -0.040174996 0.086459782 1.361005 0.5
21.708871 8.1606325 0.01049193 -0.018678921 5.19755 0.5
21.857385 21.126315 0.027357199 -0.078664425 5.853071 0.5
17.723368 12.819874 0.028918524 -0.0019605598 2.830697 0.5
13.905255 23.758396 0.10942599 -0.041009731 3.251414 0.5
14.651417 6.7146397 0.014586609 -0.018220283 3.305262 0.5
19.819469 23.731167 0.057831037 -0.010831867 3.841898 0.5
6.8112051 18.043538 -0.011625889 0.02263962 4.917041 0.5
12.85406 16.759484 -0.12698369 -0.20256176 1.726803 0.5
27.17012 16.414849 0.0063310924 -0.0032364163 2.534849 0.5
14.316403 12.638764 0.00069274116 -0.013670073 1.985571 0.5
5.6371956 24.211244 -6.9205832e-06 -0.045428349 5.636684 0.5
14.90355 24.58254 0.042588787 -0.013592595 0.642493 0.5
1.2104324 14.039686 0.0039174207 -0.0059665487 5.796573 0.5
17.021873 25.787529 0.015883943 0.027142771 4.738871 0.5
12.409327 14.949711 0.070211008 -0.11161682 1.568073 0.5
1.2464332 17.806013 0.006341942 -0.013624151 2.749741 0.5
4.8075298 23.177452 -0.034673987 0.0085215039 1.171823 0.5
1.8353544 12.422373 0.0044091495 -0.0092060436 2.226958 0.5
17.734817 8.5060626 0.0089930157 0.010584322 1.548545 0.5
23.865082 21.556659 -0.027311264 -0.090677548 3.653333 0.5
24.317972 10.571001 -0.00029595075 -0.00018092616 4.394256 0.5
8.8450753 9.4846767 0.028039091 0.041015269 0.605652 0.5
4.5898661 11.376342 0.009390521 -0.037091975 3.106146 0.5
11.376626 16.814592 -0.066049921 -0.14070522 3.095002 0.5
19.023536 22.942552 0.13312343 -0.12632253 1.841384 0.5
11.893586 13.594353 -0.035549322 -0.19929034 6.034028 0.5
15.576638 13.525447 0.023662139 -0.019229569 1.857551 0.5
22.892823 11.188714 0.028264977 -0.077847995 1.702664 0.5
20.828208 2.9519397 -1.2371805e-06 -1.6703754e-05 1.16125 0.5
25.608502 20.754829 -0.085793269 -0.079409064 4.720586 0.5
11.939278 21.215503 -0.047600083 -0.18080091 0.205718 0.5
14.692229 18.247761 0.19699673 -0.20532386 5.820667 0.5
11.121066 10.599612 -0.0011629697 -0.012966248 3.894129 0.5
24.040547 5.8740214 0.0012075675 -0.0041059303 3.074393 0.5
10.818349 19.732483 -0.16855842 -0.064452212 0.467747 0.5
4.9078795 7.093918 0.00041593309 0.019037477 5.60533 0.5
16.947421 20.508862 0.088856187 -0.075618744 6.227367 0.5
22.880625 7.9809559 -0.015185586 -0.0096149388 5.177094 0.5
12.522629 18.479111 -0.037839977 -0.038837887 0.203779 0.5
16.505555 15.555214 0.013341223 -0.011457353 6.095105 0.5
18.897446 20.445591 0.10750314 -0.26808882 5.150288 0.5
12.830468 27.034303 0.072708711 -0.055516507 3.059892 0.5
22.523667 23.078607 -0.0094586449 -0.1274567 3.692189 0.5
23.934289 11.631083 0.089716715 0.033215014 3.246869 0.5
14.616859 25.758963 -0.076384305 -0.23505762 2.032293 0.5
19.997618 17.362346 0.035892071 -0.063602738 6.136396 0.5
25.207758 9.5811457 -0.00020345367 -0.00026032543 4.563161 0.5
19.568226 16.265942 0.01806338 -0.01749123 5.916686 0.5
12.368979 19.9283 0.018238443 -0.023634397 1.344992 0.5
25.441559 14.771508 -0.0039546934 -0.0015023752 3.633442 0.5
15.736216 11.436443 -0.015609784 -0.044697164 2.78777 0.5
9.3457496 26.553474 0.087935683 0.11151813 1.483056 0.5
10.960487 3.2767582 -0.00020271193 -0.0025046206 0.879468 0.5
26.893042 17.646015 0.096700671 -0.038037853 4.923104 0.5
18.934304 19.298676 -0.0091279715 0.024797405 5.350229 0.5
24.347045 15.089025 0.045883021 -0.0013038872 1.508644 0.5
20.401837 15.518627 0.052012266 0.016825982 4.32761 0.5
8.7299708 15.572214 -0.052407298 0.033003444 1.3724 0.5
24.313632 22.60799 0.046908834 -0.10280194 2.64206 0.5
27.374272 15.065723 0.0013207627 -0.0052315545 2.466218 0.5
26.456986 18.673857 0.035453451 -0.10985295 0.69625 0.5
26.082557 16.688345 0.029156833 -0.10482922 0.502972 0.5
12.016067 26.295367 -0.054332277 0.19475509 4.066135 0.5
3.4940797 6.5108552 -0.025691129 0.025634605 3.026607 0.5
25.061325 12.262959 0.0034832735 -0.0027919882 6.171553 0.5
27.359331 13.402599 0.0017872147 -8.2867466e-05 3.767955 0.5
16.750181 10.305849 0.0026147267 0.0053290086 5.349705 0.5
7.6374984 5.7799089 0.0072230138 0.025331509 3.28374 0.5
27.247606 12.161414 0.0040596409 -0.0069381601 1.964272 0.5
20.106338 18.568456 0.033087421 0.018203079 1.170799 0.5
21.932626 17.195225 0.023575419 -0.0055727036 0.802835 0.5
13.448483 17.77616 0.021925438 -0.015505421 5.063896 0.5
25.130075 8.3438314 -9.5307342e-06 -9.2411822e-06 2.243796 0.5
12.37729 12.409933 -0.074781542 -0.11225854 5.270568 0.5
13.585999 22.422394 -0.073198843 0.040419312 5.757172 0.5
26.926041 11.083041 0.00049773748 -0.00011724736 5.271397 0.5
15.931116 23.396913 -2.0637661e-05 -0.0085739034 3.151318 0.5
24.087406 17.868431 0.014439268 -0.013041775 0.221595 0.5
25.449669 10.931596 -0.001393011 -0.002150218 1.510648 0.5
26.337415 15.576494 -0.00056769963 -0.0011055019 5.29405 0.5
20.714206 25.594398 0.11347053 0.019959633 2.737677 0.5
10.462181 24.384583 -0.18354325 -0.17248273 4.134415 0.5
19.318595 11.008442 -0.0018218274 -0.00092059708 1.432456 0.5
21.267732 6.1828181 -0.00061478108 -0.00068429458 2.840655 0.5
15.685333 14.715469 -0.0053779133 0.0041591136 2.899005 0.5
17.97999 22.443541 0.087151809 0.023964963 4.137855 0.5
17.817589 19.804689 -0.0063792042 -0.10940369 1.992807 0.5
15.409222 15.860669 0.041730784 -0.21458192 0.375558 0.5
14.575983 10.769101 -0.0074087032 0.0034432714 0.629977 0.5
18.999316 15.187078 -0.0042659973 0.010903871 5.301885 0.5
2.6329175 16.331443 0.0039546712 0.023430626 1.197725 0.5
9.5686555 3.1179198 0.00030103373 -0.035444476 2.939026 0.5
10.29121 17.482036 0.11967634 -0.30544863 3.912909 0.5
16.842877 5.6727765 0.020030489 -0.017517099 3.115045 0.5
16.00081 25.058399 0.066370241 0.13974447 1.662001 0.5
22.325946 3.7762547 1.4909838e-05 -2.90717e-05 0.131507 0.5
