# x y vx vy theta radius
16.169938 7.5084419 0.65092565 -1.4970738 4.959453 0.5
14.042239 19.739748 -0.0010540475 -0.024802517 1.764168 0.5
10.790452 5.0272398 -0.028212513 -0.046299171 3.951996 0.5
1.7393976 14.667271 0.0069893958 -0.051060269 4.259518 0.5
9.0047101 17.495048 -0.011985613 0.013132858 1.882067 0.5
2.3319306 9.6089411 -0.023960356 -0.025319565 0.92276 0.5
10.42194 23.544379 0.036307896 0.0051804033 4.981497 0.5
20.752397 12.522822 0.13577291 0.36755594 0.663689 0.5
22.931556 15.384377 0.046816893 -0.035069435 4.599871 0.5
17.776864 19.032714 0.002654531 0.0053624495 3.315122 0.5
19.599548 17.543216 -0.00020788429 -0.031484823 5.224588 0.5
13.782703 3.8725052 0.016744168 -0.078246539 4.739779 0.5
15.457261 1.970345 -0.00020786553 0.0093151903 0.624425 0.5
11.906353 20.445236 -0.0064958318 0.0024403544 0.734434 0.5
17.185031 23.507919 0.011633667 -0.0057329003 4.989084 0.5
13.980261 11.034004 -0.13328477 0.073334088 2.508867 0.5
19.876607 16.189721 0.0096275712 -0.017634683 5.939565 0.5
9.0079346 18.634791 0.037032045 0.0021490599 0.028815 0.5
18.708141 21.997839 0.023799981 0.043960145 3.449449 0.5
16.232027 15.116826 0.009447998 -0.0051871112 0.592282 0.5
11.980965 25.114628 -0.0096421023 0.013755879 6.045768 0.5
22.169911 24.267953 0.0085542622 0.016167064 0.890473 0.5
25.253812 17.289291 0.015515773 -0.015543577 2.353219 0.5
16.418609 9.5541334 0.28600201 -0.033188323 1.672869 0.5
21.054121 10.58766 0.14102596 -0.13687148 4.21507 0.5
23.144104 16.854533 0.0079394441 -0.020531303 0.4829 0.5
7.4120895 15.328729 0.039819764 -0.046743575 6.274711 0.5
6.3744261 23.963914 -0.010590932 0.0039000616 1.301021 0.5
17.494567 6.0545812 0.054459325 -0.32007972 3.538852 0.5
11.869734 27.219436 0.020086994 0.0093390566 1.72413 0.5
16.590337 11.79251 0.02836678 -0.16279516 0.779811 0.5
14.940795 26.436973 -0.029443626 0.0066400721 1.209651 0.5
17.895998 26.758489 -0.0095471611 -0.0012875272 5.377079 0.5
7.509103 24.478484 -0.036915714 -0.026331412 3.122843 0.5
2.3240541 15.758801 -0.030401104 -0.052566174 4.105439 0.5
14.834928 18.947976 -0.0093189054 0.012894893 2.246795 0.5
5.6094113 19.538891 0.0015123626 -0.042197181 3.468535 0.5
25.578932 20.818702 0.014578741 -0.0040584129 5.532293 0.5
22.077794 14.638701 0.014219618 0.0058465057 0.531572 0.5
18.185784 25.55259 0.029377317 -0.0010501801 5.261584 0.5
1.516211 18.413852 0.02811917 -0.026354947 0.040113 0.5
11.098496 8.3370906 -0.0039682909 0.011649988 4.576591 0.5
16.047267 3.7624829 0.049515117 -0.14130859 0.209824 0.5
8.6562739 15.810492 -0.0085368345 -0.068031571 1.770879 0.5
6.7487756 3.57292 0.0068525397 -0.0090867629 4.791815 0.5
14.348086 20.853931 -0.020889404 -0.038329915 2.522673 0.5
22.781379 22.715872 -0.012126184 -0.0064947807 3.232151 0.5
15.071646 16.890059 -0.02028832 -0.040798446 0.943125 0.5
2.7379537 13.539658 0.00028949746 -0.0044500666 1.031271 0.5
6.1838359 22.188231 -0.010056247 -0.0081685906 1.523797 0.5
20.042514 20.457892 0.031950317 0.04137412 1.787492 0.5
21.445304 13.35169 0.12778296 0.13207668 3.056837 0.5
5.6394451 16.569519 0.0042722038 -0.061226926 3.332967 0.5
19.310347 12.83304 0.0072772923 -0.019203259 3.889918 0.5
3.2475394 6.9388489 0.08142956 -0.018513259 1.775857 0.5
2.5749738 17.016222 -0.028812538 0.0052980535 4.33857 0.5
17.38734 16.011653 0.010883446 -0.010104953 2.652322 0.5
26.988162 14.280513 0.012037918 -0.013266294 1.360759 0.5
14.273128 27.38979 -0.032551803 0.020254966 1.350476 0.5
16.795141 27.073813 -0.036272165 0.018467716 3.139709 0.5
9.5437228 4.2278666 0.022991494 -0.0058820631 3.877928 0.5
23.220609 23.771481 0.026565279 -0.01294546 4.111005 0.5
7.1952326 18.859579 -0.0016496942 -0.041468498 4.354529 0.5
16.772304 13.991132 -0.020079784 0.010951314 1.958136 0.5
12.802019 4.6021445 -0.010724097 -0.022059759 1.935129 0.5
16.403594 18.869595 -0.018422936 -0.015130059 0.983243 0.5
15.905977 20.194871 0.04561626 -0.00033564684 4.524452 0.5
15.372734 24.684966 -0.0035891157 -0.021493452 4.628506 0.5
3.5471335 8.4151551 0.041958981 -0.019896071 4.619789 0.5
9.82434 20.769354 -0.015484412 -0.01270959 6.246698 0.5
8.2443295 22.62253 0.01788727 0.021513425 2.597917 0.5
19.865575 21.610183 0.034701163 -0.015314004 5.540445 0.5
22.047675 17.406819 0.031695214 -0.028732903 1.135786 0.5
4.1971145 15.715424 -0.065968529 -0.015112078 0.649744 0.5
14.442711 22.184912 -0.0058621611 -0.077594699 4.647872 0.5
17.208648 10.842774 0.019932869 -0.020896134 3.116928 0.5
14.906191 23.374128 0.020919287 0.00097368138 1.058365 0.5
23.453031 21.662412 0.0049641073 -0.0092398002 1.223223 0.5
3.7259894 5.4379704 0.14009735 0.00060314639 6.185729 0.5
24.740615 22.005564 0.0023667697 -0.0059827671 5.03693 0.5
4.2693914 18.317243 -0.021114997 -0.03365929 0.158334 0.5
15.840547 25.746258 0.01831176 -0.007692744 0.09489 0.5
3.4632885 21.871498 0.035840505 -0.015956024 3.182579 0.5
19.436016 10.613462 0.027528594 -0.082922447 5.999337 0.5
20.042695 18.637136 0.015667284 -0.016951364 0.712677 0.5
14.959499 11.878359 -0.1304066 0.063774451 1.70588 0.5
9.0871556 6.9140959 -0.034964483 0.039355326 5.092516 0.5
20.985319 17.003608 0.02590898 -0.026477073 0.506989 0.5
18.411935 11.985108 0.0095507399 -0.010982059 4.452103 0.5
21.980525 21.892494 0.065948689 -0.0074576821 3.429354 0.5
9.7671628 19.59971 0.031904949 -0.014919857 5.942963 0.5
16.592339 24.808763 -0.0090206537 -0.01748193 2.062723 0.5
10.73205 26.938749 -0.0056710021 -0.023732797 2.598321 0.5
14.240514 1.3392733 0.00082115782 0.0019450795 6.159219 0.5
25.474156 18.431182 -0.002658802 -0.046733623 1.488917 0.5
24.339906 18.314743 0.010989625 -0.014526508 1.927238 0.5
17.787165 7.6466512 0.04784661 -0.12156191 3.98558 0.5
14.352283 25.426816 0.01520843 0.0037976517 3.515453 0.5
20.004005 9.4124244 0.0072740231 -0.018107717 3.362574 0.5
12.468485 18.113967 0.009620956 -0.020215748 2.617045 0.5
12.166621 2.6406497 0.0033555112 0.0013563812 4.416501 0.5
21.052456 21.247081 0.02265536 -0.018283662 2.357123 0.5
7.8197335 16.676984 0.054330322 -0.032907332 0.027213 0.5
12.791617 24.176768 0.033699358 0.031442621 3.270335 0.5
23.471291 13.387383 0.082212028 -0.060371424 5.133302 0.5
19.001142 19.521555 -0.012716402 -0.033459539 4.163048 0.5
8.4938354 23.847274 -0.013996213 0.030825613 3.93618 0.5
17.070486 25.929573 0.0071102109 0.031549748 5.951127 0.5
24.26185 16.623656 0.013963945 0.013804245 4.082451 0.5
17.107119 17.108668 -0.027844451 -0.017546475 1.780305 0.5
7.2840343 5.5123589 0.022979197 -0.060378892 2.847882 0.5
18.947696 3.6552706 -0.0068504433 0.0070649558 1.767937 0.5
20.312975 24.708185 0.012781861 -0.00089515106 0.00135 0.5
18.892275 6.3430732 0.0017640036 -0.00070239218 5.312468 0.5
9.5493063 8.2483153 -0.076048838 -0.044681957 0.320289 0.5
20.782251 19.516977 0.0055014387 0.045876887 0.581132 0.5
18.808791 8.4698195 0.24889272 -0.033062604 3.087421 0.5
26.158034 15.748076 0.052906095 0.017408889 3.560403 0.5
7.0900655 10.206434 0.03349953 -0.069883427 0.555117 0.5
20.837117 22.38558 0.052279676 0.0043594584 6.220608 0.5
7.1292712 20.387593 0.017640091 -0.026479493 5.652715 0.5
12.779649 19.447065 -0.0054494809 -0.0073800902 0.827952 0.5
4.1483534 23.01556 -0.010703227 0.051175186 1.054048 0.5
18.689848 20.867618 -0.0073634069 -0.020939314 0.319962 0.5
21.080904 18.187203 0.054669948 -0.037907744 2.464344 0.5
12.215263 21.719272 0.022105501 -0.016540565 3.780782 0.5
6.9877375 22.976472 0.0099762703 -0.053768002 0.745414 0.5
25.013171 11.569671 -0.0012146819 0.0041318968 3.348875 0.5
5.9726341 11.101763 -0.02068935 -0.024188196 5.365761 0.5
3.2704485 12.433874 0.023847224 -0.019143149 0.445642 0.5
5.5736886 21.158624 -0.0055787314 -0.01131989 2.979068 0.5
10.515324 22.144307 0.021124686 -0.017825649 2.813895 0.5
17.565772 12.830826 0.16115762 0.1148494 4.039246 0.5
2.3450872 8.3763424 0.066213746 -0.13002014 4.602055 0.5
0.79184647 11.780077 0.01605116 -0.049142772 1.676583 0.5
20.242137 14.173825 0.015548371 -0.013263742 1.207935 0.5
25.602694 14.352476 0.039480627 0.002938016 6.164191 0.5
21.831804 12.188773 0.0065278425 -0.0030814185 1.491784 0.5
7.6403935 25.67614 0.018684225 -0.0079411856 6.269379 0.5
4.4448349 13.185902 0.036547987 -0.053857962 0.35856 0.5
8.586876 26.29681 0.018250052 -0.012712279 0.326238 0.5
4.9542627 11.694442 0.022956042 -0.055366833 1.608548 0.5
8.2887938 21.399201 -0.014541214 0.023948169 2.616667 0.5
11.003961 18.718439 0.066265327 -0.049554864 0.410672 0.5
11.239596 6.9175522 -0.042990736 0.017286493 3.210668 0.5
3.1883256 20.579579 -0.0027270129 0.0096359419 0.309541 0.5
10.164039 9.4418465 -0.025337826 0.051385943 1.761874 0.5
24.015651 22.945753 -0.0091117472 -0.005301936 4.731547 0.5
13.606911 17.149944 0.041019489 0.014313168 0.313065 0.5
17.610155 21.613879 0.021053045 0.0031339987 0.087229 0.5
14.582918 4.98216 0.052057771 -0.028793086 5.713071 0.5
9.6336305 26.709094 0.025025154 0.069111632 0.34983 0.5
18.69634 18.352417 0.032583392 -0.030729903 2.015368 0.5
11.54939 22.717757 -0.0051879621 -0.0002353776 0.42176 0.5
24.495578 20.529738 -0.024159264 -0.0018983295 5.580866 0.5
21.974759 19.059455 0.012234186 -0.011177377 4.066321 0.5
11.29662 1.4677594 0.00033876457 -0.00062296492 5.863794 0.5
17.781383 24.495582 0.013645053 -0.020262322 5.355125 0.5
4.9156494 14.338786 0.089912955 0.01726466 5.404824 0.5
16.748509 22.431203 0.017734577 -0.015456668 1.361005 0.5
19.007243 14.904951 0.015049793 -0.041518135 5.19755 0.5
11.142774 25.886823 0.038604438 0.0033852775 5.853071 0.5
26.701592 18.239117 0.027686172 -0.0305142 2.830697 0.5
5.9479228 18.349987 0.01310505 -0.0017862695 3.251414 0.5
23.254722 20.487153 0.043548868 -0.010746467 3.305262 0.5
25.033956 15.612853 0.0025408589 -0.026527706 3.841898 0.5
7.3549709 7.6739671 -0.14473849 -0.12133005 4.917041 0.5
10.185502 17.781498 -0.033124193 -0.021583258 1.726803 0.5
23.954405 19.385227 0.022007339 -0.011155632 2.534849 0.5
10.850688 19.881072 0.044044156 0.0051328182 1.985571 0.5
9.9974544 25.472116 0.017791338 0.017031105 5.636684 0.5
5.7735009 7.5808358 -0.028831248 -0.013680268 0.642493 0.5
4.0531014 16.865407 -0.01500818 -0.057680177 5.796573 0.5
12.619473 23.061218 0.0024954738 0.0036515347 4.738871 0.5
14.471415 7.0220164 -0.0030156706 -0.35721003 1.568073 0.5
8.5635339 24.971185 0.010428186 0.033551572 2.749741 0.5
22.343979 4.3106518 0.0070352842 3.8536294e-05 1.171823 0.5
14.037211 24.255586 0.0073346601 0.0013646603 2.226958 0.5
10.797085 13.290891 0.049306505 0.091434804 1.548545 0.5
13.275445 22.13004 -0.012266871 -0.042757776 3.653333 0.5
9.3636543 21.817799 0.010477315 0.0075309962 4.394256 0.5
12.350578 26.18917 0.011327558 0.014025357 0.605652 0.5
22.064767 20.535618 0.0036812729 0.0064706001 3.106146 0.5
10.695704 2.5040222 0.029267794 -0.021947341 3.095002 0.5
12.65763 6.3101529 -0.026390204 -0.00024417467 1.841384 0.5
15.69195 27.316489 0.012038821 0.024148387 6.034028 0.5
3.5987414 14.694689 0.054462509 -0.060059864 1.857551 0.5
13.758723 26.38624 -0.01125266 -0.042991318 1.702664 0.5
15.99247 23.721282 0.00074040839 -0.030265856 1.16125 0.5
20.290105 11.418813 0.10536451 0.054676114 4.720586 0.5
19.059717 26.343142 0.022015769 -0.013778958 0.205718 0.5
21.92805 16.120799 0.0187506 -0.011241733 5.820667 0.5
3.078679 18.34369 -0.0036763924 0.037149053 3.894129 0.5
17.520139 20.413312 0.016792857 0.0037210657 3.074393 0.5
20.315562 25.838155 0.0055625249 -0.016711231 0.467747 0.5
16.115334 16.380793 0.013975968 -0.0083899585 5.60533 0.5
6.5508804 25.104501 -0.0090634642 0.00042798271 6.227367 0.5
8.20791 19.962612 0.014159965 -0.062654976 5.177094 0.5
16.278174 12.977241 0.11317316 0.061594946 0.203779 0.5
11.682896 23.88531 -0.011784848 -0.0013709733 6.095105 0.5
16.014488 10.740978 0.061765341 -0.094231768 5.150288 0.5
18.650522 16.103282 -0.022549643 -0.01340922 3.059892 0.5
21.378444 25.105448 -0.0045365799 -0.046081631 3.692189 0.5
19.483641 23.848091 0.010505581 -0.021622429 3.246869 0.5
26.258069 11.803089 0.0061453294 0.0016410299 2.032293 0.5
9.5732149 11.622158 -0.04017291 0.072316942 6.136396 0.5
16.215953 5.227072 0.030289449 -0.071975429 4.563161 0.5
15.517267 0.7749257 0.0035520649 -0.00056704835 5.916686 0.5
17.640084 14.799796 0.16495589 0.15595791 1.344992 0.5
18.391888 23.50343 0.013410576 -0.036600174 3.633442 0.5
7.2216496 21.778675 0.040640592 -0.0036660815 2.78777 0.5
21.735233 23.191967 0.022517032 0.022418413 1.483056 0.5
5.2095586 9.6785859 0.024911784 -0.012480371 0.879468 0.5
15.38944 21.334397 4.1367882e-05 0.0040350387 4.923104 0.5
6.1020495 15.229149 0.026745334 -0.048312253 5.350229 0.5
13.067264 20.927741 -0.0032327436 -0.014495152 1.508644 0.5
15.452891 14.185595 -0.052004611 0.14592383 4.32761 0.5
13.739438 23.152486 0.0079695223 -0.021049027 1.3724 0.5
8.0676941 13.480476 0.042352208 -0.018420145 2.64206 0.5
23.006023 12.085525 0.02075591 -0.018048477 2.466218 0.5
27.278082 15.686845 -0.013671852 -0.0028841508 0.69625 0.5
20.742328 15.343483 0.017344792 -0.030064701 0.502972 0.5
19.207997 24.999911 0.020910825 -0.047512059 4.066135 0.5
4.4983233 20.459135 -0.035376153 0.0028502308 3.026607 0.5
13.00671 27.305831 0.0085059988 0.014266756 6.171553 0.5
16.604034 21.106394 0.047126372 -0.011543662 3.767955 0.5
9.5950095 5.6225095 -0.012220639 -0.073186 5.349705 0.5
14.077922 15.359069 -0.014722988 -0.031151688 3.28374 0.5
9.0941743 2.9423255 -0.029421037 -0.097779065 1.964272 0.5
9.5731276 24.415218 -0.019623179 -0.0053436567 1.170799 0.5
3.9282901 19.446244 -0.020879116 -0.05518876 0.802835 0.5
27.022087 17.065218 0.0057175177 -0.0079654389 5.063896 0.5
9.5637329 1.360243 0.0031057341 0.15691008 2.243796 0.5
11.546399 4.1706794 0.037162499 -0.025271092 5.270568 0.5
2.4686368 19.695037 0.048334426 0.0256994 5.757172 0.5
15.621277 22.464527 0.035976241 -0.04105298 5.271397 0.5
10.884172 24.695267 0.0087711411 -0.0046730731 3.151318 0.5
23.004837 18.540279 0.01758894 -0.029689235 0.221595 0.5
19.772582 22.731303 0.012542519 -0.0090247835 1.510648 0.5
1.0405801 13.107514 -0.014434708 -0.011154664 5.29405 0.5
0.92426633 16.315381 0.0094229532 -0.018314443 2.737677 0.5
20.5907 23.580331 0.018270647 -0.0093335758 4.134415 0.5
4.9986671 23.910974 0.0056685082 0.027420796 1.432456 0.5
15.571827 18.069057 -0.0043502486 -0.017135384 2.840655 0.5
9.3913305 23.102253 0.018676676 0.018538039 2.899005 0.5
18.033389 9.538287 0.034242482 -0.0046074495 4.137855 0.5
25.312845 19.65956 0.01990277 -0.023775761 1.992807 0.5
13.158649 25.285723 0.0059415983 -0.0032096633 0.375558 0.5
18.392322 13.918072 0.016815819 -0.018569732 0.629977 0.5
13.505195 18.58258 0.013778332 0.0005820501 5.301885 0.5
24.081609 14.635532 0.036393524 -0.054244604 1.197725 0.5
5.2094256 5.3746111 -0.13596509 -0.036542532 2.939026 0.5
4.975947 22.228209 -0.0064295859 0.038793651 3.912909 0.5
10.908891 21.060385 0.029456548 0.00034653569 3.115045 0.5
17.442652 4.5614042 0.11802643 -0.064815292 1.662001 0.5
8.3978158 8.3976474 0.056415179 -0.064176614 0.131507 0.5
