# x y vx vy theta radius
2.3314182 15.870946 -0.13947353 -0.66496194 1.7561203 0.5
6.409294 6.2654524 0.090311481 -0.076308969 1.764168 0.5
22.16671 24.656539 0.020759725 -0.013654742 3.951996 0.5
5.9665025 11.1233 0.014080505 0.036638101 4.259518 0.5
11.454039 25.733965 0.0071213414 -0.0086079406 1.882067 0.5
24.475676 13.339167 -0.017569844 -0.0032506668 0.92276 0.5
16.472005 5.217465 -0.01428175 0.00051713637 4.981497 0.5
15.850616 19.577508 0.00075046896 0.0074025917 0.663689 0.5
14.083306 0.6929616 -0.019980715 0.016812366 4.599871 0.5
26.8875 13.839812 -0.003539814 -0.0087164316 3.315122 0.5
8.8048438 24.770167 0.19690153 0.041662 5.224588 0.5
21.404581 4.9945891 -0.011202084 0.016217447 4.739779 0.5
14.739604 18.064307 -0.080559141 0.058485426 0.624425 0.5
7.5422953 9.4808153 0.10600609 -0.010258149 0.734434 0.5
12.492793 4.7899293 0.030808052 -0.011928556 4.989084 0.5
6.4550887 9.8956744 0.030361477 0.052967548 2.508867 0.5
26.402937 17.677396 -0.0090855293 -0.0057104202 5.939565 0.5
9.0678384 11.614376 0.1662197 -0.05855575 0.028815 0.5
19.312101 16.116457 0.00016099961 -0.0035615994 3.449449 0.5
27.007225 16.555776 0.0019432514 -0.0020019659 0.592282 0.5
19.700861 18.6387 -0.017635156 0.0034014503 6.045768 0.5
1.6184401 9.7353703 0.048465152 -0.0090452948 0.890473 0.5
7.8427023 22.928576 0.10423421 0.013802837 2.353219 0.5
23.165006 9.7860161 -0.0054293857 0.0087836789 1.672869 0.5
5.270085 20.460601 -0.23160265 0.19817204 4.21507 0.5
9.1379875 14.616 0.01194455 -0.041858398 0.4829 0.5
20.425401 2.7355177 -0.024639687 0.0090505744 6.274711 0.5
3.3621134 22.194012 0.087128412 0.065750178 1.301021 0.5
11.034964 5.5692188 0.0043035127 -0.018539391 3.538852 0.5
15.205664 20.664121 -0.0057515112 -0.00081207179 1.72413 0.5
0.9130597 12.949805 0.075446604 0.019723602 0.779811 0.5
13.581029 27.031942 -0.027867276 -0.04252534 1.209651 0.5
20.654697 19.263129 0.018659669 -0.029483951 5.377079 0.5
18.047626 14.601125 -0.010487014 -0.0034130116 3.122843 0.5
23.096787 19.779715 0.010436432 -0.01350437 4.105439 0.5
11.538005 7.9463501 0.038607731 0.0069379959 2.246795 0.5
11.749872 0.75888678 0.022369339 -0.019948927 3.468535 0.5
18.412678 22.345664 -0.0016509294 -0.0074590406 5.532293 0.5
7.8140917 20.685864 -0.10273453 0.11713281 0.531572 0.5
18.107001 13.178534 -0.00022209864 -0.0013600273 5.261584 0.5
21.437079 17.237999 -0.027812157 -0.0063188834 0.040113 0.5
25.613601 16.740193 -0.0046839916 0.005296436 4.576591 0.5
7.3983612 12.310048 0.16921463 0.054922787 0.209824 0.5
17.238176 24.578894 0.050241982 -0.063432852 1.770879 0.5
12.125886 2.2655717 0.0078811007 -0.0059247599 4.791815 0.5
14.747769 14.087105 0.092860974 -0.10568847 2.522673 0.5
12.354922 3.6630399 -0.0041868332 -0.028550306 3.232151 0.5
17.945649 25.63082 0.00015799068 0.0066295117 0.943125 0.5
18.246828 9.6142372 0.0019137352 0.025603383 1.031271 0.5
17.451252 19.621391 0.0034749139 -0.029367403 1.523797 0.5
1.0287846 17.008143 5.5457869e-05 0.10438793 1.787492 0.5
6.9582847 4.9181047 0.022422192 -0.043423031 3.056837 0.5
4.5385806 6.1690734 0.047849597 -0.036010273 3.332967 0.5
25.291497 21.129713 -0.0060756326 0.0073750807 3.889918 0.5
6.8112117 3.4805732 0.069241746 -0.034088779 1.775857 0.5
26.402223 18.879189 -0.0072154747 -0.019707478 4.33857 0.5
10.934569 15.907476 0.2123271 -0.025015048 2.652322 0.5
18.985937 23.355218 0.0051494108 0.012060775 1.360759 0.5
15.923203 15.29089 0.18532236 -0.60269521 1.350476 0.5
20.183707 22.728216 -0.004153924 0.00054557391 3.139709 0.5
13.273609 5.8115694 -0.0072680186 -0.07335986 3.877928 0.5
15.328347 3.4682734 0.024071562 0.017404141 4.111005 0.5
12.10822 19.459452 -0.1392359 0.066025237 4.354529 0.5
3.0661372 20.884176 0.085920617 0.35261946 1.958136 0.5
18.007361 16.777113 0.00051835154 8.0924954e-05 1.935129 0.5
21.834265 19.618627 0.019126514 -0.0055302471 0.983243 0.5
1.1993726 11.048844 -0.02871015 -0.002877625 4.524452 0.5
13.988648 14.945239 0.057604594 0.046743975 4.628506 0.5
13.703275 24.458709 0.022694911 -0.055006879 4.619789 0.5
19.711601 19.976322 -0.023769782 -0.013063009 6.246698 0.5
21.327654 22.432946 0.010576012 0.014632222 2.597917 0.5
13.250147 22.281592 0.0074630924 -0.033445481 5.540445 0.5
9.7371661 2.4715261 0.074132295 0.021502858 1.135786 0.5
3.8897478 12.319813 0.01254178 -0.022236691 0.649744 0.5
7.7079975 8.1155902 0.20928212 -0.023974072 4.647872 0.5
18.577399 18.87348 0.0042577973 0.0025005242 3.116928 0.5
6.9920636 19.679055 0.20380901 0.02610185 1.058365 0.5
10.756997 3.1318926 0.0035294397 -0.00084376858 1.223223 0.5
24.341133 16.94847 -0.0056337413 0.0046981408 6.185729 0.5
13.365927 13.674859 0.0044296093 -0.00019281917 5.03693 0.5
9.7861959 19.221628 0.1150465 0.044192953 0.158334 0.5
18.558719 20.024745 -0.00038315546 0.0039482348 0.09489 0.5
6.2987864 24.983491 0.078572735 -0.03194276 3.182579 0.5
25.187841 9.0637378 -0.015766311 0.0035164788 5.999337 0.5
15.589541 1.2095008 0.018805432 -0.020087767 0.712677 0.5
3.8077549 8.6245933 0.063074626 0.023711366 1.70588 0.5
8.439019 19.709519 0.052268568 -0.20891397 5.092516 0.5
16.462386 20.561378 -0.013680184 0.0032916653 0.506989 0.5
26.120381 11.58098 0.0069440212 -0.0027214903 4.452103 0.5
8.1874216 4.1509403 0.049080438 0.022519722 3.429354 0.5
20.726476 23.752562 -0.019890066 0.0067056432 5.942963 0.5
11.872477 27.044355 0.0071666114 -0.012106572 2.062723 0.5
15.566434 16.742261 0.10845764 0.037199671 2.598321 0.5
14.043325 3.8778434 0.0057215752 0.00159843 6.159219 0.5
21.313532 16.091438 -0.0064767347 0.0028058194 1.488917 0.5
24.261479 19.51033 0.011843901 0.021248537 1.927238 0.5
12.168589 24.672399 0.029569492 0.058864053 3.98558 0.5
14.270027 25.898429 0.069705011 -0.0042448453 3.515453 0.5
11.353299 14.877443 0.011307931 -0.32350941 3.362574 0.5
6.2546699 14.551306 0.075277925 0.074626197 2.617045 0.5
4.6613185 23.088904 -0.22762845 0.400213 4.416501 0.5
17.241825 15.498037 0.00028309056 -0.0034642469 2.357123 0.5
4.4586198 18.890898 0.33038491 0.27599077 0.027213 0.5
18.923502 26.483739 -0.028442909 -0.0023248302 3.270335 0.5
10.429741 7.1471686 0.081998055 -0.034303802 5.133302 0.5
20.085413 24.752223 0.010646063 -0.026805331 4.163048 0.5
15.594751 23.751594 0.00010630055 -0.0060973931 3.93618 0.5
12.175781 21.782321 0.067137902 0.081780238 5.951127 0.5
20.668819 21.488416 0.010055322 0.018115544 4.082451 0.5
27.232895 14.92272 -0.0069907314 -0.0020604477 1.780305 0.5
4.6885849 14.49267 0.021961112 0.019069821 2.847882 0.5
11.407669 9.4722227 0.032232886 0.026952094 1.767937 0.5
25.593389 8.0001541 -0.0033448873 -0.00090457076 0.00135 0.5
2.7543556 9.3049226 -0.0090558277 0.050877658 5.312468 0.5
3.1600212 14.49129 0.28891575 -0.018633045 0.320289 0.5
9.7013523 3.6182265 0.096367368 0.029390946 0.581132 0.5
21.35204 14.948852 -0.0027339438 -0.0095182609 3.087421 0.5
1.7535657 19.552487 0.012311868 -0.087202618 3.560403 0.5
13.344246 9.4333946 0.020824992 0.048779691 0.555117 0.5
2.1772714 12.354994 -0.0013832466 -0.0028366576 6.220608 0.5
21.900721 23.412361 0.0047168678 -0.01476659 5.652715 0.5
17.833537 26.82789 0.0122399 -0.029940603 0.827952 0.5
6.175653 22.98074 0.062075059 0.038284101 1.054048 0.5
24.854564 15.914334 0.0020869305 0.0093846075 0.319962 0.5
7.3598677 21.790043 0.12011379 0.067194292 2.464344 0.5
21.77552 21.183789 -0.0060505491 -0.013561985 3.780782 0.5
15.536527 8.2049004 -0.033070083 -0.020241547 0.745414 0.5
19.537294 12.147586 -0.01268076 -0.011561099 3.348875 0.5
22.938047 17.10346 -0.016873439 -0.006516184 5.365761 0.5
21.253428 10.428323 -0.033685536 -0.031835058 0.445642 0.5
11.931466 23.246857 0.080755106 -0.042752701 2.979068 0.5
9.8822224 25.340219 0.018076959 -0.041549887 2.813895 0.5
6.5157469 8.1957256 0.10706688 -0.068699856 4.039246 0.5
14.668908 19.51686 0.42960096 0.43858698 4.602055 0.5
8.7041724 2.0436241 0.030751109 -0.083694318 1.676583 0.5
20.767749 9.1346442 -0.0016906238 -0.0012900667 1.207935 0.5
18.173021 21.140689 0.004732171 0.0055298603 6.164191 0.5
16.68359 22.813314 -0.0043206216 -0.0034081709 1.491784 0.5
15.485649 10.600089 -0.015755249 0.028533361 6.269379 0.5
22.429188 6.6911078 -0.0058117817 -0.0093293311 0.35856 0.5
23.516153 21.855299 0.0072647445 0.0073867019 0.326238 0.5
5.4021529 6.9005812 -0.052768206 -0.053931819 1.608548 0.5
23.26062 13.225427 -0.026137113 -0.012537488 2.616667 0.5
20.057734 25.990731 -0.00031416593 0.0006232426 0.410672 0.5
18.975515 17.445394 -0.010781808 -0.012454124 3.210668 0.5
8.998824 22.780591 0.19024676 0.045072922 0.309541 0.5
12.182994 16.161673 0.083434248 0.069266491 1.761874 0.5
23.009422 23.915543 -0.020934744 0.026983235 4.731547 0.5
22.700217 18.334507 -0.00068914964 -0.0038554115 0.313065 0.5
21.146666 25.191248 0.0040363787 0.002915684 0.087229 0.5
18.66423 10.97758 -0.029972332 -0.0024199636 5.713071 0.5
25.824258 20.099959 -0.013132554 -0.013393128 0.34983 0.5
15.926979 25.218507 0.0086359003 0.017600678 2.015368 0.5
26.231838 15.593545 0.0024329015 -0.0011819845 0.42176 0.5
7.6566003 2.4836073 0.051402509 -0.0069365831 5.580866 0.5
10.26375 22.736581 -0.018811836 -0.032494574 4.066321 0.5
22.853078 3.983118 0.0011481312 0.01326932 5.863794 0.5
19.892392 14.49464 0.0059016953 0.0072486288 5.355125 0.5
17.064091 11.001598 -0.0086295578 0.010685848 5.404824 0.5
5.6174612 17.931832 0.25097384 0.20592851 1.361005 0.5
23.556193 8.5650151 -0.029472246 0.0077121225 5.19755 0.5
10.413195 10.214947 0.016001927 0.005790151 5.853071 0.5
3.5497712 10.363158 0.017735615 -0.03476428 2.830697 0.5
14.389774 5.3601141 0.00014298713 0.027515284 3.251414 0.5
25.09754 17.819913 0.012085082 -0.017912205 3.305262 0.5
14.37059 23.10555 0.021073014 0.0053226727 3.841898 0.5
7.8275863 6.7538421 0.042594214 -0.043206672 4.917041 0.5
10.936736 18.718936 0.15610321 0.095644437 1.726803 0.5
23.900673 23.046962 0.0030153373 0.0016949568 2.534849 0.5
14.020027 20.809785 0.011755019 0.00012687848 1.985571 0.5
23.650767 10.902464 -0.016237403 0.001840188 5.636684 0.5
6.653807 17.157854 -0.0037590992 0.0029838306 0.642493 0.5
25.353928 14.5173 -0.020973713 -0.026850352 5.796573 0.5
18.417536 24.325876 -0.0034599726 0.010608117 4.738871 0.5
22.509456 22.377923 -0.010533597 0.0058463602 1.568073 0.5
19.382957 13.425897 -0.0078862054 0.0011930712 2.749741 0.5
20.860619 11.581771 0.0081224339 0.0023879759 1.171823 0.5
5.1291901 9.7384496 0.14858095 0.041802028 2.226958 0.5
13.907263 7.5612365 0.028462872 0.021934555 1.548545 0.5
15.087001 6.3013822 -0.0072496052 0.022486628 3.653333 0.5
7.5873556 24.334924 -0.16087923 0.22309724 4.394256 0.5
8.595807 25.866511 0.0069813235 0.039446113 0.605652 0.5
9.5570348 8.2118237 0.06747405 -0.041464148 3.106146 0.5
14.754688 2.143418 0.011604518 -0.0070503669 3.095002 0.5
16.674068 17.074984 0.04969023 -0.097654466 1.841384 0.5
2.3348219 8.0061123 0.062348357 0.043685044 6.034028 0.5
12.834416 14.949129 -0.0059089006 -0.16526992 1.857551 0.5
5.3343267 3.8676081 0.084368671 -0.11251278 1.702664 0.5
3.0057211 7.0758827 0.024169971 -0.01580264 1.16125 0.5
4.1907751 20.953033 -0.012025047 0.038731062 4.720586 0.5
22.718228 15.355572 -0.014643769 0.0059630431 0.205718 0.5
8.599898 16.758598 -0.083481896 -0.14312604 5.820667 0.5
15.40641 26.220804 0.024424401 0.0071992159 3.894129 0.5
14.633886 21.943444 0.0060454646 -0.022913754 3.074393 0.5
23.560483 16.139522 -0.011154374 0.019229935 0.467747 0.5
17.050857 21.674058 0.0072887696 0.015617705 5.60533 0.5
20.954747 20.377325 -0.006709634 0.00022276025 6.227367 0.5
9.8398458 23.961779 -0.0093053457 0.001197781 5.177094 0.5
10.469232 26.92369 -0.002354314 0.018851653 0.203779 0.5
19.359947 4.417887 0.0029322916 0.015319328 6.095105 0.5
22.605642 11.814488 -0.01694965 -0.016175067 5.150288 0.5
12.514826 6.7300542 0.003716051 0.0025310167 3.059892 0.5
7.3944924 25.428474 0.057549984 0.057971592 3.692189 0.5
19.328192 6.5201524 0.0030778453 0.020206692 3.246869 0.5
16.946297 1.5287754 -0.011786532 0.038029004 2.032293 0.5
26.630814 9.6817607 -0.014585658 0.019219091 6.136396 0.5
14.88482 24.635862 0.00056154259 0.0010020519 4.563161 0.5
21.213331 12.886017 -0.0047196582 0.0003882991 5.916686 0.5
9.1600382 7.0813505 -0.00041636735 -0.014587787 1.344992 0.5
20.159135 17.156496 -0.00015892249 -0.0036463571 3.633442 0.5
16.444768 27.201216 0.046198111 -0.027084388 2.78777 0.5
25.692667 10.342575 -0.023329796 -0.0069819704 1.483056 0.5
10.310761 1.3425285 -0.0061264662 0.02135089 0.879468 0.5
24.085774 20.847321 -0.017102022 0.010920581 4.923104 0.5
6.054874 21.461693 0.28582113 0.33566217 5.350229 0.5
13.431624 12.313145 0.0045319547 -0.010908007 1.508644 0.5
15.337079 27.355058 0.04478959 0.0014417687 4.32761 0.5
13.41776 17.665738 0.0016640542 -0.0018894449 1.3724 0.5
24.395555 6.7596959 -0.011234161 -0.0017064672 2.64206 0.5
1.6169773 18.156094 0.089060539 0.15099171 2.466218 0.5
2.9415823 19.761888 -0.030029083 0.031256944 0.69625 0.5
8.6933592 9.2223222 0.027985305 0.034638422 0.502972 0.5
25.242756 18.93283 -0.0026282844 0.0079084574 4.066135 0.5
7.4084923 10.610147 0.16907793 -0.049163476 3.026607 0.5
17.260956 18.442249 0.21704746 0.05679061 6.171553 0.5
22.903488 20.912932 -0.0023702034 0.0079637947 3.767955 0.5
24.642373 22.181943 0.0098234644 -0.029607259 5.349705 0.5
6.7766273 18.463256 0.12665709 -0.006976635 3.28374 0.5
18.331159 5.7350839 -0.0022707026 0.0025865591 1.964272 0.5
14.802816 9.422012 0.010453815 0.0057836436 1.170799 0.5
12.876474 20.598264 0.13426829 0.2662408 0.802835 0.5
27.000868 10.800055 -0.0024834942 -0.0017284897 5.063896 0.5
15.488531 4.6560027 0.025261365 -0.0041552017 2.243796 0.5
11.421802 17.427084 0.047855565 0.021930186 5.270568 0.5
7.6340172 15.762903 0.052475511 -0.071303258 5.757172 0.5
11.142014 4.2606766 0.00018681328 0.0011159178 5.271397 0.5
23.582781 14.638265 0.0040728583 -0.0020177653 3.151318 0.5
5.314745 8.2990614 0.054057205 0.0098602511 0.221595 0.5
24.992933 11.818564 0.0029556107 0.021226521 1.510648 0.5
19.916162 10.879614 0.0095000288 0.0090842066 5.29405 0.5
4.37009 7.317244 0.079035925 0.0029288192 2.737677 0.5
16.895165 26.042702 -0.00038407912 0.020021585 4.134415 0.5
16.130516 18.152923 -0.018208626 0.060754144 1.432456 0.5
27.07251 12.46115 -0.013038842 0.0016571836 2.840655 0.5
21.516858 18.477659 0.00030681546 -0.019303479 2.899005 0.5
9.1771365 5.4043768 0.17605259 0.067277128 4.137855 0.5
15.840409 21.864976 -0.0022880581 -0.0053692198 1.992807 0.5
18.043867 4.4376035 0.013043214 -0.028994417 0.375558 0.5
12.975205 26.02692 0.041623431 -0.081865017 0.629977 0.5
3.4118714 5.86504 0.037586061 -0.066641203 5.301885 0.5
19.023037 25.316474 0.0091756891 -0.021027345 1.197725 0.5
19.43944 21.154851 -0.0095567064 -0.005962279 2.939026 0.5
23.994862 18.075592 0.0015986764 0.0064557898 3.912909 0.5
4.3633224 4.8360438 0.13597708 -0.019897523 3.115045 0.5
10.650721 21.341601 0.02866235 -0.016873298 1.662001 0.5
5.5918426 5.0265584 0.070457744 -0.083642687 0.131507 0.5
