# x y vx vy theta radius
8.503459 20.843335 -0.38911251 0.55685006 2.1188812 0.5
10.952628 13.124679 -0.0074461831 0.053038008 1.764168 0.5
6.4282602 8.4328742 0.010822736 -0.01384591 3.951996 0.5
5.2636578 16.564325 0.020251302 -0.19354464 4.259518 0.5
7.2908652 18.594424 -0.55929997 -0.8158381 1.882067 0.5
13.215915 5.9160514 0.042877996 -0.045945263 0.92276 0.5
22.874179 15.808786 0.0021558678 0.0023815029 4.981497 0.5
1.8807352 15.188496 0.07621647 0.056120291 0.663689 0.5
10.141659 1.1261951 0.088685805 -0.004644722 4.599871 0.5
8.8706387 1.575558 0.051454875 -0.024270456 3.315122 0.5
10.535464 22.374933 0.061440507 0.011110587 5.224588 0.5
9.9197134 6.9040778 -0.00083005839 0.058081332 4.739779 0.5
13.935399 6.7760757 0.0028356329 0.0090226175 0.624425 0.5
6.3532302 16.385822 0.18609692 -0.21555895 0.734434 0.5
5.5357737 7.6891907 -0.028501527 -0.016613726 4.989084 0.5
2.1735368 10.658042 -0.049369731 -0.25028403 2.508867 0.5
26.732278 12.035093 0.011316664 0.0081659002 5.939565 0.5
7.4961719 21.573278 -0.020675821 0.073444526 0.028815 0.5
2.9119523 8.4890473 0.055608439 -0.0032204955 3.449449 0.5
8.5383301 7.093021 0.016049752 -0.10551721 0.592282 0.5
10.586807 9.1842588 0.035642915 -0.059408379 6.045768 0.5
10.39773 10.294589 0.086858779 -0.073413056 0.890473 0.5
15.046029 13.249719 0.25832321 0.12019934 2.353219 0.5
17.069359 4.4586004 -0.001802706 -0.0054481773 1.672869 0.5
15.107786 15.388978 0.043025538 0.011497616 4.21507 0.5
4.4529025 7.3617552 -0.044897779 0.03703215 0.4829 0.5
7.2455822 15.521895 0.022199654 0.10271208 6.274711 0.5
2.9947112 6.3047989 0.045142504 -0.01353298 1.301021 0.5
6.7386625 20.31031 -0.1217034 -0.0032015009 3.538852 0.5
7.7969948 14.427914 0.12960684 -0.047304125 1.72413 0.5
18.334707 9.4075928 -0.0023106024 0.087831817 0.779811 0.5
12.122737 16.619474 0.11134165 0.076831703 1.209651 0.5
12.496002 3.6773742 -0.01546039 0.0040973563 5.377079 0.5
5.2792763 15.422566 -0.016203712 -0.029171969 3.122843 0.5
11.089639 1.7619522 0.11295682 -0.0024327947 4.105439 0.5
14.096066 9.1663389 0.15549113 -0.04202727 2.246795 0.5
4.2193842 6.2161253 0.054215588 -0.082726693 3.468535 0.5
19.098441 1.6146387 -0.0045641185 0.0005692617 5.532293 0.5
6.7642579 2.6954508 -0.00066058531 -0.0075545496 0.531572 0.5
15.225825 1.8440008 0.0084286712 0.0090972095 5.261584 0.5
19.433229 2.8097424 -0.0024266311 -0.0012238981 0.040113 0.5
0.62495431 14.612738 -0.028442627 -0.030450232 4.576591 0.5
8.1436925 8.6275144 -0.016228924 0.069042619 0.209824 0.5
9.0050097 24.904498 -0.063556269 -0.04445582 1.770879 0.5
8.0102745 11.155388 -0.088400364 -0.080759032 4.791815 0.5
6.4917187 17.794747 0.28046805 -0.18419381 2.522673 0.5
6.0029286 13.563418 0.089456571 -0.074727548 3.232151 0.5
20.889857 11.24842 0.009897962 -0.0016539816 0.943125 0.5
1.7311675 8.6699167 -0.093755335 -0.11709643 1.031271 0.5
22.495873 7.1099732 0.028883554 -0.00032905282 1.523797 0.5
16.398848 13.850624 0.32840392 -0.012460295 1.787492 0.5
8.0984425 19.378726 0.44491553 -0.1626038 3.056837 0.5
4.5636335 9.8785693 0.069980071 -0.033609793 3.332967 0.5
4.0708967 21.074736 -0.098534591 -0.084271458 3.889918 0.5
19.492429 6.9907536 0.10095569 0.058288772 1.775857 0.5
13.802569 3.5797907 0.050991085 -0.082990401 4.33857 0.5
25.762928 10.996766 0.010358542 -0.007495367 2.652322 0.5
10.245542 4.3206409 0.060376518 -0.14922173 1.360759 0.5
10.075957 5.4771273 0.092476559 0.00084565103 1.350476 0.5
18.27054 4.3277349 0.01220697 -0.01419313 3.139709 0.5
1.8451363 11.729126 0.16997711 0.093253116 3.877928 0.5
5.1320807 14.295613 0.22863856 -0.029438386 4.111005 0.5
5.2067478 11.819693 0.027653249 -0.016071383 4.354529 0.5
3.1536703 16.477657 0.13646011 0.084607275 1.958136 0.5
12.91258 2.551472 0.2284793 -0.00028998038 1.935129 0.5
24.9602 6.3954013 -0.0008706446 0.0039319112 0.983243 0.5
6.3872014 14.646332 0.068192033 -0.17522088 4.524452 0.5
19.611657 9.7738466 0.021792526 -0.0063672104 4.628506 0.5
13.23299 14.90826 0.05125501 -0.071363718 4.619789 0.5
15.988778 4.051798 -0.0010361775 -0.0096786718 6.246698 0.5
7.7154647 25.777294 0.13599931 -0.090943163 2.597917 0.5
20.85425 7.3437942 0.0038751872 -0.013362777 5.540445 0.5
15.025604 18.236825 0.12811735 -0.026862109 1.135786 0.5
15.519848 6.2434195 -0.049325213 -0.060091687 0.649744 0.5
11.685142 2.7258086 0.058433313 -0.10255405 4.647872 0.5
6.029917 9.6039169 0.043698247 -0.019641461 3.116928 0.5
16.889861 3.320098 -0.0050326991 -0.032096453 1.058365 0.5
8.7373575 16.480113 0.12800865 0.027892726 1.223223 0.5
12.79848 7.4898154 0.10495375 -0.048018082 6.185729 0.5
24.3262 9.2648723 0.003106813 7.5950582e-05 5.03693 0.5
6.480805 7.0998335 0.079946364 0.12444519 0.158334 0.5
11.939019 12.087431 0.065303285 0.06238527 0.09489 0.5
20.69416 3.9274586 -0.0034838562 -0.001098168 3.182579 0.5
14.837383 4.1964751 0.1236341 0.059158917 5.999337 0.5
4.7893101 21.943256 -0.056368609 0.052089529 0.712677 0.5
14.641877 10.666907 0.030440848 0.065286936 1.70588 0.5
21.721175 18.64557 0.027529031 -0.23934808 5.092516 0.5
5.7851098 3.3943024 0.01036768 0.048111756 0.506989 0.5
5.3432262 10.676283 0.03714065 0.029218369 4.452103 0.5
11.169728 4.9829103 0.018716894 -0.053638346 3.429354 0.5
6.7973265 3.8714593 0.11353162 -0.071921912 5.942963 0.5
7.8497826 2.0928423 0.022069992 -0.0906151 2.062723 0.5
9.1315297 6.0822946 -0.037278397 -0.0044176592 2.598321 0.5
1.6747299 12.914792 0.16560057 -0.26347731 6.159219 0.5
6.7875563 23.438002 -0.052851612 0.29490796 1.488917 0.5
5.229906 8.7664973 0.069520152 0.12644166 1.927238 0.5
19.483335 12.079328 0.02416674 -0.018524837 3.98558 0.5
2.7903267 13.922462 -0.054761351 -0.014647598 3.515453 0.5
4.2531189 11.216378 0.11928611 0.081790741 3.362574 0.5
7.1559496 9.3170908 0.019548763 -0.030505535 2.617045 0.5
14.609249 26.012105 0.064085346 -0.12233135 4.416501 0.5
15.165754 9.6573828 0.1285815 -0.02071767 2.357123 0.5
5.8649284 4.5965592 0.043553004 0.051331688 0.027213 0.5
18.020354 10.617399 0.018293705 -0.0013095725 3.270335 0.5
9.0134563 26.401268 0.075053559 0.039368025 5.133302 0.5
2.4410744 17.569787 -0.12302823 -0.050796872 4.163048 0.5
8.4882007 12.984883 0.06596657 -0.033777148 3.93618 0.5
19.518601 4.8280113 0.19738637 -0.19595472 5.951127 0.5
9.3869241 17.830376 -0.32084762 0.00048723326 4.082451 0.5
2.0484512 19.668561 -0.029012261 -0.04641001 1.780305 0.5
13.883672 7.9873769 0.1208259 -0.11837621 2.847882 0.5
10.543952 7.9879119 -0.01691927 -0.067941219 1.767937 0.5
5.3490417 6.5416178 -0.029732044 -0.080875534 0.00135 0.5
13.652249 0.63977431 -0.0080288363 -0.012790416 5.312468 0.5
7.5058463 12.194709 -0.050923492 -0.0059229169 0.320289 0.5
0.60009298 13.374662 -0.036925541 0.068437924 0.581132 0.5
6.6956161 22.364707 0.021895754 0.41176895 3.087421 0.5
5.1660466 23.087965 -0.086578134 0.088405115 3.560403 0.5
17.310553 8.5685192 -0.003859504 -0.0049042382 0.555117 0.5
16.561459 21.558858 0.10502264 0.0012183936 6.220608 0.5
5.854994 24.160138 0.2131786 0.26184519 5.652715 0.5
20.838461 5.0504831 -0.0017394504 0.0016138816 0.827952 0.5
3.3355854 10.520243 0.080943988 -0.10159085 1.054048 0.5
2.8744404 12.717843 0.098711267 0.028917144 0.319962 0.5
11.715573 8.4535479 0.0467814 -0.0063363738 2.464344 0.5
0.93013244 17.188799 0.098333779 0.066884617 3.780782 0.5
7.8327727 24.344641 0.016836694 0.06937704 0.745414 0.5
13.653494 17.746061 0.15649477 0.24927703 3.348875 0.5
3.3433024 7.4128197 -0.045519465 -0.0094608231 5.365761 0.5
20.903626 16.568519 0.032887762 0.017438027 0.445642 0.5
3.9518815 12.339023 -0.038117845 0.027427311 2.979068 0.5
21.833709 5.751875 -0.0078794092 -0.014075746 2.813895 0.5
10.41823 11.655687 -0.0097642477 -0.034293188 4.039246 0.5
19.674057 15.644354 0.015884478 0.031459054 4.602055 0.5
1.6431793 14.087833 -0.055750156 0.039061618 1.676583 0.5
9.181502 9.1365042 -0.010452599 -0.0045836477 1.207935 0.5
16.862227 5.8821604 0.050843067 -0.18049302 6.164191 0.5
7.5654141 6.5189218 0.011855313 -0.11120809 1.491784 0.5
16.300143 12.608635 0.23749133 -0.062547668 6.269379 0.5
3.8856483 17.585579 0.14991033 0.024408493 0.35856 0.5
19.0146 8.1767908 0.13754208 0.012424382 0.326238 0.5
23.912125 21.172277 0.1118331 -0.062234095 1.608548 0.5
10.031331 25.610168 0.16280999 0.01832842 2.616667 0.5
0.73622425 11.955687 0.099761803 -0.32213102 0.410672 0.5
18.09053 2.9220974 0.0057328534 -0.0067983957 3.210668 0.5
4.9819555 12.993552 -0.016520099 -0.014683173 0.309541 0.5
23.959342 14.752295 0.032755355 0.016604587 1.761874 0.5
7.9876541 17.612835 0.032470608 0.036236169 4.731547 0.5
3.1054137 20.232317 0.025417054 0.062626226 0.313065 0.5
8.4835086 22.40117 0.072745116 -0.039593685 0.087229 0.5
18.377609 19.18535 0.009160043 -0.017261207 5.713071 0.5
10.409705 3.169382 0.054649945 -0.064808562 0.34983 0.5
2.75398 18.739459 0.051218975 0.11082576 2.015368 0.5
2.2120895 7.5912603 0.074940665 -0.050439999 0.42176 0.5
19.991296 5.8596323 0.055553989 -0.10431333 5.580866 0.5
12.961572 8.9732738 0.12206185 0.023299065 4.066321 0.5
6.1265978 21.437852 0.16105605 0.14457778 5.863794 0.5
19.551399 21.111881 -0.20093624 -0.07609342 5.355125 0.5
15.835824 8.5498446 0.085263272 -0.061909065 5.404824 0.5
6.2673839 11.352314 0.014705876 -0.1407455 1.361005 0.5
7.0264688 4.9629671 -0.024419728 0.020857103 5.19755 0.5
5.144009 5.4396552 -0.037602861 -0.018318184 5.853071 0.5
1.0117864 10.867141 0.016072567 0.015037167 2.830697 0.5
13.786284 13.932306 0.06385445 0.047219883 3.251414 0.5
7.5578439 7.6404868 0.020634429 -0.0023619724 3.305262 0.5
10.075282 16.884084 0.11482527 0.1828579 3.841898 0.5
12.102953 26.930777 -0.0083069384 0.0062257787 4.917041 0.5
0.91360608 15.887693 0.083934533 0.11709698 1.726803 0.5
16.366515 11.208407 0.0011588836 -0.015440009 2.534849 0.5
22.239208 9.3217061 0.0088304652 -0.015744083 1.985571 0.5
8.9510122 14.013463 0.049523775 -0.098741918 5.636684 0.5
17.62801 1.2126375 0.010020398 0.0018344824 0.642493 0.5
13.079955 10.315326 0.11385212 0.071581399 5.796573 0.5
26.157756 19.207446 -0.00043879414 -0.00047271591 4.738871 0.5
6.6762667 24.956608 0.13191336 0.13615056 1.568073 0.5
12.82829 1.4265477 -0.004429087 -0.053153404 2.749741 0.5
4.8248519 4.1750671 0.025614198 -0.046704414 1.171823 0.5
7.6514496 16.560825 0.10639275 0.011036711 2.226958 0.5
13.088507 23.737789 0.022314493 -0.12187332 1.548545 0.5
4.8365792 18.358375 -0.14448009 -0.15220559 3.653333 0.5
22.031303 22.313692 0.19022927 -0.21909291 4.394256 0.5
22.568238 14.210615 -0.0074317202 0.013183126 0.605652 0.5
4.1488987 15.777899 0.054841605 -0.37168239 3.106146 0.5
1.2637077 9.7741895 0.044314775 0.12200666 3.095002 0.5
16.201215 0.7644056 0.02628268 0.0076459391 1.841384 0.5
9.8332474 12.812568 -0.0060670739 0.011163603 6.034028 0.5
10.872151 26.667869 -0.073698081 -0.024069068 1.857551 0.5
10.067916 15.540926 0.023696666 -0.074149474 1.702664 0.5
2.4261064 9.5747661 0.15351793 -0.17910325 1.16125 0.5
9.8333045 2.1990953 -0.029939339 -0.0005771931 4.720586 0.5
16.981722 9.7581501 0.012481476 0.0051050507 0.205718 0.5
13.997896 1.890513 0.0097298222 0.0093484201 5.820667 0.5
3.9865766 22.794044 -0.091143126 0.0010153675 3.894129 0.5
18.309337 7.2784845 0.027174547 0.088062074 3.074393 0.5
10.246673 23.680788 0.16385382 0.0068390542 0.467747 0.5
7.4020387 13.310344 0.0079294484 0.0097673124 5.60533 0.5
18.603602 5.6474526 -0.097836167 -0.081405415 6.227367 0.5
9.2579959 3.7552397 -0.0023025406 -0.062345047 5.177094 0.5
1.5615926 18.651409 -0.11954125 0.20028823 0.203779 0.5
6.4025497 12.459674 -0.020554416 0.0507827 6.095105 0.5
15.050061 0.63319668 -0.0051891092 -0.0015576789 5.150288 0.5
16.633303 2.0017389 -0.0013361869 -2.1439717e-05 3.059892 0.5
23.128194 5.5360014 0.0078793929 -4.2397363e-06 3.692189 0.5
11.474093 7.2690706 0.073430771 0.0076928869 3.246869 0.5
10.227331 14.073876 0.082797238 0.034619615 2.032293 0.5
16.210699 7.1451888 0.016483661 -0.027520111 6.136396 0.5
13.029234 12.700052 -0.053246434 -0.13116651 4.563161 0.5
6.9291761 10.419067 -0.089166677 0.069405534 5.916686 0.5
11.657481 0.78477197 -0.0045152827 0.0079578655 1.344992 0.5
10.987174 6.184953 -0.025443007 -0.035835062 3.633442 0.5
2.942284 11.561285 0.028253378 -0.45153435 2.78777 0.5
14.690893 2.893757 0.0045039025 0.014821212 1.483056 0.5
13.44295 4.737983 0.046061054 -0.007830603 0.879468 0.5
8.8119858 2.7071824 0.0017833587 0.02521321 4.923104 0.5
9.1582545 10.430724 0.072249189 -0.0026464218 5.350229 0.5
13.260279 25.016679 0.008885817 -0.030711132 1.508644 0.5
15.06417 11.989762 0.060101075 -0.08770496 4.32761 0.5
11.957447 25.333744 0.041364623 0.028970966 1.3724 0.5
20.837379 9.2824477 -0.0037706806 -0.01356823 2.64206 0.5
4.0458489 5.0048779 -0.011846854 -0.029960267 2.466218 0.5
9.0922766 4.902716 0.043347849 -0.0090926314 0.69625 0.5
9.1962301 11.853395 0.036742475 0.072421099 0.502972 0.5
8.7318407 15.246901 0.036591523 -0.084038184 4.066135 0.5
3.0456461 21.731462 0.18745637 0.023501804 3.026607 0.5
3.5420565 9.4016452 0.098399121 0.0018601542 6.171553 0.5
18.440997 14.439515 0.082522133 -0.014315168 3.767955 0.5
12.306107 4.9337662 0.017800113 -0.0050748041 5.349705 0.5
3.8911056 13.520887 -0.0080530133 -0.00714921 3.28374 0.5
13.523583 11.674203 0.08922707 -0.072169763 1.964272 0.5
7.8123329 3.2337692 0.016762339 -0.038028338 1.170799 0.5
15.045063 7.4068569 -0.11698095 -0.0199748 0.802835 0.5
12.155624 6.324213 0.063812696 -0.047068993 5.063896 0.5
21.316102 15.065357 0.026431884 -0.057586656 2.243796 0.5
7.9795164 4.3484738 0.086949789 -0.02734749 5.270568 0.5
11.355849 3.8008363 0.043635429 0.054976979 5.757172 0.5
12.33846 13.625883 -0.0034993807 0.070314272 5.271397 0.5
6.216235 19.07519 -0.20394259 -0.21296286 3.151318 0.5
11.275904 14.658603 0.18581265 0.023519711 0.221595 0.5
8.1745718 9.800618 -0.038428882 -0.076498631 1.510648 0.5
11.727412 9.8220478 -0.013373565 0.066673616 5.29405 0.5
4.0451489 8.4039842 0.054058354 0.055912293 2.737677 0.5
9.0324653 23.756826 0.064591145 0.059101935 4.134415 0.5
3.0138874 15.235644 0.10304714 0.09855697 1.432456 0.5
5.0499208 19.419021 0.30192039 -0.20359046 2.840655 0.5
8.1278459 5.5275901 0.10691854 -0.059583178 2.899005 0.5
15.476572 5.1089702 0.027490224 0.027338725 4.137855 0.5
11.53623 10.951071 0.041203201 0.047561147 1.992807 0.5
9.2651623 7.9809032 0.099808823 -0.038945253 0.375558 0.5
19.839264 13.738984 -0.0016348571 0.0025429337 0.629977 0.5
16.053747 16.51786 0.0091418205 0.0040361564 5.301885 0.5
4.0370804 14.680826 -0.077475377 -0.067857834 1.197725 0.5
1.848444 16.523242 -0.10783293 -0.12196052 2.939026 0.5
14.294834 5.5509758 0.059950743 -0.048089499 3.912909 0.5
15.853615 2.8259865 -0.0068707901 0.0095713925 3.115045 0.5
6.2563494 5.8027555 -0.022767347 0.0021902657 1.662001 0.5
3.8017857 19.244056 0.016546775 0.093506274 0.131507 0.5
