# x y vx vy theta radius
13.468136 13.248615 -0.38184872 -0.34757022 3.7209883 0.5
5.8859974 15.044436 -0.047904046 0.028100528 1.764168 0.5
4.3997451 8.6127346 -0.018458224 0.003244031 3.951996 0.5
5.5582619 8.3265123 -0.028997119 -0.084012912 4.259518 0.5
13.361702 5.8720792 0.10218423 -0.010541634 1.882067 0.5
6.886653 5.5177476 0.063158387 -0.032405686 0.92276 0.5
25.696169 17.526405 0.12127705 -0.27662022 4.981497 0.5
3.3235172 21.825063 -0.075384777 -0.12125804 0.663689 0.5
4.5916763 11.739248 0.036642152 0.0049307015 4.599871 0.5
18.105195 2.3420268 -0.0035890811 0.0036839992 3.315122 0.5
16.04882 3.3965883 0.0043498282 0.071558225 5.224588 0.5
16.534368 0.81610917 0.024885786 -0.042367705 4.739779 0.5
21.481778 16.678349 0.079483918 -0.083370521 0.624425 0.5
5.991848 6.2142053 0.020210173 0.060062492 0.734434 0.5
22.48994 15.487336 0.2342585 0.22787376 4.989084 0.5
4.0132898 9.6719178 -0.0050057486 -0.0023675333 2.508867 0.5
5.6903969 13.466456 0.081462414 -0.049176111 5.939565 0.5
18.514986 12.242179 0.10116071 0.15684879 0.028815 0.5
7.3945626 12.650566 0.013231142 0.0023574026 3.449449 0.5
1.9168567 18.887455 0.044635291 0.017280749 0.592282 0.5
25.327209 18.792168 0.10620088 -0.066115701 6.045768 0.5
6.288153 7.326677 0.1218912 0.11156663 0.890473 0.5
9.1785494 13.107956 -0.028145957 0.046280966 2.353219 0.5
23.812414 6.7840931 0.042016733 -0.031241798 1.672869 0.5
24.639579 8.2489871 0.023191571 -0.007141519 4.21507 0.5
1.0369398 17.277725 0.027343595 0.032965034 0.4829 0.5
19.74175 26.004812 0.027813629 -0.051541441 6.274711 0.5
9.351548 7.8895648 0.080170095 -0.1654144 1.301021 0.5
6.1977092 10.17905 -0.0013501176 0.0464406 3.538852 0.5
26.20106 19.6226 0.34818913 0.24934866 1.72413 0.5
7.4122729 8.1277273 -0.0089117574 0.05854273 0.779811 0.5
20.657113 5.9224088 -0.0042314687 0.032871581 1.209651 0.5
11.263047 5.9278982 0.058944747 -0.095467862 5.377079 0.5
4.0553844 20.9284 -0.003811482 0.10226186 3.122843 0.5
24.808007 9.9239356 0.0094439296 0.034321931 4.105439 0.5
26.908905 11.986977 -0.069158068 0.047743901 2.246795 0.5
23.457538 14.619966 -0.013918493 0.027127028 3.468535 0.5
20.297712 4.5271147 -0.029812219 0.047472712 5.532293 0.5
26.574574 10.362415 -0.037813243 0.044804132 0.531572 0.5
21.064127 25.167797 -0.0093816284 -0.01299847 5.261584 0.5
9.3121051 6.4210451 0.039344142 0.08086009 0.040113 0.5
15.851031 10.393756 0.18489686 0.074974284 4.576591 0.5
2.2368734 11.224949 0.0025129303 0.06796948 0.209824 0.5
24.732746 6.142758 0.0033502211 0.00030847238 1.770879 0.5
5.7531354 18.012736 0.10208393 0.1517511 4.791815 0.5
22.415055 7.3175147 0.23446518 -0.35328472 2.522673 0.5
20.088266 7.0559169 0.14317138 -0.06812973 3.232151 0.5
21.204067 7.2866767 0.039917534 0.014121851 0.943125 0.5
15.587492 15.49026 -0.062876121 0.093300154 1.031271 0.5
22.852767 11.760835 0.080371737 0.011345536 1.523797 0.5
9.1022333 1.6529465 0.0079653765 0.06265612 1.787492 0.5
19.135056 1.6901165 0.05775266 0.029843494 3.056837 0.5
18.537875 8.7445964 -0.054025002 0.096851581 3.332967 0.5
21.4134 4.7930962 0.03266862 -0.033035627 3.889918 0.5
16.106478 16.796742 -0.0079579575 0.040515182 1.775857 0.5
17.652647 26.754536 0.026811552 0.028654076 4.33857 0.5
17.309614 8.1834944 -0.024513676 0.03148868 2.652322 0.5
15.057106 11.380185 -0.15421288 -0.01647171 1.360759 0.5
1.1957391 10.051846 -0.0066161707 0.014415658 1.350476 0.5
12.262281 5.3986253 0.02368009 -0.043972416 3.139709 0.5
18.492065 16.494667 0.042539102 0.0006593862 3.877928 0.5
25.450323 15.670556 -0.094761099 -0.093748511 4.111005 0.5
6.664497 2.7545134 0.0196139 0.0035833952 4.354529 0.5
10.578699 8.1639257 0.01280942 0.066937195 1.958136 0.5
20.343177 3.3716908 -0.015682361 0.0012890533 1.935129 0.5
22.706926 21.881098 0.0088792649 0.0052323984 0.983243 0.5
19.535733 9.41642 -0.41659757 0.1069735 4.524452 0.5
10.133108 1.153367 0.090739999 -0.0015061482 4.628506 0.5
4.519446 18.236655 0.013937457 -0.0049076462 4.619789 0.5
19.532145 8.1330312 0.0042261655 -0.1102458 6.246698 0.5
15.708518 17.851011 0.015344432 0.00012469117 2.597917 0.5
17.138903 3.9872179 0.0038330844 -0.024899284 5.540445 0.5
23.615954 20.07571 -0.025959803 0.10640325 1.135786 0.5
4.4426347 12.868052 0.031666884 -0.051580095 0.649744 0.5
13.67582 21.232076 0.25079015 0.56663385 4.647872 0.5
24.076086 5.1569748 0.03990947 0.033044295 3.116928 0.5
3.4600717 7.9071779 -0.012233637 0.03744149 1.058365 0.5
12.175203 27.08963 0.23559697 -0.051055311 1.223223 0.5
18.184804 3.4610613 0.0065676864 0.073858614 6.185729 0.5
18.347178 7.3071911 0.048648307 0.061654839 5.03693 0.5
23.474389 8.0515611 0.005582569 0.001615359 0.158334 0.5
23.109836 5.8692914 0.0048066891 0.0079385762 0.09489 0.5
4.361048 14.232611 0.02598164 0.050050874 3.182579 0.5
17.99304 21.055913 0.020874535 0.028758258 5.999337 0.5
24.071327 13.62308 0.05046712 0.025367637 0.712677 0.5
10.087913 5.5474448 -0.048162562 0.030549057 1.70588 0.5
8.659194 4.0677281 0.046960547 0.031058137 5.092516 0.5
2.9855103 15.500532 -0.063963139 -0.098585512 0.506989 0.5
12.935472 2.6017784 0.030172155 0.047114913 4.452103 0.5
0.75541587 14.169608 0.030129404 0.097472038 3.429354 0.5
3.6246746 10.952772 0.10441996 -0.025594699 5.942963 0.5
25.741284 12.044999 -0.049110819 0.052947768 2.062723 0.5
19.835807 18.586818 -0.23172208 0.46918974 2.598321 0.5
18.227142 4.5710269 0.035638094 0.042426167 6.159219 0.5
21.273491 2.7519898 0.050141925 -0.053443654 1.488917 0.5
14.35667 9.7331165 0.025073934 0.12036624 1.927238 0.5
7.9604043 9.2479824 -0.013160517 0.020993586 3.98558 0.5
16.736546 12.229373 0.0019134085 0.02337391 3.515453 0.5
22.918918 4.7073177 0.045993826 0.017249094 3.362574 0.5
1.6243657 13.394216 0.065952205 0.12564885 2.617045 0.5
10.729498 9.8796366 0.0038840408 0.094730112 4.416501 0.5
15.893517 6.2057454 -5.5801647e-05 0.0018359697 2.357123 0.5
5.7318894 5.0574924 -0.029462559 -0.00097637532 0.027213 0.5
4.7680601 5.7897065 -0.030235971 0.010917249 3.270335 0.5
3.2753891 13.186466 -0.015451457 0.053642821 5.133302 0.5
14.521804 6.2401858 0.049483385 0.033125639 4.163048 0.5
13.652352 10.784588 -0.14195394 -0.4004322 3.93618 0.5
12.506921 25.905812 0.004203007 -0.034403219 5.951127 0.5
2.6037404 10.135731 0.027800644 0.052866895 4.082451 0.5
16.17061 4.5732725 0.10981009 0.054764286 1.780305 0.5
19.33188 2.8054385 0.026124076 0.14975671 2.847882 0.5
11.832303 2.8582955 0.012028828 0.026213966 1.767937 0.5
7.8389278 4.8324336 -0.016181615 0.010109979 0.00135 0.5
22.744408 13.122202 0.19570152 -0.21871904 5.312468 0.5
5.2586574 9.4458511 0.066733976 -0.058752348 0.320289 0.5
19.550743 24.32292 0.017076391 -0.037488714 0.581132 0.5
8.2473188 7.3954475 0.12398264 0.0909053 3.087421 0.5
21.770429 8.2797769 0.070470447 0.042834199 3.560403 0.5
7.1818883 6.6003723 -0.020657901 -0.029080163 0.555117 0.5
14.560104 23.242876 0.040724807 -0.038789256 6.220608 0.5
14.091282 0.56820028 0.07263213 0.062090958 5.652715 0.5
19.552993 14.107929 0.0048985727 0.01493278 0.827952 0.5
24.047197 18.95822 0.13261546 0.031885814 1.054048 0.5
22.697826 8.9470634 0.31153465 -0.56685439 0.319962 0.5
1.7952048 8.6074469 0.034272283 0.073840161 2.464344 0.5
5.1603511 16.7008 0.14066544 0.1812675 3.780782 0.5
12.199283 1.7499665 0.1249836 0.0050905704 0.745414 0.5
23.608934 10.279818 -0.01577157 -0.036411585 3.348875 0.5
2.8021674 6.563206 0.00018275608 -0.020923785 5.365761 0.5
17.913333 1.18394 0.06476994 0.073381233 0.445642 0.5
6.1979527 12.374602 0.14418514 0.096078471 2.979068 0.5
5.4309163 20.789607 0.10948019 0.010510124 2.813895 0.5
25.696948 7.6971617 -0.018298456 -0.103398 4.039246 0.5
9.9492106 2.4544308 0.10678213 0.092220725 4.602055 0.5
16.485369 9.0068633 0.027615166 0.077567178 1.676583 0.5
9.665828 3.5536937 0.062688296 0.0067486142 1.207935 0.5
13.745948 8.636589 -0.036535297 -0.2568615 6.164191 0.5
2.9718341 8.9596368 -0.02349995 -0.024370477 1.491784 0.5
18.093443 5.8896792 0.066482324 -0.046877186 6.269379 0.5
25.953747 8.9309307 0.026069642 -0.0029242404 0.35856 0.5
2.1175762 12.3697 -0.022421858 0.089906298 0.326238 0.5
20.235017 12.329831 0.14286262 0.082805775 1.608548 0.5
14.225547 12.162934 0.10105418 0.011931365 2.616667 0.5
21.555777 12.060844 0.079280351 0.049469854 0.410672 0.5
9.2383428 11.837771 -0.08700401 0.043612089 3.210668 0.5
9.0615272 24.57111 0.087593021 -0.033030602 0.309541 0.5
12.801903 11.920848 0.0015740826 -0.040803823 1.761874 0.5
22.017764 3.766483 0.025927369 0.0021756131 4.731547 0.5
10.997446 1.8818166 -0.050169385 0.072503934 0.313065 0.5
19.116824 5.2480337 0.19410169 -0.44902941 0.087229 0.5
8.7490537 2.8848021 -0.047082038 0.051810128 5.713071 0.5
22.616744 18.915932 -0.017185275 0.11604618 0.34983 0.5
2.245566 17.505713 0.10002163 0.071311502 2.015368 0.5
19.186389 6.3855619 0.34030708 -0.046428536 0.42176 0.5
26.50845 16.652134 0.014293724 -0.011550459 5.580866 0.5
6.8734986 19.564364 0.0046679211 0.052906872 4.066321 0.5
3.3570639 12.052747 -0.0061114814 0.0021891885 5.863794 0.5
10.321126 18.167717 -0.0073151438 0.0038940568 5.355125 0.5
6.7191544 4.3780287 0.079281748 -0.019164062 5.404824 0.5
4.7809812 7.5033584 -0.016995479 -0.034394271 1.361005 0.5
13.705633 7.2610627 -0.058407928 0.029761194 5.19755 0.5
2.3729317 7.6344354 0.042110483 -0.071798796 5.853071 0.5
20.602502 15.406602 0.067590057 -0.025421443 2.830697 0.5
7.4156044 10.317831 0.026584354 0.044024076 3.251414 0.5
17.034227 7.0280031 -0.027271931 0.013087532 3.305262 0.5
20.706373 8.8884348 -0.14832799 -0.51924584 3.841898 0.5
8.1021111 11.446288 0.07040862 -0.0032491894 4.917041 0.5
14.961627 8.4596749 -0.042742703 -0.023337662 1.726803 0.5
11.517234 0.83391496 0.14365275 -0.0086117807 2.534849 0.5
22.127174 20.238605 0.0024596782 0.2697203 1.985571 0.5
7.2183603 17.857566 -0.10010911 -0.019022924 5.636684 0.5
21.798858 6.2131284 0.011517581 0.034636077 0.642493 0.5
2.5414763 14.178997 0.054692032 0.010186853 5.796573 0.5
3.3874365 18.637874 0.050427955 -0.062284046 4.738871 0.5
1.0350196 11.265677 -0.013932779 0.053681413 1.568073 0.5
5.7004312 3.5497308 0.048468111 -0.0513058 2.749741 0.5
5.7837089 11.2787 -0.036660175 0.0093739902 1.171823 0.5
11.066961 13.878678 -0.83649517 0.46123548 2.226958 0.5
14.061121 2.5399916 0.065628594 0.090734617 1.548545 0.5
13.093927 9.8083372 -0.051646935 0.057525939 3.653333 0.5
10.38905 4.4436693 0.10459681 0.073408646 4.394256 0.5
10.772846 3.2931372 0.047652868 0.06021639 0.605652 0.5
14.961273 3.8395974 0.042730346 0.054632217 3.106146 0.5
9.6786364 9.1858983 -0.026942624 -0.026231842 3.095002 0.5
13.138056 4.7236466 0.080002763 -0.045273876 1.841384 0.5
15.975661 7.8299898 -0.0286371 -0.13098855 6.034028 0.5
24.848939 11.166571 0.0020688162 0.031860647 1.857551 0.5
8.6323605 19.668192 -0.016190699 0.020975765 1.702664 0.5
13.671507 3.6382462 0.025559109 0.0017680091 1.16125 0.5
15.267657 5.2591873 0.077493133 0.008396965 4.720586 0.5
12.24551 12.86868 -0.37684724 -0.62016176 0.205718 0.5
12.720466 8.0236404 0.10748537 0.051976292 5.820667 0.5
20.261715 2.1273469 -0.012519482 0.01672181 3.894129 0.5
8.3187089 14.161767 0.19584049 -0.023183584 3.074393 0.5
8.8897355 22.198616 0.04117453 -0.30642357 0.467747 0.5
7.5482746 3.5550856 -0.0066503011 -0.077965748 5.60533 0.5
0.61361725 12.899222 -0.053893359 0.21086477 6.227367 0.5
8.1837747 5.9652717 -0.079779692 0.063175433 5.177094 0.5
1.6353508 15.230026 -0.048904306 0.010060824 0.203779 0.5
14.497964 26.634117 -0.0075360646 -0.040568712 6.095105 0.5
16.972927 10.756091 0.0063108819 -0.0019525923 5.150288 0.5
14.264258 4.72717 0.093422584 0.048088898 3.059892 0.5
9.048658 5.1362225 -0.026569797 -0.011122786 3.692189 0.5
9.042998 10.5474 0.13754121 0.1967569 3.246869 0.5
6.7516581 9.1411254 0.033877764 0.068413729 2.032293 0.5
15.39756 0.70542418 0.018374916 -0.077960769 6.136396 0.5
19.302172 19.63568 0.023546229 0.034967793 4.563161 0.5
16.235479 13.670951 -0.01020548 -0.023131518 5.916686 0.5
15.25684 2.5673387 0.035215972 0.038083206 1.344992 0.5
20.588981 10.443097 0.23397484 0.087666275 3.633442 0.5
17.689456 9.6169643 0.15309323 -0.085865479 2.78777 0.5
19.379639 11.314227 0.020216453 0.009252227 1.483056 0.5
16.420261 1.9497089 0.052966041 -0.004823853 0.879468 0.5
11.562974 4.2997946 0.040832157 -0.040829012 4.923104 0.5
6.8909087 11.430851 0.054158484 -0.039660767 5.350229 0.5
2.4836075 20.269994 0.041121631 0.099524168 1.508644 0.5
23.886964 9.1949572 -0.0033487018 -0.0076392674 4.32761 0.5
3.9795068 6.6714057 0.016837068 0.079954551 1.3724 0.5
18.436465 13.44395 0.0030123918 0.00050317299 2.64206 0.5
4.4655933 4.6371993 -0.018849651 -0.033290421 2.466218 0.5
4.4917626 22.778641 0.14640696 0.19678155 0.69625 0.5
26.539839 13.835068 0.095571513 0.082569883 0.502972 0.5
11.457718 7.2874857 0.027832657 -0.043251773 4.066135 0.5
12.681457 24.036159 0.0088154103 -0.026387982 3.026607 0.5
17.120549 2.8765846 -0.094194048 0.012957054 6.171553 0.5
15.01866 7.263674 -0.083416035 -0.02302071 3.767955 0.5
14.667242 1.5626124 -0.052452055 -0.0092012839 5.349705 0.5
3.4645451 16.556111 0.0035884994 0.14421842 3.28374 0.5
12.555278 3.7324501 0.0052825712 -0.019547447 1.964272 0.5
9.8031075 19.590133 -0.038687496 0.024818036 1.170799 0.5
13.957693 25.63152 -0.016645961 0.0094301405 0.802835 0.5
6.1124661 23.488965 0.018593673 0.20009394 5.063896 0.5
21.897368 14.305788 0.20229265 0.14291096 2.243796 0.5
4.7584674 10.625877 0.032642113 0.024602363 5.270568 0.5
17.007272 5.5479276 -0.09944952 0.061389162 5.757172 0.5
2.1372453 16.389439 0.042090369 -0.0071785377 5.271397 0.5
16.502163 22.986369 0.013766225 0.015007855 3.151318 0.5
11.676547 8.517422 0.10532228 0.046525168 0.221595 0.5
22.187201 9.980206 0.28111957 0.13406353 1.510648 0.5
4.8270699 19.671766 0.020413223 0.068897859 5.29405 0.5
19.304436 21.317679 0.0046769797 -0.012490242 2.737677 0.5
3.5568344 5.578418 -0.0075059604 -0.010181701 4.134415 0.5
6.9098585 24.728905 0.0065173195 0.0063085246 1.432456 0.5
21.955103 17.744189 0.32696972 0.22729202 2.840655 0.5
7.8070168 2.2934067 0.07282323 0.047141417 2.899005 0.5
16.590441 26.269342 0.012164188 -0.016820096 4.137855 0.5
13.490407 1.509992 0.032984293 0.04793057 1.992807 0.5
12.147283 10.605616 -0.0035082167 -0.0073498268 0.375558 0.5
12.441624 6.5303699 -0.0062724604 0.094242311 0.629977 0.5
10.746544 11.490219 0.01470968 -0.047045538 5.301885 0.5
19.264245 4.077276 0.031997382 -0.037322644 1.197725 0.5
18.27313 10.958725 0.14739137 0.23852528 2.939026 0.5
17.889989 18.22796 0.009419884 0.038500964 3.912909 0.5
7.646173 20.749104 0.067539617 0.050322 3.115045 0.5
10.31507 7.0780678 0.1276921 -0.02154383 1.662001 0.5
12.715817 0.65413365 0.081798344 -0.039455813 0.131507 0.5
