# x y vx vy theta radius
0.79562998 13.690028 -0.69689355 -1.2539349 4.7388749 0.5
22.272325 7.3034024 -0.0022897231 -0.0016576956 1.764168 0.5
2.53399 16.054892 0.29737112 -0.12712136 3.951996 0.5
14.454322 3.2358931 0.13521364 -0.095572845 4.259518 0.5
9.659753 1.8405086 6.3719726e-05 0.00014708837 1.882067 0.5
18.491585 10.444983 -0.010679723 -0.026708207 0.92276 0.5
9.3227414 19.280566 -0.039552843 -0.051026985 4.981497 0.5
25.166799 9.6305817 0.011264837 -0.0088849138 0.663689 0.5
2.4788688 8.3714874 0.11498096 0.022251773 4.599871 0.5
17.742709 26.538911 0.0050365893 -0.016668334 3.315122 0.5
23.602723 5.7961153 0.00020791557 0.0063596227 5.224588 0.5
17.386637 13.841698 -0.026336409 -0.012422811 4.739779 0.5
25.453269 17.589872 -0.017983664 -0.022359709 0.624425 0.5
24.951116 19.770846 0.019104491 -0.010663056 0.734434 0.5
11.336071 16.976622 -0.01889948 0.0046188582 4.989084 0.5
23.32661 4.3433995 -0.0064761777 -0.00064712486 2.508867 0.5
25.140633 13.926811 0.0014582934 -0.012941832 5.939565 0.5
17.423133 3.4693901 -0.0023302609 0.0033928337 0.028815 0.5
24.75577 6.026346 -0.0030324702 0.00051944884 3.449449 0.5
6.7800695 8.1954503 0.015272596 -0.017370583 0.592282 0.5
24.188143 10.292266 0.002906422 -0.0078093867 6.045768 0.5
11.698932 4.6239416 0.0025649467 -0.00039470233 0.890473 0.5
12.633556 3.0378306 -0.094334885 0.038998621 2.353219 0.5
15.453528 18.868965 -0.015009602 -0.026386941 1.672869 0.5
23.07443 9.8872792 0.0085316184 -0.024343353 4.21507 0.5
8.4634704 4.7257227 0.02186742 0.049399805 0.4829 0.5
17.930996 5.5091743 0.00085118309 -0.0035461005 6.274711 0.5
3.634681 6.4793211 -0.23093052 -0.046987984 1.301021 0.5
20.565859 13.246447 -0.0108736 -0.012315287 3.538852 0.5
15.017534 15.88796 -0.0037264873 0.0089823496 1.72413 0.5
25.698496 20.614521 -0.019121868 0.016782833 0.779811 0.5
9.0849845 13.117362 -0.031164657 -0.032814065 1.209651 0.5
22.372471 24.444105 -0.0029726101 -0.0037510649 5.377079 0.5
21.19483 16.447646 -0.015190501 -0.00804511 3.122843 0.5
26.047708 16.548274 0.0037743317 -0.025810653 4.105439 0.5
19.311743 7.823495 0.0021139777 -0.043938093 2.246795 0.5
20.140224 17.148751 -0.0073126999 -0.050852754 3.468535 0.5
10.77862 25.142203 -0.039368073 -0.029452658 5.532293 0.5
6.0201092 21.687125 0.012155157 -0.0020150178 0.531572 0.5
8.4975833 16.524752 0.09629378 -0.050528928 5.261584 0.5
25.990945 11.913613 -0.012591918 -0.013883669 0.040113 0.5
21.451516 13.9972 0.0081552072 -0.0028303696 4.576591 0.5
21.045558 17.914114 -0.0019194103 -0.032775161 0.209824 0.5
11.527693 1.1334636 -0.12834432 -0.14577833 1.770879 0.5
9.5651156 25.082729 -0.0072716912 -0.023193646 4.791815 0.5
16.269008 8.5721285 -0.014854076 -0.015100547 2.522673 0.5
17.846683 8.5942038 -0.00050680107 0.0013961688 3.232151 0.5
23.491034 12.318775 -0.0087078725 -0.01897513 0.943125 0.5
26.667284 18.34447 -0.046209883 -0.034380645 1.031271 0.5
25.959316 10.757804 0.012439521 -0.036647471 1.523797 0.5
13.671674 2.2125124 0.0014673892 -0.0014055393 1.787492 0.5
14.984122 27.28885 0.0073049826 -0.0070290915 3.056837 0.5
21.532031 9.715178 0.0090029313 -0.028725246 3.332967 0.5
5.2137085 8.6103434 0.024386133 -0.0049122905 3.889918 0.5
6.5416246 18.346193 -0.060929498 -0.016127743 1.775857 0.5
18.527084 11.754089 0.020917248 -0.0014780434 4.33857 0.5
12.268878 1.9504692 0.041883026 -0.11335263 2.652322 0.5
14.424298 26.084632 0.015185299 -0.0022599939 1.360759 0.5
20.950056 23.890602 -0.011814333 -0.022177336 1.350476 0.5
8.0069357 5.9006845 0.0437174 0.066158813 3.139709 0.5
24.906311 12.351105 0.013549013 -0.014642005 3.877928 0.5
22.318875 19.893171 0.028908587 -0.024324268 4.111005 0.5
12.072689 24.427068 0.0044992865 -0.04304894 4.354529 0.5
15.069576 1.9208027 -0.00073415855 0.0015339905 1.958136 0.5
16.292178 13.277985 -0.033048813 -0.030320453 1.935129 0.5
4.8214009 18.093531 0.304844 -0.16585851 0.983243 0.5
24.031883 9.076253 -0.001956902 -0.025484794 4.524452 0.5
25.186623 15.644342 -0.052472029 -0.024126391 4.628506 0.5
7.4531926 2.335917 0.009338639 -0.00029595271 4.619789 0.5
11.81702 6.0522599 0.00059872515 -0.00095319057 6.246698 0.5
18.067166 18.213526 -0.024101941 -0.041402011 2.597917 0.5
26.090771 8.8134025 -0.012330317 -0.012592485 5.540445 0.5
19.698345 23.280338 0.019114406 -0.0048266173 1.135786 0.5
9.7394679 26.600264 -0.0116029 -0.047873957 0.649744 0.5
5.4169691 20.263835 0.29015434 -0.021872976 4.647872 0.5
22.060733 6.1347227 -0.0041685263 0.0063498201 3.116928 0.5
13.601805 17.1397 -0.04234346 -0.017386881 1.058365 0.5
13.409512 23.585401 -0.012156703 -0.0088460372 1.223223 0.5
20.025763 18.63334 -0.018769064 -0.025046225 6.185729 0.5
6.4907488 25.053346 -0.061634887 0.0075492628 5.03693 0.5
15.692783 3.0572539 0.0029985676 -0.0049685462 0.158334 0.5
13.639521 22.388847 -0.03843978 -0.052943039 0.09489 0.5
22.203194 10.616335 -0.011209642 -0.014418262 3.182579 0.5
27.349075 14.662504 -0.022331192 -0.027352206 5.999337 0.5
3.036364 21.688257 -0.013169327 0.078804124 0.712677 0.5
27.058288 17.142261 0.0076213197 -0.047599241 1.70588 0.5
24.189224 13.338294 -0.0045915589 0.0027737342 5.092516 0.5
26.3751 14.104941 -0.016961074 -0.011455779 0.506989 0.5
9.4072343 21.580902 0.22153214 -0.27910525 4.452103 0.5
26.290959 15.329946 0.0089080525 -0.02345018 3.429354 0.5
27.098636 12.367268 0.014815763 -0.027917669 5.942963 0.5
18.677006 23.987717 -0.018837301 0.0030214155 2.062723 0.5
27.024914 11.209318 -0.0033142252 -0.016481129 2.598321 0.5
9.8904794 22.854321 0.0532937 0.0076699384 6.159219 0.5
20.187671 19.935508 -0.0098411329 -0.027286329 1.488917 0.5
24.316461 17.534268 0.0083429347 -0.0048569591 1.927238 0.5
8.2449559 23.976292 0.051115828 0.071056693 3.98558 0.5
16.080603 14.403725 -0.0046915119 -0.035114105 3.515453 0.5
3.8733015 7.6758084 -0.10326517 0.032631639 3.362574 0.5
21.098632 11.32746 -0.0092906704 -0.021559362 2.617045 0.5
24.283013 16.322821 0.0010121516 -0.032395492 4.416501 0.5
10.917538 2.1810445 0.0044738604 0.00073000037 2.357123 0.5
3.6376485 18.199557 0.17215151 -0.28612714 0.027213 0.5
11.403659 22.729126 -0.0013628901 -0.042623877 3.270335 0.5
22.330243 14.767894 0.010761485 -0.014410662 5.133302 0.5
19.467204 22.008136 -0.023036188 0.016356093 4.163048 0.5
6.1645656 22.844327 0.044170073 -0.1023874 3.93618 0.5
16.424635 27.055974 0.021604725 -0.040670504 5.951127 0.5
27.365204 13.486813 0.0074951208 -0.013428489 4.082451 0.5
1.9132496 10.168831 0.21890065 0.10626731 1.780305 0.5
23.442189 11.137449 0.0078937293 -0.01549079 2.847882 0.5
18.822702 16.539662 -0.02078474 -0.048465668 1.767937 0.5
18.783048 25.149533 -0.032373301 0.017218761 0.00135 0.5
8.9232134 2.9007883 0.002074976 -0.0016119785 5.312468 0.5
7.4448398 17.618612 0.10666723 -0.13540731 0.320289 0.5
23.250053 23.733438 0.011194078 0.01773024 0.581132 0.5
6.8674686 20.411645 0.01611855 -0.029687701 3.087421 0.5
26.739655 9.7336053 -0.0056754737 -0.031058213 3.560403 0.5
26.220149 19.526593 -0.014544237 -0.010194783 0.555117 0.5
13.758316 27.047735 0.072489743 -0.011981399 6.220608 0.5
24.972605 21.474548 -0.00015883692 0.00089038282 5.652715 0.5
21.419794 25.180618 0.046719187 -0.0076079666 0.827952 0.5
17.911574 6.6400682 0.00086293617 -0.033711295 1.054048 0.5
17.666997 19.367243 -0.050877408 -0.029388362 0.319962 0.5
22.528678 13.11654 -0.00061019501 -0.016262309 2.464344 0.5
17.190972 12.613078 0.0047813308 0.043580881 3.780782 0.5
7.2307057 4.4735735 -0.0064787359 -0.063047869 0.745414 0.5
23.144751 19.094234 0.0077059091 0.0065780263 3.348875 0.5
18.148006 22.964499 -0.02060288 -0.019324247 5.365761 0.5
25.433596 18.725038 0.030034842 0.014487879 0.445642 0.5
18.83175 3.2081814 0.00045592241 -0.0020588659 2.979068 0.5
18.957368 26.389305 0.0147102 0.0097242224 2.813895 0.5
24.925657 8.3176013 -0.0086031486 -0.019364719 4.039246 0.5
9.9070183 5.4153244 0.082832316 -0.12234232 4.602055 0.5
7.7446884 25.442587 0.016088817 -0.062112126 1.676583 0.5
12.477921 17.448792 -0.0047114032 0.017241523 1.207935 0.5
8.5461619 9.7874051 -0.020392443 -0.12117899 6.164191 0.5
7.3933504 19.13183 0.10041102 0.039554628 1.491784 0.5
15.587843 5.3797206 0.17189952 -0.073629937 6.269379 0.5
15.130527 13.508381 -0.025234236 -0.010982586 0.35856 0.5
18.964573 13.117632 -0.0083729598 -0.02402402 0.326238 0.5
19.518477 20.878801 0.01407471 -0.0186896 1.608548 0.5
2.5863073 6.8932904 0.10106657 -0.35463543 2.616667 0.5
15.578414 26.237954 -0.008374013 0.026580769 0.410672 0.5
15.9497 6.5182415 0.0001116309 0.010328321 3.210668 0.5
16.396165 16.214021 0.0084298862 -0.015934099 0.309541 0.5
22.165612 18.309216 0.028077968 -0.019237566 1.761874 0.5
4.3484485 21.331884 0.088151839 0.33729044 4.731547 0.5
16.426653 4.5570328 0.0056662167 0.0046304789 0.313065 0.5
23.776433 7.1511887 -0.0028729805 -0.032431812 0.087229 0.5
24.243393 18.72446 0.0078837115 -0.0094517848 5.713071 0.5
8.790814 22.761484 0.12058447 0.12529307 0.34983 0.5
21.147414 19.177524 0.012712213 0.01190193 2.015368 0.5
17.454391 11.483683 0.167139 -0.012901478 0.42176 0.5
10.759843 3.9534832 0.09245457 0.012578209 5.580866 0.5
8.2811992 8.5782422 0.059407749 0.079819658 4.066321 0.5
19.808177 14.447529 0.0095494115 -0.010714837 5.863794 0.5
5.2868301 5.8927786 0.014198503 0.12639174 5.355125 0.5
23.318323 14.061273 -0.0049209992 -0.012197172 5.404824 0.5
15.982116 22.583119 -0.034558124 -0.020909399 1.361005 0.5
16.140153 21.090199 0.046306591 0.0078434623 5.19755 0.5
14.149772 19.706047 -0.00087232692 -0.10353713 5.853071 0.5
8.7067411 26.131532 -0.019778783 -0.016583537 2.830697 0.5
6.2642028 3.0510165 0.071140253 0.0389175 3.251414 0.5
2.6690342 12.027243 0.10595926 0.28421123 3.305262 0.5
10.072951 14.315316 -0.017539554 0.01738938 3.841898 0.5
12.28749 21.377301 -0.016907136 -0.068321019 4.917041 0.5
22.912218 20.972117 -0.018226435 -0.014303701 1.726803 0.5
16.270072 1.7444098 -0.0011535015 0.0052685742 2.534849 0.5
16.253195 19.974131 -0.025264332 -0.047720152 1.985571 0.5
23.898733 20.400172 0.011372792 -0.03970965 5.636684 0.5
17.270489 17.044844 -0.0047335137 -0.017144454 0.642493 0.5
2.6157572 18.781019 0.083362511 0.038902428 5.796573 0.5
18.359358 20.401399 0.039865814 -0.0013626079 4.738871 0.5
12.499194 10.394165 0.18128023 0.11941759 1.568073 0.5
19.900865 10.383742 -0.0037646187 -0.0055856127 2.749741 0.5
7.7060277 14.449336 0.84432935 -0.28877178 1.171823 0.5
16.974687 23.681834 0.0070191212 -0.005352081 2.226958 0.5
6.2333977 6.8421289 0.37758336 -0.099520463 1.548545 0.5
22.102521 17.155716 0.0019796052 -0.011284488 3.653333 0.5
23.206462 16.637889 0.0030577323 -0.047735824 4.394256 0.5
19.130783 17.805815 0.017319272 -0.023647295 0.605652 0.5
5.7855389 11.590348 0.0032670874 0.0014279402 3.106146 0.5
16.711387 25.269565 -0.024585124 -0.060519775 3.095002 0.5
21.515115 12.464842 -0.0044098928 -0.0041757509 1.841384 0.5
20.688462 8.7851695 -0.014353158 -0.025265601 6.034028 0.5
22.419076 8.7462059 -0.0049221571 -0.012668812 1.857551 0.5
18.185822 21.524671 0.013442752 -0.061411418 1.702664 0.5
17.185761 20.689541 -0.012734538 -0.03695515 1.16125 0.5
14.74578 23.626697 -0.019327658 -0.068347276 4.720586 0.5
13.061241 25.565766 0.00055293237 -0.016317969 0.205718 0.5
4.0741191 5.3604471 0.099755389 -0.3497209 5.820667 0.5
19.972535 11.582044 -0.0062892485 -0.021596882 3.894129 0.5
11.952872 27.023676 -0.0035911773 -0.0077295916 3.074393 0.5
21.943996 3.4026937 -0.00051849413 0.0080908022 0.467747 0.5
20.271389 25.720703 -0.015105598 -0.0083347765 5.60533 0.5
20.688147 22.65208 0.039593594 0.022112437 6.227367 0.5
7.4286386 23.040942 -0.098606365 -0.034257174 5.177094 0.5
19.898132 24.544251 -0.010328793 -0.028538267 0.203779 0.5
21.204486 20.474058 0.017429608 -0.026884717 6.095105 0.5
17.701539 24.649246 -0.010560436 -0.039135168 5.150288 0.5
13.397522 5.8207104 -0.096110928 0.021425877 3.059892 0.5
9.6421251 3.8289412 0.0060491294 -0.065279843 3.692189 0.5
5.9869988 10.301345 -0.0040717744 -0.038726168 3.246869 0.5
15.063527 24.816233 -0.00063519796 -0.040595097 2.032293 0.5
7.2146002 16.47244 -0.013562534 -0.17267105 6.136396 0.5
27.233432 15.994593 -0.0015989975 -0.017048793 4.563161 0.5
22.467561 11.727323 -0.0049546426 -0.038741713 5.916686 0.5
10.4826 23.940438 -0.050043894 -0.020976354 1.344992 0.5
14.773153 21.851507 -0.019931138 -0.031957499 3.633442 0.5
9.4622972 11.075677 0.15120577 -0.012534976 2.78777 0.5
3.9944375 17.119934 0.10720017 -0.12358113 1.483056 0.5
24.857997 11.214103 0.0030294834 -0.027250912 0.879468 0.5
18.467792 14.453572 -0.0054986689 -0.021190199 4.923104 0.5
22.186985 23.2519 0.019542616 -0.018106717 5.350229 0.5
18.960944 19.108084 0.014321869 -0.01048315 1.508644 0.5
1.6280604 17.295645 -0.097152989 -0.20836819 4.32761 0.5
17.021273 21.935767 -0.012462278 -0.0056760358 1.3724 0.5
9.2907209 6.5114381 0.069348917 0.051002529 2.64206 0.5
22.174566 4.642159 -0.0018250977 -0.0025664668 2.466218 0.5
13.405726 3.8900104 0.014779871 -0.0064561634 0.69625 0.5
23.853522 21.679136 -0.016508993 -0.012219315 0.502972 0.5
5.455298 24.276304 0.34991667 0.20483238 4.066135 0.5
25.11909 7.0915058 -0.0033995632 -0.012742062 3.026607 0.5
22.248398 15.915171 -0.00606496 -0.010617312 6.171553 0.5
16.252927 17.935823 -0.022715628 -0.052763022 3.767955 0.5
20.175522 2.0673042 0.0027441673 -0.0046162907 5.349705 0.5
13.254317 14.528892 -0.016141546 -0.013641348 3.28374 0.5
3.9682141 9.9386467 0.23654438 0.080119402 1.964272 0.5
23.415429 15.453119 -0.014386889 -0.028675236 1.170799 0.5
5.1259321 7.1683997 -0.039627118 -0.050467476 0.802835 0.5
19.367956 9.3239066 0.0052250035 -0.00064360619 5.063896 0.5
16.260725 10.61746 0.049921281 -0.15343113 2.243796 0.5
17.814737 15.604377 0.0016275109 -0.0054208141 5.270568 0.5
4.4449262 23.272646 0.46339384 0.36092869 5.757172 0.5
26.00665 13.039573 -0.013273344 -0.00038400634 5.271397 0.5
7.9309087 7.1617138 0.00063510457 0.011583392 3.151318 0.5
23.995444 22.869684 0.007518922 -0.016673009 0.221595 0.5
20.658468 21.46839 0.0058583874 -0.0062136752 1.510648 0.5
23.195448 17.793773 -0.00021669272 -0.043235708 5.29405 0.5
7.1245051 9.3295642 -0.00076235983 0.030019658 2.737677 0.5
21.056017 15.184251 0.0054985792 -0.013174835 4.134415 0.5
19.302207 15.465422 -0.00687142 -0.040693114 1.432456 0.5
15.877167 24.02951 0.012486406 -0.046790194 2.840655 0.5
14.661236 0.5890264 -0.0025979011 -0.0041552733 2.899005 0.5
19.765417 4.5232814 0.0031938662 0.0023034108 4.137855 0.5
22.860992 22.324568 -0.0057889637 -0.034109298 1.992807 0.5
5.5643607 4.315778 0.15434629 -0.01702422 0.375558 0.5
24.401684 14.793709 -0.018179162 -0.031042699 0.629977 0.5
1.9935946 13.390289 -0.06185536 0.16510012 5.301885 0.5
20.580081 6.2677959 0.0043367743 0.0059904563 1.197725 0.5
21.869218 21.470527 -0.033657585 -0.023244033 2.939026 0.5
12.451413 8.7333509 -0.011821466 -0.077086543 3.912909 0.5
13.746531 8.2504365 0.075047768 -0.1113605 3.115045 0.5
12.626439 0.64451236 -0.0001607435 0.0026446083 1.662001 0.5
4.5199586 19.637305 0.61952579 0.14799353 0.131507 0.5
