# x y vx vy theta radius
11.277333 9.1797606 -1.9396196 0.79950132 1.5842536 0.5
20.520842 16.590798 0.024057272 -0.0095100214 1.764168 0.5
22.704552 12.528768 -0.28840282 0.078523342 3.951996 0.5
19.346471 21.227733 0.0024557245 0.021072411 4.259518 0.5
18.145302 26.600458 0.0085121663 0.024836716 1.882067 0.5
21.822086 18.236618 -0.054768688 0.13183332 0.92276 0.5
0.9383059 14.46046 -0.0029526976 0.003185751 4.981497 0.5
19.855765 12.304945 0.080879825 -0.036373368 0.663689 0.5
25.357241 11.789058 -0.10707087 -0.13002987 4.599871 0.5
12.44341 16.461933 -0.086126654 0.0018971786 3.315122 0.5
20.372747 19.191645 -0.063556164 0.031529326 5.224588 0.5
1.3012033 18.221816 -0.00063833354 0.0017561885 4.739779 0.5
2.2103232 14.878883 -0.12255183 0.02519861 0.624425 0.5
9.1321936 23.816679 -0.0059461714 0.014421113 0.734434 0.5
5.3770577 22.52132 0.0021085389 -0.0026026832 4.989084 0.5
4.0779591 5.3098534 0.0086987214 -0.0079917596 2.508867 0.5
19.734079 26.023704 0.028494497 0.083180604 5.939565 0.5
26.208268 16.149616 -0.085512948 -0.041910989 0.028815 0.5
20.960054 25.498885 -0.039683179 0.030954068 3.449449 0.5
14.774761 23.397565 -0.025635412 -0.069935614 0.592282 0.5
11.901961 14.795721 -0.10163163 0.58237626 6.045768 0.5
5.1319694 4.4474759 -0.0059692271 0.0089249515 0.890473 0.5
6.1192789 13.339542 0.0072328392 -0.0025413209 2.353219 0.5
11.490443 21.61703 0.0043998836 -0.0084907564 1.672869 0.5
6.2560541 21.791274 -0.001091298 8.4811407e-05 4.21507 0.5
3.20241 17.372771 0.0014548028 -0.00097787954 0.4829 0.5
7.0127025 6.2285212 0.0044575921 0.0014722101 6.274711 0.5
25.488256 17.394967 -0.068937839 -0.049154498 1.301021 0.5
15.935375 21.095667 -0.040079035 0.073550619 3.538852 0.5
2.0597053 17.367667 -0.00028642836 0.00101176 1.72413 0.5
10.381509 16.835281 -0.0067848405 0.015746147 0.779811 0.5
3.1194647 6.5169084 0.0051919734 -0.0050334266 1.209651 0.5
19.910699 24.735638 -0.073458628 0.028291103 5.377079 0.5
21.365111 15.470415 0.021778449 -0.010520634 3.122843 0.5
5.4771771 20.323406 -0.027767285 0.045793761 4.105439 0.5
27.30415 13.801302 -0.10722961 0.12367567 2.246795 0.5
5.9786154 17.515447 -0.0455953 0.015728217 3.468535 0.5
6.8187249 18.290492 0.027224469 0.040342417 5.532293 0.5
15.777231 5.5544431 0.068555243 0.041434867 0.531572 0.5
18.320686 20.396669 -0.0074893957 -0.041263918 5.261584 0.5
3.6971664 9.1496854 0.0018810283 -0.0014477427 0.040113 0.5
5.8300806 15.833567 0.0061517116 -4.0049335e-05 4.576591 0.5
23.096535 14.822605 -0.015989191 -0.044579721 0.209824 0.5
13.823379 21.918657 0.030167594 -0.0015206848 1.770879 0.5
3.0875585 21.251611 0.0048464033 0.0024639817 4.791815 0.5
13.578782 5.789147 -0.080201701 -0.27400991 2.522673 0.5
16.520719 22.204315 0.013735008 0.037788864 3.232151 0.5
13.002294 27.376006 -0.030690488 0.029368946 0.943125 0.5
6.1629778 23.405122 -0.046267488 0.032940302 1.031271 0.5
14.486021 20.950254 0.016723052 0.00019885394 1.523797 0.5
18.835456 24.183232 0.011405841 0.056380292 1.787492 0.5
24.585529 22.184128 -0.061871517 0.041438324 3.056837 0.5
24.317974 21.063111 0.067443485 -0.18604424 3.332967 0.5
10.316931 23.998083 -0.0026135772 0.053679489 3.889918 0.5
26.004192 13.694948 -0.1274257 -0.17602121 1.775857 0.5
7.4340047 19.249899 0.0039954503 0.00020193602 4.33857 0.5
9.2445453 26.438102 -0.011362242 0.0017544543 2.652322 0.5
15.695749 27.273047 -0.071077174 -0.064054502 1.360759 0.5
18.023589 19.260105 -0.055025174 -0.12815262 1.350476 0.5
18.146842 15.196113 0.0089524968 -0.1333669 3.139709 0.5
21.003815 24.212297 -0.047070254 -0.0072743819 3.877928 0.5
22.765503 22.666174 -0.044810244 -0.0046663065 4.111005 0.5
15.913825 7.0771329 0.0052985918 0.024669779 4.354529 0.5
10.947289 24.973002 -0.017928145 -0.028776924 1.958136 0.5
15.854955 23.098634 -0.094091773 0.11259878 1.935129 0.5
2.542096 18.471515 0.0022127338 -0.0037103704 0.983243 0.5
7.4020358 16.021594 0.0028316199 0.0045962099 4.524452 0.5
10.680693 26.952558 -0.026540855 0.0080063006 4.628506 0.5
0.91577233 13.174247 -0.0048200455 -0.00049553827 4.619789 0.5
10.514889 14.098471 -0.092680559 0.030850576 6.246698 0.5
10.135727 5.1748895 -0.11387174 0.060423271 2.597917 0.5
16.087957 12.336451 -0.039270028 0.02694835 5.540445 0.5
23.100393 21.554283 -0.028423616 -0.053664776 1.135786 0.5
2.6501024 9.7378412 -0.0034848942 -0.0085813382 0.649744 0.5
18.317262 21.873305 -0.091710156 0.01130529 4.647872 0.5
17.048251 18.474844 0.053549754 -0.035055073 3.116928 0.5
22.131659 20.629679 -0.032234556 -0.10288899 1.058365 0.5
21.929174 23.501442 -0.041251113 -0.052349213 1.223223 0.5
9.6428675 1.5583821 0.003437522 0.0013562708 6.185729 0.5
14.562562 4.2376242 -0.046908394 -0.19971103 5.03693 0.5
7.7711199 20.356343 -0.013746772 0.0016787924 0.158334 0.5
24.947954 9.3399784 -0.034163453 -0.080645586 0.09489 0.5
8.7693856 21.14865 -0.015131299 0.050557337 3.182579 0.5
20.527017 17.870218 -0.078723705 -0.010768975 5.999337 0.5
22.510712 19.420763 0.042156242 0.03395856 0.712677 0.5
8.2421863 4.3515568 0.0052469012 0.0043516304 1.70588 0.5
20.078638 20.399748 -0.081080583 0.0052672467 5.092516 0.5
8.734123 19.768821 0.007565109 -0.003347966 0.506989 0.5
13.560316 23.191088 -0.049008094 -0.075807501 4.452103 0.5
5.1892462 14.447984 0.014609206 -0.010469388 3.429354 0.5
18.219574 3.4050435 -0.024645805 0.0053231493 5.942963 0.5
20.861434 7.7329563 -0.22717708 -0.052460494 2.062723 0.5
8.107891 23.342707 -0.0417151 -0.0039697399 2.598321 0.5
24.938229 6.2240055 0.009901787 0.073044122 6.159219 0.5
12.566671 5.1151381 0.05455383 -0.0046311508 1.488917 0.5
19.855215 23.526911 -0.081554569 -0.009339694 1.927238 0.5
5.7690844 12.254433 0.0059828297 -8.4584198e-05 3.98558 0.5
4.8099498 9.3142009 0.0059511816 -0.0051255544 3.515453 0.5
6.0561378 19.356895 -0.0053773181 -0.0033502226 3.362574 0.5
2.1257328 8.0492873 0.001496259 0.00063235424 2.617045 0.5
20.90726 23.005487 0.012148769 -0.038118357 4.416501 0.5
14.134532 10.520777 -0.1044911 -0.13760811 2.357123 0.5
3.3923588 13.471336 0.0070102315 0.0047326352 0.027213 0.5
5.1433216 21.398607 -0.0010683402 -0.00081209462 3.270335 0.5
7.9317664 18.057171 -0.00020116386 0.018592322 5.133302 0.5
9.3951467 9.9365159 -0.0032106557 -0.0045163839 4.163048 0.5
4.6086007 13.158126 -0.021293283 -0.060553767 3.93618 0.5
1.4538033 12.036523 0.0075465079 0.0024607306 5.951127 0.5
9.4351593 18.620383 -0.054453416 0.034447468 4.082451 0.5
4.3823141 17.720846 -0.0017363575 -0.00095735531 1.780305 0.5
12.370605 23.220298 -0.035538424 -0.035624849 2.847882 0.5
8.917342 12.899642 0.023335183 -0.095119016 1.767937 0.5
15.043756 2.8214369 -0.025848827 0.075686599 0.00135 0.5
12.50431 19.848711 -0.091599347 -0.014517778 5.312468 0.5
15.168141 22.198622 0.042681697 -0.0075606834 0.320289 0.5
17.564273 25.607792 -0.048417207 0.037129893 0.581132 0.5
26.051082 19.903091 0.062968583 -0.0055318753 3.087421 0.5
23.465685 13.495972 -0.038491048 0.069988791 3.560403 0.5
3.2438368 15.92416 -0.05495118 0.011151148 0.555117 0.5
12.036744 18.591059 -0.012671178 0.013430298 6.220608 0.5
21.982355 21.867111 -0.15107751 0.13493446 5.652715 0.5
15.504094 24.337974 0.072933413 -0.061841555 0.827952 0.5
11.115331 20.442518 -2.6240858e-05 0.0086824296 1.054048 0.5
16.833663 27.109527 -0.036791865 -0.079960208 0.319962 0.5
7.0960385 22.736344 0.017594174 0.020892244 2.464344 0.5
6.1658064 24.834459 0.0015644479 -0.0034991501 3.780782 0.5
16.940116 23.67012 -0.067765687 0.033973265 0.745414 0.5
13.959434 8.4734664 -0.16088818 -0.488878 3.348875 0.5
12.717101 22.133554 -0.014362302 0.0074013356 5.365761 0.5
19.88435 14.176382 0.022032398 -0.017952628 0.445642 0.5
10.234035 15.175589 -0.14026143 -0.0050204775 2.979068 0.5
2.900052 12.293728 -0.0021639953 0.0085473433 2.813895 0.5
14.172871 17.155124 0.034278421 -0.037434444 4.039246 0.5
11.539608 13.15324 -0.73404253 -0.10589224 4.602055 0.5
4.2039429 11.719785 0.0018762819 -0.0024907116 1.676583 0.5
14.696412 5.3701605 0.16888142 0.0068864561 1.207935 0.5
7.0602893 4.8856244 0.0021304383 -0.0026358594 6.164191 0.5
12.054573 1.3961553 -0.12952564 -0.048679036 1.491784 0.5
6.1076024 11.155811 0.0087441038 0.0055318491 6.269379 0.5
9.9947524 21.569188 -0.056143105 0.014478055 0.35856 0.5
2.0394301 16.181895 -0.0001448017 -0.00016757037 0.326238 0.5
16.934216 19.906245 -0.090563682 0.0027167149 1.608548 0.5
15.355842 14.367864 0.52377006 0.98010943 2.616667 0.5
12.899615 24.287772 -0.011853193 -0.0044672023 0.410672 0.5
21.256285 19.914462 -0.08201626 0.0062758329 3.210668 0.5
14.018928 24.264542 0.0034146591 0.011148545 0.309541 0.5
24.260037 17.849166 -0.057234699 -0.081249608 1.761874 0.5
26.62688 9.9898928 0.050154412 -0.048149619 4.731547 0.5
9.8946824 22.760589 -0.0005639723 -0.002224794 0.313065 0.5
14.928132 15.541159 -0.020737962 -0.0023142887 0.087229 0.5
3.1729342 19.75331 -0.0034839836 0.0027184301 5.713071 0.5
23.270441 20.416322 -0.044295696 0.021986399 0.34983 0.5
2.2574645 10.940735 0.0035254696 0.00092484367 2.015368 0.5
4.1714309 7.7903957 0.0037059877 -0.0054126518 0.42176 0.5
9.9170581 20.230533 0.017528393 -0.048969318 5.580866 0.5
14.606925 18.591669 0.0129813 -0.026010258 4.066321 0.5
19.897491 4.4861167 -0.02491634 0.018539832 5.863794 0.5
11.329841 26.034945 -0.020389302 0.011666634 5.355125 0.5
19.292881 18.669274 -0.027538959 -0.031528144 5.404824 0.5
8.8007843 2.8209481 -0.0017904249 0.00017230985 1.361005 0.5
1.7151921 19.38134 0.0018553225 -0.00097710262 5.19755 0.5
23.168296 4.8835354 0.24384229 -0.5338875 5.853071 0.5
4.5510796 19.611709 0.0010329241 -8.3860388e-05 2.830697 0.5
6.3450134 14.483751 0.004901335 -0.020884172 3.251414 0.5
3.5675673 14.591951 -0.00090648389 -0.014817523 3.305262 0.5
5.1735425 18.567567 -0.048819524 -0.039997905 3.841898 0.5
23.008676 23.878933 0.029994885 0.13006608 4.917041 0.5
1.5294271 9.83893 -0.0035049001 0.0032840418 1.726803 0.5
7.2267929 25.37472 0.0024408115 0.0019880935 2.534849 0.5
11.705145 24.123813 -0.0059044286 -0.0024215511 1.985571 0.5
5.7945206 8.5950625 0.0054717498 0.0066746455 5.636684 0.5
22.645658 9.4867548 -0.45250834 -0.25720309 0.642493 0.5
17.713141 24.49138 -0.14037328 -0.039914956 5.796573 0.5
25.242119 18.858989 -0.28193493 0.0064040479 4.738871 0.5
12.12619 25.232894 -0.041830189 0.017066046 1.568073 0.5
14.84571 26.305284 -0.023618705 0.018449507 2.749741 0.5
13.73712 26.526204 -0.074662708 -0.066029237 1.171823 0.5
14.516909 27.401439 -0.0036138111 0.052154746 2.226958 0.5
13.270923 25.352323 0.004863396 0.11799235 1.548545 0.5
9.166946 25.324044 -0.0056649148 -0.057884316 3.653333 0.5
15.674717 19.414468 0.002060712 0.0044721192 4.394256 0.5
7.095264 24.111616 0.00026980684 0.0020697867 0.605652 0.5
14.724596 25.147663 -0.11364811 -0.015651183 3.106146 0.5
11.571945 17.3372 -0.0020166564 -0.031304501 3.095002 0.5
4.9946636 16.773788 -0.034233381 -0.020352414 1.841384 0.5
9.2785625 17.093521 -0.014823383 -0.051274097 6.034028 0.5
11.766588 27.242488 0.0042754643 -0.042678514 1.857551 0.5
8.7820199 22.353128 0.040241849 0.016741328 1.702664 0.5
4.4456361 15.724437 -0.0034292089 0.013618249 1.16125 0.5
23.812749 15.777941 -0.034373816 0.052945443 4.720586 0.5
5.2104209 24.153161 0.0050120113 0.0047678583 0.205718 0.5
12.848987 20.980839 -0.0074901665 -0.08964787 5.820667 0.5
13.220183 3.4529146 -0.012565904 -0.0019779021 3.894129 0.5
3.8244367 18.74077 -0.012585051 0.031789012 3.074393 0.5
23.012117 18.221944 0.0020533785 0.067644641 0.467747 0.5
26.722457 15.107321 -0.047758762 0.053441331 5.60533 0.5
19.442618 15.341992 -0.020671003 -0.021368491 6.227367 0.5
15.847798 18.253502 -0.14032977 0.010551215 5.177094 0.5
24.753618 20.029105 0.1242032 -0.055670038 0.203779 0.5
25.470453 15.23479 0.052515494 -0.13501255 6.095105 0.5
6.574839 20.560071 -0.021531751 0.0026956496 5.150288 0.5
10.994215 3.4696249 -0.93875982 -1.0146702 3.059892 0.5
23.702284 7.5044351 -0.0093816351 0.042335135 3.692189 0.5
26.289321 18.424021 -0.17154577 -0.0050599406 3.246869 0.5
3.3904035 10.800361 -0.0026640203 -0.002251383 2.032293 0.5
11.269421 23.044904 0.0029267254 0.017642247 6.136396 0.5
3.7960322 22.212 0.0032359938 0.00089833559 4.563161 0.5
10.205425 25.837922 -0.0002657505 0.014594547 5.916686 0.5
8.6498073 14.099932 -0.023953086 0.00062455783 1.344992 0.5
12.494928 26.294275 0.0108554 -0.0095068789 3.633442 0.5
8.2216749 25.991259 -0.050248692 -0.021605873 2.78777 0.5
12.104324 2.6512455 -0.0021551915 0.011295719 1.483056 0.5
23.389153 17.013359 -0.040098829 0.015741549 0.879468 0.5
18.123441 16.746784 -0.070530152 -0.029034501 4.923104 0.5
8.5165054 16.197468 0.0083136665 -0.0026027567 5.350229 0.5
19.834062 22.349668 0.026487883 0.016909908 1.508644 0.5
17.586456 22.749233 -0.081994692 -0.024271999 4.32761 0.5
17.310219 21.083367 -0.053813182 -0.014782265 1.3724 0.5
10.124748 12.74941 -0.051570226 -0.085355575 2.64206 0.5
18.497957 17.858345 -0.030638687 -0.11827313 2.466218 0.5
15.789756 25.646168 -0.026656645 -0.037978344 0.69625 0.5
7.5638327 12.247686 0.0049293313 -0.0054466076 0.502972 0.5
24.861509 16.391467 -0.039068073 -0.0036856547 4.066135 0.5
7.4790683 14.740003 0.0080220774 -0.046344557 3.026607 0.5
27.157112 12.120858 -0.12456287 -0.050371325 6.171553 0.5
17.587995 11.522599 0.038519231 -0.0065106809 3.767955 0.5
18.558815 4.8285995 0.0010106211 0.01045357 5.349705 0.5
13.85626 20.035078 -0.1317335 0.22905189 3.28374 0.5
4.0797166 20.662868 0.003459611 -0.00085843327 1.964272 0.5
7.1290148 17.176026 0.011089145 0.0077897731 1.170799 0.5
18.754217 22.976865 -0.16987541 0.14524706 0.802835 0.5
8.2214416 24.606046 0.0032312499 0.0019232575 5.063896 0.5
23.827374 23.081971 0.022912239 0.00058803727 2.243796 0.5
11.022538 19.088787 -0.090156521 0.02732283 5.270568 0.5
16.613483 24.895794 -0.016095134 0.076074974 5.757172 0.5
5.599689 5.9121632 -0.0027703291 -0.0019322239 5.271397 0.5
16.875424 3.9718785 -0.067186157 -0.99899143 3.151318 0.5
13.391035 18.520525 -0.12340264 -0.0084300271 0.221595 0.5
11.726661 10.151835 -0.4669907 0.80251099 1.510648 0.5
19.479893 17.197322 0.023244382 0.022703839 5.29405 0.5
17.09778 17.19578 0.028750651 -0.064485296 2.737677 0.5
25.170722 7.3802668 0.0041431278 -0.32607783 4.134415 0.5
22.015453 24.717488 -0.00040054878 0.07473123 1.432456 0.5
4.3877917 23.354992 0.00074926922 -0.0019579664 2.840655 0.5
0.98398099 15.705471 0.0016052968 0.00091034546 2.899005 0.5
14.285101 1.4478684 -0.039184125 0.032535394 4.137855 0.5
25.476617 20.991761 0.0010664997 0.04443847 1.992807 0.5
18.85083 25.312575 0.0084776022 0.094488419 0.375558 0.5
7.6925021 21.484976 -0.01214839 0.011072706 0.629977 0.5
16.20932 16.427464 0.030464316 0.044336555 5.301885 0.5
8.4856322 6.0993229 0.00059785312 -0.0027801746 1.197725 0.5
2.2225269 20.43866 0.003741696 -0.00027382126 2.939026 0.5
20.786057 21.707073 -0.019295947 0.0081921062 3.912909 0.5
23.765173 19.248723 -0.052803107 0.051835421 3.115045 0.5
0.95338964 16.897329 -0.00015711118 -0.0028905781 1.662001 0.5
6.4076325 7.4713991 0.0076306683 0.004177869 0.131507 0.5
