# x y vx vy theta radius
16.318145 24.357345 0.53670669 1.2936187 0.79129467 0.5
10.937502 17.802672 0.056348131 -0.003565244 1.764168 0.5
20.252261 25.025348 0.13446733 0.1054538 3.951996 0.5
7.0168973 7.9821034 0.0033499552 0.003591158 4.259518 0.5
11.318337 25.409596 0.0034404402 0.0017991761 1.882067 0.5
19.659835 9.1893075 -0.006119268 0.0025388005 0.92276 0.5
18.370841 8.3286294 -0.007880612 0.0042706602 4.981497 0.5
8.1268699 8.868414 -0.0022038137 0.0014759505 0.663689 0.5
6.4248746 4.2794924 -0.011895106 -2.2230688e-05 4.599871 0.5
20.999248 17.491243 -0.0078365406 0.0074448126 3.315122 0.5
15.308788 5.1408148 0.0025554812 0.0040990497 5.224588 0.5
14.024624 1.5879279 -0.0020475948 0.0028402567 4.739779 0.5
21.955607 9.4987466 -0.0025914607 0.0017433548 0.624425 0.5
19.440645 18.497918 0.013663386 0.022452136 0.734434 0.5
19.591817 10.630225 0.0058568039 0.0092993756 4.989084 0.5
6.0854946 18.285741 0.15726491 0.1507103 2.508867 0.5
26.215642 8.6401564 0.0014875842 -0.0025051621 5.939565 0.5
24.885878 12.244498 0.0039334316 -0.0021786838 0.028815 0.5
8.7836687 14.413321 -0.0010650709 -0.00044651184 3.449449 0.5
13.939809 8.4441223 -0.0075802012 0.0075884423 0.592282 0.5
12.068728 4.1047821 0.0002287831 -0.0076850897 6.045768 0.5
14.158165 5.8949686 -0.0041051906 0.0059672374 0.890473 0.5
23.634128 11.47101 -0.0063480818 -0.0015361526 2.353219 0.5
18.404796 2.6480518 -0.0078346939 0.0067024622 1.672869 0.5
21.049464 23.184024 -0.02874154 0.02330855 4.21507 0.5
18.276122 11.052235 -0.0041009142 -0.0015172875 0.4829 0.5
18.39143 14.041098 -0.048033158 -0.020372463 6.274711 0.5
2.5366544 7.0321786 -0.015561474 -0.0045910493 1.301021 0.5
13.768043 15.435652 0.0020314256 0.0090016397 3.538852 0.5
17.144178 7.6558019 -0.0076006327 0.011293337 1.72413 0.5
0.7524113 14.007692 0.0041369741 0.0011017061 0.779811 0.5
15.649597 21.160702 -0.05514915 0.0049799619 1.209651 0.5
10.427547 2.233851 0.0007131842 0.0090050519 5.377079 0.5
6.7527857 17.086951 0.10433125 -0.10679845 3.122843 0.5
10.654853 1.1063655 -0.0062905891 0.003711241 4.105439 0.5
15.025603 10.361402 -0.0017553562 0.0076662957 2.246795 0.5
6.9706438 6.8049942 0.0076672131 0.0036571762 3.468535 0.5
17.716085 6.5944626 0.004271707 0.01077844 5.532293 0.5
10.452618 6.8447266 -0.00066860358 -0.00089457261 0.531572 0.5
22.427052 5.1166662 -0.0024856857 -0.00018517612 5.261584 0.5
22.495394 12.958455 -0.0062143682 0.0099376933 0.040113 0.5
15.064891 7.8704667 -0.0038070824 0.0035213918 4.576591 0.5
9.2284591 8.4968339 0.00093101942 0.0030788937 0.209824 0.5
3.4448545 17.611916 -0.0052437503 -0.11854357 1.770879 0.5
13.058287 6.1600929 -0.0021461507 0.0031791069 4.791815 0.5
2.92956 10.144868 -0.00047392562 0.0065180145 2.522673 0.5
4.7048745 6.82445 -0.0067404608 0.0026762814 3.232151 0.5
11.88259 14.515595 0.12733248 -0.13027327 0.943125 0.5
3.8704059 22.215666 -0.091590294 -0.15226409 1.031271 0.5
26.826394 14.300082 -0.0057078238 0.0054719364 1.523797 0.5
17.2761 8.9073478 -0.012035497 0.012505092 1.787492 0.5
27.214822 15.888855 0.011761603 0.0057874019 3.056837 0.5
11.59091 6.5342216 -0.0071689718 0.0019348634 3.332967 0.5
9.8083595 15.013674 -0.0022269751 0.01050602 3.889918 0.5
13.888027 9.6762803 -0.0021767992 0.004329607 1.775857 0.5
11.238748 3.1238738 0.0026982365 0.0037483339 4.33857 0.5
24.91597 16.209022 -0.0089510705 -0.020561726 2.652322 0.5
13.513797 2.6601677 -0.0035895469 -0.0037662054 1.360759 0.5
24.660732 8.5532807 -0.0089834485 0.0046831831 1.350476 0.5
15.020235 6.6837125 -0.0079958464 0.010923798 3.139709 0.5
6.4168774 11.378442 -0.0053719878 0.0024410212 3.877928 0.5
5.4861001 12.689455 0.0034427602 -0.0086487258 4.111005 0.5
2.3850552 14.939584 0.0033514163 0.0020947481 4.354529 0.5
11.046352 13.036584 -0.0063713834 0.0058841023 1.958136 0.5
14.422892 3.4051863 -0.0015665152 0.0091799284 1.935129 0.5
17.73558 3.8125463 0.0021762005 -0.0014332989 0.983243 0.5
18.666759 12.109762 -0.010954339 0.015380845 4.524452 0.5
19.512991 3.4149132 -0.0067279098 0.0040779127 4.628506 0.5
27.281597 13.120454 0.0019587831 0.00054109259 4.619789 0.5
21.144015 13.440706 -0.010040691 0.0068670721 6.246698 0.5
24.46042 10.450721 -0.0062629842 -0.00469456 2.597917 0.5
23.054924 10.439332 -0.012355845 -0.0031330815 5.540445 0.5
26.068058 16.31433 0.019396357 0.00068552067 1.135786 0.5
24.166735 7.4938342 -0.00084796861 0.0061674122 0.649744 0.5
13.456516 0.58039267 -0.0076061596 -0.005085458 4.647872 0.5
7.4627762 14.343105 -0.013716172 -0.01678567 3.116928 0.5
17.245384 2.6572252 0.0024949972 -0.0023376145 1.058365 0.5
7.2904819 10.574271 0.0018309757 0.0033577969 1.223223 0.5
21.478962 11.042434 0.00032156852 0.0036335037 6.185729 0.5
17.827013 5.4334424 -0.0030891556 0.0034701 5.03693 0.5
8.4683376 5.1674146 0.0051443449 0.0078708092 0.158334 0.5
25.707498 14.108404 -0.0025482383 0.0062593798 0.09489 0.5
25.087923 6.4701387 0.0023509967 0.0013052319 3.182579 0.5
16.330164 1.8752644 0.00029353344 0.0069687877 5.999337 0.5
5.2849884 11.280676 -0.0044958311 -0.0055358192 0.712677 0.5
21.563836 7.7925253 -0.00068957454 0.00050413347 1.70588 0.5
13.042942 5.008875 0.0025382951 0.0037217296 5.092516 0.5
8.9908606 3.9697313 0.0075348356 0.0011973937 0.506989 0.5
5.8001902 6.5510852 -0.0070603801 0.0037679616 4.452103 0.5
13.222623 3.8992891 -0.0036539758 -0.0002550257 3.429354 0.5
14.195839 4.6848507 -0.0033521733 0.0059980263 5.942963 0.5
9.8732075 4.8182045 -0.0069274893 -0.00128016 2.062723 0.5
16.2201 10.925834 -0.011209007 -0.0055681318 2.598321 0.5
2.4548807 12.518691 0.00056353708 -0.00065986612 6.159219 0.5
24.835122 19.036979 -0.013784753 -0.013784659 1.488917 0.5
16.122069 6.9815131 -0.0020564009 0.0010954578 1.927238 0.5
21.827165 6.4290247 -0.0031638625 0.0017662789 3.98558 0.5
11.497912 11.986338 0.012484758 0.0014325133 3.515453 0.5
1.8363996 9.6276604 -0.00016620866 -0.0014884457 3.362574 0.5
3.8284366 6.0128019 -0.0048461965 -0.0034471052 2.617045 0.5
3.6917486 15.974149 -0.020952356 0.0085949465 4.416501 0.5
20.953205 5.5668511 0.0013494462 0.0066394738 2.357123 0.5
10.107141 3.4374058 -0.0085422911 0.0010656633 0.027213 0.5
19.977493 7.984957 -0.0058823258 -0.0015499633 3.270335 0.5
6.2428319 21.791283 0.0015519944 0.001965493 5.133302 0.5
8.2024957 15.826037 0.0047135937 0.011765201 4.163048 0.5
25.327237 9.5080498 0.010370609 -0.0018839549 3.93618 0.5
14.589782 0.5885902 -0.0091380883 0.0019757718 5.951127 0.5
20.608283 10.003756 -0.0012531866 0.0065858272 4.082451 0.5
4.1564229 12.891076 -0.012309453 0.00086505002 1.780305 0.5
26.319273 18.74129 0.009780283 -0.015797437 2.847882 0.5
24.537692 13.360274 0.0013433805 0.0096160953 1.767937 0.5
5.3321815 9.4194004 -0.005741954 0.00586765 0.00135 0.5
20.099668 2.421466 -0.00091117023 -0.0028809558 5.312468 0.5
23.945046 18.223405 -0.037157117 -0.014552579 0.320289 0.5
10.506778 9.4736469 -0.0028516699 0.0003670207 0.581132 0.5
25.106801 17.536299 -0.00079190036 0.0030391989 3.087421 0.5
25.368122 11.119143 0.0053774625 0.00076997489 3.560403 0.5
21.290089 24.463349 0.069456743 -0.02804611 0.555117 0.5
13.189775 16.451988 0.00098031092 0.012076259 6.220608 0.5
22.923889 20.584609 -0.01413112 0.014695067 5.652715 0.5
18.850398 7.256071 -0.0099118826 0.0065638577 0.827952 0.5
16.130692 8.2380679 -0.0053085326 0.0024880176 1.054048 0.5
20.544914 15.778453 -0.0058674586 0.0075558035 0.319962 0.5
16.590303 3.6742061 0.0010662877 0.003689997 2.464344 0.5
3.6526938 7.3916591 -0.0063111746 0.0011534974 3.780782 0.5
6.8690883 9.1300589 -0.0018089122 -0.0033010184 0.745414 0.5
8.9812894 17.436223 0.00011938883 0.021067796 3.348875 0.5
5.0673137 5.6851342 0.0022530827 0.012532447 5.365761 0.5
5.6216939 14.013159 0.0068070475 -0.0025533843 0.445642 0.5
12.8606 10.505538 -0.0029861417 0.007060159 2.979068 0.5
20.851829 8.6960779 -0.00032712819 0.0064578143 2.813895 0.5
17.731129 23.319881 1.0037622 -0.22574636 4.039246 0.5
22.621836 15.025826 0.0099162568 -0.020873655 4.602055 0.5
8.3855708 6.3829315 0.0014838887 0.0034895066 1.676583 0.5
5.8495973 7.750664 -0.00013827757 0.00051414044 1.207935 0.5
20.127511 11.830801 -0.0044581261 8.0141833e-05 6.164191 0.5
13.959236 7.0555217 -0.0064425037 0.0061558765 1.491784 0.5
25.616709 15.23992 -0.0057632852 0.001069874 6.269379 0.5
9.2796942 20.198008 0.18131951 -0.24152022 0.35856 0.5
13.984614 10.85699 -0.0023793796 0.0064085678 0.326238 0.5
18.123572 24.487584 -0.0036061984 0.0069749563 1.608548 0.5
26.706271 9.861994 -0.0023394238 0.00052819025 2.616667 0.5
11.544715 7.7417467 0.0027676322 0.00083051546 0.410672 0.5
23.63086 12.633493 -0.00070807446 -0.0072381434 3.210668 0.5
21.155904 14.728544 0.0096716729 -0.016816211 0.309541 0.5
5.4324854 16.772913 -0.00047709624 -0.032090761 1.761874 0.5
12.095349 9.6147492 -0.00029003389 0.0032727774 4.731547 0.5
19.129963 23.8898 0.0013415174 -0.064352386 0.313065 0.5
17.270478 16.41343 -0.019086466 -0.061640025 0.087229 0.5
22.498735 11.688392 -0.0059198641 -0.0013874955 5.713071 0.5
15.77271 0.68558538 -0.00059335542 -0.0028984752 0.34983 0.5
13.771957 12.369782 -0.010875876 0.0069475264 2.015368 0.5
7.421599 5.5728748 -0.0076336504 -0.002066609 0.42176 0.5
17.984824 1.4988763 0.0024423437 0.00070753557 5.580866 0.5
16.473431 5.4208864 0.0017296341 0.0050341867 4.066321 0.5
22.848523 7.2521662 0.0022101511 -0.0011035181 5.863794 0.5
22.835713 3.9042775 0.0064345559 -0.0013428652 5.355125 0.5
16.933823 0.90082047 -0.0053626444 0.0040292329 5.404824 0.5
20.797006 19.862973 0.00055761569 0.011574503 1.361005 0.5
4.343611 4.8107485 -0.0012125037 -0.003807965 5.19755 0.5
5.2856958 4.190608 -0.0053435443 0.01035196 5.853071 0.5
4.3658373 10.610565 0.0022787272 -0.0014090275 2.830697 0.5
10.128437 25.196468 0.0094250216 -0.001240681 3.251414 0.5
23.37826 13.858865 0.0069266203 0.0016555365 3.305262 0.5
19.650583 13.120411 -0.0089773518 0.0056649296 3.841898 0.5
20.625796 18.574795 -0.011456273 0.002120918 4.917041 0.5
1.0040759 11.561458 -0.0025357736 -0.0053770065 1.726803 0.5
21.688093 3.0417421 -0.00034540629 -0.004782614 2.534849 0.5
23.662477 9.3348791 -0.0013508121 0.005783242 1.985571 0.5
4.5685549 8.1178512 -0.0082549122 0.0031991396 5.636684 0.5
7.4523928 18.316863 0.031259869 -0.081891322 0.642493 0.5
15.200987 9.0671612 0.00029746692 -0.0020637259 5.796573 0.5
23.684575 4.8536828 0.0011786018 -0.0023532997 4.738871 0.5
25.034337 20.766612 0.01686023 0.015015684 1.568073 0.5
8.3082951 3.0204611 -0.00039856652 0.0071217704 2.749741 0.5
6.3099473 3.048242 -0.00680941 0.0032150804 1.171823 0.5
23.645248 6.1422695 0.00021385317 -0.0018781495 2.226958 0.5
26.514812 11.083909 0.0045282923 0.0069189467 1.548545 0.5
25.878381 12.95904 -0.0084343029 0.0041460987 3.653333 0.5
4.6576941 17.740838 0.016349656 -0.053289335 4.394256 0.5
23.971689 16.901502 -0.035484686 -0.030082229 0.605652 0.5
9.0580291 11.366073 0.0032993255 0.0025439397 3.106146 0.5
11.274459 10.439491 0.00195042 0.004196746 3.095002 0.5
19.971718 4.9508281 -0.0062145614 0.0015235802 1.841384 0.5
15.601946 2.7678062 -0.005188867 -0.00092239257 6.034028 0.5
23.818017 22.762621 -0.076877383 -0.010305404 1.857551 0.5
19.764667 14.583824 7.6580021e-05 -0.020032054 1.702664 0.5
6.4131976 23.531281 0.02699059 -0.052891171 1.16125 0.5
15.202782 1.6907301 -0.0048932645 0.0052066018 4.720586 0.5
25.293781 7.6190327 0.00087640078 0.00034069473 0.205718 0.5
24.422149 15.0888 -0.0029984307 0.0059373074 5.820667 0.5
20.075451 22.337062 0.021015072 -0.12184962 3.894129 0.5
18.81603 4.508441 0.0029062748 -0.0055444966 3.074393 0.5
2.99894 13.652667 -0.012334139 0.004580652 0.467747 0.5
10.469663 11.445295 -0.0056849099 0.0041066583 5.60533 0.5
24.794864 21.86574 -0.012164715 -0.024224199 6.227367 0.5
9.4359351 5.8802748 -0.0032457244 0.001475251 5.177094 0.5
1.2423167 15.78187 0.0039041403 0.0064648422 0.203779 0.5
16.162339 9.7677909 -0.001996118 0.0034094224 6.095105 0.5
11.590897 1.9753031 -0.0053320119 0.004394662 5.150288 0.5
18.548915 9.5668384 -0.0077979623 0.0020860591 3.059892 0.5
23.436956 15.896313 0.0052875905 0.0039532404 3.692189 0.5
9.2680312 7.2959455 -0.0022115021 -0.0012315669 3.246869 0.5
25.824373 19.947149 0.0024304398 0.014683071 2.032293 0.5
10.666381 5.6429588 -0.0014703345 0.0031882054 6.136396 0.5
20.628948 3.6379473 -0.00064115253 0.0067060423 4.563161 0.5
3.6112655 14.789697 0.0051181753 0.0016753952 5.916686 0.5
12.356543 2.8661689 0.0012557969 -0.0014785345 1.344992 0.5
15.418776 4.0185705 -0.0054018281 -1.5308122e-05 3.633442 0.5
11.817416 5.4198316 0.0041210775 0.0035472439 2.78777 0.5
23.743971 19.335947 -0.00010199936 0.015324755 1.483056 0.5
19.9586 6.698417 -0.004301649 0.0044326625 0.879468 0.5
12.787623 1.6573715 -0.0038603056 0.0070424564 4.923104 0.5
8.1720596 7.6977783 -0.0016005352 0.012982645 5.350229 0.5
26.844635 17.344826 -0.001443831 0.010241992 1.508644 0.5
22.407031 18.70546 -0.010195901 -0.030416579 4.32761 0.5
22.231763 17.451069 -0.005008757 0.0094595767 1.3724 0.5
19.890202 20.650249 -0.00037586494 0.0053371049 2.64206 0.5
3.625344 8.7352233 -0.00053902122 -0.00016412452 2.466218 0.5
10.9468 4.4111191 -0.0023253024 0.0053728102 0.69625 0.5
10.994524 15.289372 -0.082868041 -0.089181556 0.502972 0.5
19.063678 25.795707 -0.033779333 -0.011114443 4.066135 0.5
5.2840808 19.420005 -0.002621382 0.013798999 3.026607 0.5
6.1291145 10.24253 0.0028038079 -0.00059277748 6.171553 0.5
22.119464 22.272461 0.052182165 -0.021229493 3.767955 0.5
19.082609 5.9763307 0.00080754091 0.0059706282 5.349705 0.5
2.2725494 8.5059831 -0.0047360528 -0.00010205496 3.28374 0.5
21.296857 12.25832 -0.0048442111 -0.00043505184 1.964272 0.5
10.338919 8.2868694 -0.00041737755 -0.0046317984 1.170799 0.5
19.172191 1.6640579 -0.0033809719 -0.0071976297 0.802835 0.5
22.472581 8.4889342 -0.0055978429 0.0038868259 5.063896 0.5
16.242368 18.411984 -0.023781922 -0.0074345102 2.243796 0.5
8.3399107 1.8224162 0.0041944287 0.0064990065 5.270568 0.5
11.926308 0.73426927 -0.0015441582 0.0092333409 5.757172 0.5
22.459788 23.907887 0.11515049 0.077668604 5.271397 0.5
17.382601 19.401672 -0.01538137 0.023022641 3.151318 0.5
12.495121 8.5485923 0.0017003806 0.0078243382 0.221595 0.5
9.3810686 13.184233 0.0034560306 0.0052771407 1.510648 0.5
21.485898 4.4147176 -0.0049886639 0.00088165211 5.29405 0.5
9.3942763 9.9871781 -0.0037459911 0.0022409797 2.737677 0.5
17.349921 10.239677 -0.0042883035 0.0038968724 4.134415 0.5
2.2315384 18.556006 0.0030504305 0.0054759783 1.432456 0.5
7.7626074 11.764451 -0.011080097 0.0046637379 2.840655 0.5
7.260558 2.4293883 -0.0075309106 0.0053794794 2.899005 0.5
12.864677 7.3138695 -0.0017768472 -0.00054021684 4.137855 0.5
7.5775362 4.31527 0.0029981767 0.0023314231 1.992807 0.5
6.296935 5.5314442 -0.0051236304 0.0096295079 0.375558 0.5
1.0418105 17.23708 -0.0046411414 -0.10933856 0.629977 0.5
15.054224 11.672518 -0.0081612702 0.0070098589 5.301885 0.5
3.7197773 11.712321 0.0062383515 -0.0025619806 1.197725 0.5
19.692862 17.141532 -0.011652802 0.011719519 2.939026 0.5
21.931738 16.295265 0.027063859 0.025110766 3.912909 0.5
9.3318619 2.5510404 -0.0062354423 0.0042661491 3.115045 0.5
9.4026369 1.4179751 0.00049079757 -0.00090045445 1.662001 0.5
15.944772 20.029932 0.18994341 -0.77968427 0.131507 0.5
