# x y vx vy theta radius
22.203602 4.5436617 0.19313148 -0.42702068 5.6984488 0.5
13.192513 2.1729262 -0.059843849 0.12663113 1.764168 0.5
6.2002927 10.601837 -0.0030683226 0.018419489 3.951996 0.5
5.7546726 4.7970233 0.0018839398 0.016876892 4.259518 0.5
2.8875292 6.6924884 0.01927203 6.2051075e-05 1.882067 0.5
15.048877 4.0059012 -0.31387877 0.22565272 0.92276 0.5
1.1809565 10.123884 -0.029728788 0.0042187768 4.981497 0.5
4.5558794 12.087388 -0.0046488936 0.020664152 0.663689 0.5
11.055303 20.822939 0.017246645 -0.02233534 4.599871 0.5
3.8153304 13.918718 -0.021887311 0.01763289 3.315122 0.5
2.5524259 12.297629 -0.0035966088 -0.0020353091 5.224588 0.5
2.9116961 19.211557 -0.056506105 -0.045898328 4.739779 0.5
19.446855 19.884689 -0.03571069 -0.079346867 0.624425 0.5
20.427301 11.255667 -0.16258482 -0.045870447 0.734434 0.5
16.303491 27.137625 -0.080260935 0.012408628 4.989084 0.5
7.0054094 16.621347 0.044160756 -0.015305175 2.508867 0.5
17.274739 13.826408 -0.0035768308 -0.012266967 5.939565 0.5
25.818478 8.3029849 0.027579338 -0.12346056 0.028815 0.5
5.3806957 21.410489 0.047256161 0.040786583 3.449449 0.5
18.026942 23.154983 -0.0024988058 -0.0094355667 0.592282 0.5
10.756581 6.5112324 0.023142794 0.14873078 6.045768 0.5
13.750334 21.754027 0.0012404496 -0.0018222598 0.890473 0.5
12.840455 17.780672 -0.0020160812 0.1366781 2.353219 0.5
16.709046 10.001977 -0.40443034 0.48402406 1.672869 0.5
1.0872962 17.522649 -0.0010079379 0.00061269407 4.21507 0.5
3.9018354 8.788267 -0.032954122 0.036657817 0.4829 0.5
21.450357 13.011254 0.049245393 0.24482537 6.274711 0.5
12.819766 24.083194 -0.028116925 -0.097812784 1.301021 0.5
5.6201629 17.343706 -0.01870408 -0.00037661006 3.538852 0.5
5.4696784 8.3892066 -0.0052292392 0.0099632986 1.72413 0.5
3.0309715 14.771063 0.0090633808 -0.023078727 0.779811 0.5
18.96865 3.8802407 -0.080484397 0.38439103 1.209651 0.5
7.9808891 4.7247793 0.012150621 0.062411741 5.377079 0.5
4.1489131 19.25162 0.0084729726 0.02187568 3.122843 0.5
20.472686 22.011239 0.0078119527 0.027293012 4.105439 0.5
9.6611257 17.14589 -0.048749102 -0.071098046 2.246795 0.5
10.783733 18.005474 0.011605462 0.023242222 3.468535 0.5
19.863392 5.5419568 0.15386959 -0.13993672 5.532293 0.5
15.547994 2.6493667 -0.0029539246 0.060530569 0.531572 0.5
4.6945863 18.21404 0.019464805 0.0051187284 5.261584 0.5
9.0259512 3.9302082 0.012226628 -0.018414723 0.040113 0.5
15.347123 23.172282 0.01144241 0.0330881 4.576591 0.5
18.505288 9.9705678 0.095904153 0.10435713 0.209824 0.5
16.217856 20.622483 -0.013887727 -0.016690531 1.770879 0.5
15.145158 27.384299 -0.014195431 -0.0089698726 4.791815 0.5
19.102119 15.461127 0.018244745 -0.047283622 2.522673 0.5
25.058638 12.061321 -0.068877939 0.14261273 3.232151 0.5
4.5831246 14.816328 -0.011349841 -0.029941087 0.943125 0.5
22.714419 11.747578 0.098161893 0.13877235 1.031271 0.5
11.946627 1.828459 0.055309827 0.020498518 1.523797 0.5
8.3278405 6.3894655 -0.12437357 0.26074688 1.787492 0.5
13.266318 8.0150108 0.036883852 0.10902877 3.056837 0.5
7.6355358 15.615006 0.004851983 -0.0030333672 3.332967 0.5
8.5526014 2.8927105 -0.13555834 0.11358317 3.889918 0.5
13.956429 4.2988074 -0.022233463 0.1779144 1.775857 0.5
11.057716 1.0495422 -0.047968962 -0.049646397 4.33857 0.5
8.5626927 10.567647 -0.0028530672 0.051224354 2.652322 0.5
4.9638446 22.498883 0.012973916 -0.015883083 1.360759 0.5
0.78127437 16.248725 0.012825849 0.043235752 1.350476 0.5
19.17116 2.1774031 -0.16492418 0.080966187 3.139709 0.5
10.642234 26.989077 -0.057821034 -0.037192178 3.877928 0.5
10.938814 7.9031061 -0.034839164 0.038541387 4.111005 0.5
19.638621 22.80938 0.0064949887 0.022498841 4.354529 0.5
15.357269 10.708397 0.086221747 0.50067576 1.958136 0.5
3.5701002 10.192303 0.0048681309 -0.015821421 1.935129 0.5
9.9459673 25.600557 0.025235388 -0.034065173 0.983243 0.5
17.182364 25.771138 0.0095906058 0.013313772 4.524452 0.5
7.6206312 3.6451107 0.032733363 -0.0019726249 4.628506 0.5
12.499564 21.224773 0.024143448 -0.0048310458 4.619789 0.5
11.756781 14.745573 -0.024970219 -0.071162188 6.246698 0.5
9.7902627 24.307365 -0.030309923 0.0098654422 2.597917 0.5
5.2748393 19.238608 -0.01461752 0.01748359 5.540445 0.5
10.987886 24.605976 -0.0059525604 -0.048296081 1.135786 0.5
15.022135 0.78199292 -0.088430046 0.18311501 0.649744 0.5
17.266478 6.47173 0.0169063 0.32321905 4.647872 0.5
8.4765286 23.953072 -0.024073284 0.014629914 3.116928 0.5
19.974137 23.885614 -0.032007895 -0.032732776 1.058365 0.5
7.3377874 24.331657 0.010989921 -0.0028081367 1.223223 0.5
1.6387291 15.511263 0.0080751581 0.0062718107 6.185729 0.5
4.141513 6.5328442 -0.024035742 0.018261445 5.03693 0.5
9.2864976 19.572004 -0.016451085 0.049170344 0.158334 0.5
12.188135 8.4289207 -0.15429689 0.096586644 0.09489 0.5
8.9423238 7.7796946 -0.038847085 0.19715221 3.182579 0.5
1.5758882 13.084808 0.0032375094 -0.007795766 5.999337 0.5
11.205262 12.228554 0.0033780763 -0.0066934535 0.712677 0.5
16.918301 23.717251 0.030550232 0.01336928 1.70588 0.5
7.3731409 13.049935 -0.037520834 -0.036739919 5.092516 0.5
9.405715 11.64607 0.026941316 -0.022766675 0.506989 0.5
14.992302 16.912719 -0.008309494 -0.0056628745 4.452103 0.5
19.840182 26.100454 -0.028631593 -0.0018502579 3.429354 0.5
22.228656 3.3752206 -1.4581932 0.23199789 5.942963 0.5
12.438841 11.702115 0.021971191 -0.0092889561 2.062723 0.5
4.6965278 13.227286 -0.011164432 -0.017464927 2.598321 0.5
9.1457702 5.6093298 -0.063824106 -0.037924261 6.159219 0.5
18.378205 24.813446 -0.0036053525 -0.051296 1.488917 0.5
24.267738 14.195448 -0.10853806 0.16699559 1.927238 0.5
12.729618 4.6302639 -0.11947617 0.11467641 3.98558 0.5
6.0231016 13.194787 -0.014109896 -0.0067863148 3.515453 0.5
22.375866 15.130068 -0.088505425 0.055828962 3.362574 0.5
10.691314 2.1400652 -0.11409218 0.1786236 2.617045 0.5
21.562667 21.661286 0.030847353 -0.0011631117 4.416501 0.5
22.304191 20.615248 0.008888478 -0.014009182 2.357123 0.5
10.232923 21.776717 0.0037977591 0.0049967592 0.027213 0.5
7.941409 18.849837 0.035352868 0.054081242 3.270335 0.5
2.6731494 8.893922 0.0025016259 0.0085707632 5.133302 0.5
5.2611351 6.9837382 0.033198088 0.11613914 4.163048 0.5
10.494478 23.079101 -0.066978158 0.054872624 3.93618 0.5
10.438031 15.528541 0.038685787 0.049467705 5.951127 0.5
24.518631 22.297567 -0.074460234 0.036693588 4.082451 0.5
23.922694 21.217329 -0.38108905 0.20509027 1.780305 0.5
16.647959 4.9112599 -0.066291928 0.25941799 2.847882 0.5
6.5790093 4.0406067 -0.13546172 0.10105594 1.767937 0.5
7.6933245 21.340017 0.01495106 -0.0021471145 0.00135 0.5
9.3583635 22.804394 -0.007348457 0.018501083 5.312468 0.5
4.5849552 20.505812 0.0025050596 0.074929303 0.320289 0.5
2.3557061 18.120119 0.0045298082 0.002396937 0.581132 0.5
3.8213446 22.746112 0.033590225 -0.031908147 3.087421 0.5
16.76316 16.121571 0.0024268743 -0.026615955 3.560403 0.5
9.5478236 2.3456956 -0.025800443 0.014673518 0.555117 0.5
4.939233 5.6369639 -0.0006329283 0.0081657724 6.220608 0.5
15.392321 25.910822 -0.085103015 -0.022310483 5.652715 0.5
6.5054147 22.070202 0.02156353 0.012996608 0.827952 0.5
8.8578671 18.005006 0.0037901346 0.0017702884 1.054048 0.5
10.813969 5.3697275 -0.2887966 0.31172758 0.319962 0.5
3.2119008 7.8419223 0.015453947 0.099408793 2.464344 0.5
1.069261 11.302685 0.01022443 0.015507173 3.780782 0.5
14.792623 8.4677287 -0.063467945 0.17456558 0.745414 0.5
2.7155536 15.886378 -0.011890578 -0.0056618153 3.348875 0.5
22.414069 13.893855 -0.23526144 -0.074413791 5.365761 0.5
1.6895526 14.345878 0.0127447 -0.0074943306 0.445642 0.5
18.387005 26.666482 -0.00090892006 -0.011428954 2.979068 0.5
16.553589 3.2849331 0.1437798 -0.028385692 2.813895 0.5
6.61729 8.2465636 0.0046440767 0.034673144 4.039246 0.5
20.129469 4.1179085 -0.077707549 0.10240816 4.602055 0.5
1.5409142 9.0105507 0.0024062206 -0.0063477155 1.676583 0.5
23.533866 20.134888 -0.064381537 -0.16897111 1.207935 0.5
5.5825799 3.551683 -0.012589415 0.030059071 6.164191 0.5
10.518078 19.524918 -0.011508495 -0.034157425 1.491784 0.5
0.67966237 14.86654 -0.026755936 0.06500982 6.269379 0.5
11.39416 26.040695 0.036876759 0.025174216 0.35856 0.5
6.0368414 23.145024 -0.0053341116 0.01405116 0.326238 0.5
15.872937 5.7518415 -0.17949952 0.049118292 1.608548 0.5
13.695915 25.683533 0.036228824 0.012804086 2.616667 0.5
16.795958 1.8575366 0.19127442 -0.17198002 0.410672 0.5
17.846655 4.0631031 -0.11812852 0.095259918 3.210668 0.5
7.2940336 11.078341 0.018776159 0.0059769582 0.309541 0.5
7.3168962 25.652925 0.0044423224 0.0020290749 1.761874 0.5
17.852311 2.8188617 -0.11404418 0.11306613 4.731547 0.5
7.15555 23.210794 -0.050239466 0.0038689984 0.313065 0.5
5.6907078 11.776261 0.0090774338 0.0096129401 0.087229 0.5
13.247532 9.5343564 -0.058247588 0.36170232 5.713071 0.5
2.1886285 11.22028 -0.02798599 0.060770077 0.34983 0.5
6.2019907 15.414669 0.021521701 0.031615095 2.015368 0.5
18.538018 18.947913 -0.0052166033 -0.010549939 0.42176 0.5
6.2474556 18.461797 -0.0049183066 0.010091038 5.580866 0.5
2.0405482 7.874243 -0.0061187492 -0.032500693 4.066321 0.5
8.1069071 8.8519783 0.013177015 0.01037488 5.863794 0.5
3.3194442 11.351383 -0.010414771 0.024176876 5.355125 0.5
13.278866 19.552665 0.093732434 -0.016380258 5.404824 0.5
16.65096 22.566607 0.088435758 -0.037127104 1.361005 0.5
7.8287086 7.5691212 -0.075381474 -0.0044848555 5.19755 0.5
9.9290564 4.5922769 -0.016224355 0.0025814098 5.853071 0.5
9.8397402 8.446267 -0.027067996 0.05452825 2.830697 0.5
17.372131 20.123437 -0.046387778 -0.038837823 3.251414 0.5
12.043803 27.185104 0.00082276588 0.070048574 3.305262 0.5
20.82893 8.4491821 -0.65161187 0.97048898 3.841898 0.5
14.505754 1.7927069 -0.01126392 0.17182653 4.917041 0.5
9.9141967 1.2219373 0.048319663 -0.15188335 1.726803 0.5
14.027384 5.5570257 0.0015585808 -0.0049183676 2.534849 0.5
8.3137935 14.34869 -0.019354818 0.021023488 1.985571 0.5
0.59583857 13.740335 0.029063308 0.023161106 5.636684 0.5
10.714266 10.461295 -0.024077159 0.054179982 0.642493 0.5
22.254206 24.498813 0.025204553 0.024021726 5.796573 0.5
3.5015522 18.118482 -0.025586311 0.029143851 4.738871 0.5
6.9167612 5.1642791 -0.035327433 0.0069534207 1.568073 0.5
6.6422385 2.9147295 -0.03797723 0.12273188 2.749741 0.5
1.6765969 19.333974 0.0029756198 -0.0022135587 1.171823 0.5
17.147607 18.656816 0.034145388 -0.0062776654 2.226958 0.5
9.9353489 20.670298 -0.017686035 -0.00038397282 1.548545 0.5
4.6209478 23.615553 -0.012400114 -0.0060974247 3.653333 0.5
8.2931944 12.242273 0.05371478 -0.00041862243 4.394256 0.5
12.197398 0.71910007 -0.05349163 -0.10195069 0.605652 0.5
3.4314295 20.230936 -0.053039128 0.0022701339 3.106146 0.5
2.8756241 21.329213 0.0052177829 -0.0017443327 3.095002 0.5
2.0891853 16.979819 -0.047091037 -0.0019130718 1.841384 0.5
13.468014 26.974491 0.035991422 0.0094811518 6.034028 0.5
12.005158 5.54039 0.0867703 -0.04333245 1.857551 0.5
11.715411 3.3316296 -0.16686859 -0.10539224 1.702664 0.5
4.7398342 9.7524145 -0.006182637 -0.031760937 1.16125 0.5
3.8423462 15.759117 -0.031116305 -0.0093562199 4.720586 0.5
12.187027 10.408331 0.00070470686 0.005416237 0.205718 0.5
7.1941065 6.2721175 -0.35478908 -0.012706992 5.820667 0.5
4.6803545 4.4850296 -0.010077196 0.044342525 3.894129 0.5
13.620061 0.93037593 -0.10931242 -0.17430516 3.074393 0.5
18.755884 21.653646 0.0065081667 -0.005460414 0.467747 0.5
12.11486 7.0795916 -0.25702035 -0.043097947 5.60533 0.5
13.233242 3.3039691 0.066986442 -0.21815359 6.227367 0.5
20.106535 14.066898 -0.014435947 0.035986064 5.177094 0.5
11.291989 22.277508 0.040872003 0.036032986 0.203779 0.5
14.522892 6.935078 -0.0069571831 0.010836544 6.095105 0.5
16.147643 0.78817446 0.073471399 -0.0031832319 5.150288 0.5
19.454349 7.3253698 -0.30628347 0.44765845 3.059892 0.5
3.2742974 16.979641 0.0030332726 0.0079467247 3.692189 0.5
6.7774809 12.095444 0.009899976 0.0075996769 3.246869 0.5
20.996231 16.977723 -0.05625574 -0.036587534 2.032293 0.5
3.5712648 12.807867 0.0036313265 0.00049424397 6.136396 0.5
6.4340177 19.608644 0.021266241 0.012128895 4.563161 0.5
9.4459516 12.773016 0.059547159 0.043523448 5.916686 0.5
8.944556 15.337362 0.032011597 0.026461322 1.344992 0.5
11.647825 19.698422 -0.0080633282 0.0066812226 3.633442 0.5
8.8315929 25.180581 0.0008402214 0.00030902282 2.78777 0.5
12.902985 6.1985735 -0.15957338 0.06236669 1.483056 0.5
17.159933 8.3742715 0.075192865 0.21356157 0.879468 0.5
7.1744545 17.737165 0.022722581 -0.021830728 4.923104 0.5
2.1955651 20.356293 -0.0022785936 -0.028771104 5.350229 0.5
3.8268807 5.2692 -0.033919647 -0.054109422 1.508644 0.5
4.4834211 10.961532 -0.013255071 -0.042254252 4.32761 0.5
6.0635307 9.3668747 0.013000035 -0.0054051862 1.3724 0.5
10.48689 3.2813826 -0.069967799 -0.068007754 2.64206 0.5
8.8241864 21.192976 -0.0056089355 -0.035106005 2.466218 0.5
7.0922009 14.259449 -0.027181014 0.02009593 0.69625 0.5
18.068538 1.5454085 0.27581411 0.0056433327 0.502972 0.5
22.236146 18.93993 0.072494742 -0.036345972 4.066135 0.5
8.6367147 1.7105961 -0.16219629 -0.061062696 3.026607 0.5
21.119176 23.829114 0.030807393 -0.018056753 6.171553 0.5
0.70038741 12.374 0.020525114 0.00081977114 3.767955 0.5
12.685724 16.065319 -0.05006241 -0.0041438668 5.349705 0.5
2.5981976 13.619523 0.046211507 0.0013866071 3.28374 0.5
7.2287927 9.8683123 -0.011702445 -0.0093157533 1.964272 0.5
2.3150139 10.024382 0.06640467 -0.011816568 1.170799 0.5
6.4755401 7.1147538 -0.054595613 0.019606026 0.802835 0.5
6.6964003 20.71155 0.00043297248 -0.017804982 5.063896 0.5
15.403225 24.775865 0.041592337 0.0010235468 2.243796 0.5
6.0157846 6.0688308 -0.0054264112 0.0012723982 5.270568 0.5
19.691086 24.994046 0.044633322 -0.0045226977 5.757172 0.5
4.0474925 21.615024 -0.0084378308 -0.0069496212 5.271397 0.5
18.390632 7.6160451 -0.82148595 0.48561515 3.151318 0.5
5.052623 15.978925 0.023840501 0.022101926 0.221595 0.5
8.3321225 16.695717 0.010210996 -0.036066789 1.510648 0.5
7.5818858 2.2341724 -0.072802097 -0.15549789 5.29405 0.5
26.173887 19.539561 0.023990522 0.33134988 2.737677 0.5
6.2166835 24.26453 0.05794755 -0.037750144 4.134415 0.5
11.573522 4.4670668 0.1952554 0.048855937 1.432456 0.5
9.4892276 26.6345 0.016575597 0.02516526 2.840655 0.5
20.436357 6.5195687 -0.0018212463 -0.0365005 2.899005 0.5
8.209522 20.094073 -0.026949274 0.02885715 4.137855 0.5
4.396598 16.978407 -0.028436823 -0.013870421 1.992807 0.5
13.972802 10.571677 -0.35884648 0.071786256 0.375558 0.5
21.119543 2.8400985 -0.025841633 0.13161574 0.629977 0.5
11.254826 9.5072261 0.099226851 0.3443612 5.301885 0.5
14.489183 13.757782 0.15153753 -0.082653671 1.197725 0.5
4.3624149 7.6853994 -0.02805955 -0.016780768 2.939026 0.5
9.6123788 6.6278157 -0.00027035031 0.11901173 3.912909 0.5
23.089062 16.086104 -0.04129853 0.1063665 3.115045 0.5
14.361764 2.9878782 -0.097153029 0.10587872 1.662001 0.5
5.7084986 14.405461 -0.021390903 0.030587541 0.131507 0.5
