# x y vx vy theta radius
15.962603 13.608212 0.94853865 0.087629407 0.34124507 0.5
16.251645 26.756772 0.019729904 0.00084912601 1.764168 0.5
17.169275 21.722726 0.029145878 -0.0311914 3.951996 0.5
6.2528103 4.4427975 -0.28407276 0.1113955 4.259518 0.5
12.105103 22.924483 -0.026951873 -0.022391357 1.882067 0.5
24.309601 20.886601 -0.0020147258 0.0019978961 0.92276 0.5
21.896262 24.685391 -0.013285362 -0.0089373004 4.981497 0.5
15.861405 6.1120952 0.017576707 -0.0032025944 0.663689 0.5
23.375798 18.889753 -0.00092045715 0.0038330345 4.599871 0.5
19.169208 7.3991084 0.05253049 -0.079178054 3.315122 0.5
19.123661 14.507061 -0.20958192 0.26420103 5.224588 0.5
23.376626 17.489058 -0.0029666736 -0.0026525024 4.739779 0.5
23.230347 22.883389 0.007394594 -0.0046086296 0.624425 0.5
9.9443679 3.1542811 -0.085628175 0.16029104 0.734434 0.5
2.8616389 8.716257 0.061023682 -0.036310871 4.989084 0.5
22.583767 20.549428 -0.019195419 -0.040415489 2.508867 0.5
13.386094 27.121339 0.0020449181 0.015161148 5.939565 0.5
21.771744 17.098384 -0.0027503524 -0.0025290869 0.028815 0.5
15.439196 7.382936 0.038722458 0.057202323 3.449449 0.5
1.7300244 8.523011 0.017343685 -0.039663331 0.592282 0.5
17.416781 9.025814 0.025112864 0.15502221 6.045768 0.5
3.2522723 10.234446 0.0056223744 -0.086435009 0.890473 0.5
16.676473 15.837901 0.055224653 -0.17173585 2.353219 0.5
12.705113 9.9378734 0.020869919 0.035610519 1.672869 0.5
27.257163 14.110918 0.00054206391 -0.0070687668 4.21507 0.5
9.8211597 8.6946656 -0.018742543 0.052821289 0.4829 0.5
7.1609078 2.7283547 -0.2777424 0.20290836 6.274711 0.5
13.442876 0.83691846 0.12588559 0.080722901 1.301021 0.5
8.4264801 7.9509075 0.033495457 0.0015334348 3.538852 0.5
16.56716 2.211385 0.076789551 0.028981441 1.72413 0.5
8.308538 18.474712 0.14656656 -0.038825159 0.779811 0.5
25.409719 19.014546 -0.0052537479 0.00086107382 1.209651 0.5
10.125748 22.084789 0.020908165 0.051774739 5.377079 0.5
11.118434 4.8315417 0.0044090642 0.15841442 3.122843 0.5
6.2879958 23.459135 -0.044763536 0.20215895 4.105439 0.5
13.111945 2.8852706 -0.016271691 0.037574175 2.246795 0.5
7.3269447 23.838346 0.20632637 0.076945068 3.468535 0.5
4.0881798 23.018209 -0.010905903 0.11753446 5.532293 0.5
19.860728 2.0077256 0.037726487 -0.024257386 0.531572 0.5
16.896225 23.663885 0.045787442 -0.0438274 5.261584 0.5
13.046778 8.1599735 0.008159914 0.0046559164 0.040113 0.5
6.5515226 5.6565671 -0.19118289 0.12925346 4.576591 0.5
26.706872 16.587555 -0.0026607042 -0.0073283544 0.209824 0.5
20.382648 9.3472273 0.20636168 -0.076160702 1.770879 0.5
26.565395 18.54407 -0.0033095566 0.0038128344 4.791815 0.5
6.5583343 7.6866835 0.17181215 -0.041429854 2.522673 0.5
22.047252 11.791259 -0.006949798 -0.00079369161 3.232151 0.5
13.257261 23.457046 0.032624933 -0.012112067 0.943125 0.5
5.3383348 16.841804 0.026168558 0.013493361 1.031271 0.5
11.050806 6.6045754 -0.058810322 -0.014770184 1.523797 0.5
22.438449 14.838465 0.20454299 0.073730017 1.787492 0.5
17.362413 4.135117 -0.064595773 -0.22722327 3.056837 0.5
12.757723 25.046394 0.019845212 -0.021427704 3.332967 0.5
6.7276414 20.951598 0.002538751 0.049607706 3.889918 0.5
17.60242 20.619751 0.070434618 0.14985868 1.775857 0.5
8.6555943 3.0242813 0.022525885 -0.18606107 4.33857 0.5
21.212691 21.494482 0.0011332489 -0.00058585946 2.652322 0.5
12.156911 5.3212168 0.0097115655 0.076951997 1.360759 0.5
7.5438521 11.603768 0.061589741 0.019998888 1.350476 0.5
6.2316742 24.722991 0.015801047 0.0098605945 3.139709 0.5
9.4667423 12.053806 0.070426494 0.03202107 3.877928 0.5
6.0212485 3.3276064 -0.019106622 0.0050187894 4.111005 0.5
12.734455 1.8140417 -0.18619998 0.084526246 4.354529 0.5
25.29145 20.317 -0.0038029893 -0.0022720007 1.958136 0.5
2.3851926 17.816032 0.10839849 -0.071415358 1.935129 0.5
25.067699 9.3303106 0.0011756382 -0.0020977601 0.983243 0.5
17.959711 24.850435 -0.0029477837 -0.00022153493 4.524452 0.5
15.036478 26.104913 0.030070866 -0.01106411 4.628506 0.5
1.2091219 15.823673 -0.051650891 0.0090797664 4.619789 0.5
21.318638 14.075673 0.064600314 0.073428432 6.246698 0.5
9.726373 23.430268 -0.010761832 -0.025518384 2.597917 0.5
2.6234792 19.640441 -0.0021918234 -0.018036609 5.540445 0.5
14.772856 18.408389 -0.038758398 -0.0050113122 1.135786 0.5
4.2053779 4.8723978 -0.0078791036 -0.01131381 0.649744 0.5
7.8624399 21.605727 0.046994902 -0.0073226638 4.647872 0.5
20.871481 19.802975 -0.0022438406 -0.0058262515 3.116928 0.5
1.3422048 9.8285515 -0.0037987927 0.0008153473 1.058365 0.5
4.5098964 6.3161856 0.0092113088 -0.017415964 1.223223 0.5
10.988301 1.41669 0.071707153 -0.038790161 6.185729 0.5
24.257454 6.7029301 0.091841495 -0.038225753 5.03693 0.5
20.751472 11.406887 0.19391493 0.21151373 0.158334 0.5
9.6820695 18.046739 0.050972869 0.010122087 0.09489 0.5
18.759672 3.8896945 0.1057411 -0.076755934 3.182579 0.5
10.708122 11.647261 0.06776908 0.011174547 5.999337 0.5
14.884753 20.668182 -0.16702384 0.014743595 0.712677 0.5
11.286866 19.000163 0.024114219 0.031640861 1.70588 0.5
7.7483255 6.4462946 -0.045566228 -0.0036061498 5.092516 0.5
26.043137 12.981097 -0.0051757555 -0.0051648953 0.506989 0.5
3.8126658 17.236677 0.11507309 -0.067848764 4.452103 0.5
23.175276 8.6278972 0.061018461 -0.024665731 3.429354 0.5
17.410059 1.0355865 0.03993767 -0.041473284 5.942963 0.5
18.534483 8.9892999 -0.11346445 -0.16636554 2.062723 0.5
11.818339 2.7414791 0.019384368 -0.13931045 2.598321 0.5
13.976985 2.0231558 -0.0010271351 0.0036674187 6.159219 0.5
13.547534 4.2232331 0.063483189 -0.089203383 1.488917 0.5
18.797669 2.6666012 -0.0042401837 0.059354229 1.927238 0.5
1.3357425 17.395696 0.03129885 0.020323441 3.98558 0.5
3.2584529 15.551598 0.16258011 -0.013421732 3.515453 0.5
18.754099 21.08973 0.058685182 -0.07062691 3.362574 0.5
18.329015 22.888008 0.0068145288 -0.0040812485 2.617045 0.5
12.138618 27.096025 0.017681713 0.0068079842 4.416501 0.5
14.374427 9.4086666 0.047438287 0.058049303 2.357123 0.5
15.368452 24.930873 -0.0026117318 0.0022229607 0.027213 0.5
15.426666 2.6976678 0.014965963 0.025904203 3.270335 0.5
26.011585 15.394131 0.0019926852 -0.00052605751 5.133302 0.5
22.942053 21.747314 -0.015913297 -0.044735371 4.163048 0.5
2.8720924 11.591925 -0.043112962 -0.0077270131 3.93618 0.5
2.1923933 12.560063 0.055926365 -0.12211561 5.951127 0.5
12.340204 4.0580264 -0.17561999 0.026997993 4.082451 0.5
17.495884 18.863287 0.018798131 0.0042726246 1.780305 0.5
7.0408172 17.895869 -0.067010491 0.081040611 2.847882 0.5
8.5920697 26.23858 0.0068998396 0.0048591708 1.767937 0.5
10.397385 26.883077 -0.0047687178 0.0039178357 0.00135 0.5
13.029644 20.121655 0.020335897 -0.0029967921 5.312468 0.5
26.165623 8.7012264 -0.0064455243 -0.004452898 0.320289 0.5
18.36269 4.9962784 0.098952555 0.097446771 0.581132 0.5
20.119005 22.153143 0.2782029 -0.019548032 3.087421 0.5
8.8493841 5.4738674 -0.0048580945 0.022626144 3.560403 0.5
7.3294195 8.7822016 0.0047595142 0.040761169 0.555117 0.5
18.037651 6.9859794 0.26818492 -0.020717233 6.220608 0.5
11.499324 8.8779147 0.041893518 0.039604639 5.652715 0.5
19.910422 13.634351 0.064813925 0.24074304 0.827952 0.5
5.3773373 5.426552 0.0035714065 0.029396581 1.054048 0.5
15.107511 1.6205674 -0.025647308 -0.038419701 0.319962 0.5
22.690698 6.0386249 -0.0011597212 -0.00084069128 2.464344 0.5
12.284385 21.007165 0.067774605 0.0077867056 3.780782 0.5
16.401909 3.3248868 0.11805287 0.062011993 0.745414 0.5
10.772901 24.023288 0.029592908 0.0091039047 3.348875 0.5
3.448162 5.7324813 0.0041759752 -0.0049566058 5.365761 0.5
5.2818337 18.976006 0.097766832 -0.0009593247 0.445642 0.5
20.293998 6.8221599 0.18482035 -0.32972263 2.979068 0.5
12.30489 0.70625881 0.11305336 -0.11274234 2.813895 0.5
17.378311 26.829288 -0.0059275714 0.0053986057 4.039246 0.5
4.9607199 10.536727 0.078024779 -0.013720926 4.602055 0.5
17.523697 13.952486 0.21994024 0.28195545 1.676583 0.5
11.812751 7.747114 0.06759356 0.096262112 1.207935 0.5
17.405041 5.9818841 -0.01924142 -0.16252111 6.164191 0.5
0.76203169 12.229252 0.090719084 0.03709346 1.491784 0.5
21.376453 9.9143367 0.26291656 0.16130941 6.269379 0.5
4.7710185 12.152596 0.0001667532 0.12116109 0.35856 0.5
23.490713 11.816087 -0.0031526562 0.0026171116 0.326238 0.5
23.669727 14.687985 -0.0040126409 -0.001250255 1.608548 0.5
19.14149 19.491865 -0.0052714017 -0.0037528457 2.616667 0.5
19.571429 23.630695 0.024872981 -0.016465605 0.410672 0.5
5.9235012 6.5959114 0.033763602 0.03918207 3.210668 0.5
4.2516255 9.5399358 -0.024732247 0.01117606 0.309541 0.5
27.321695 15.507959 -0.00011628359 -0.0069943756 1.761874 0.5
11.004829 20.234871 0.062816654 -0.0042457659 4.731547 0.5
2.5060886 7.477752 0.01761542 0.041614073 0.313065 0.5
24.765218 10.496285 -0.013832889 0.011059806 0.087229 0.5
11.124608 21.342296 0.017342611 0.024487678 5.713071 0.5
5.2524488 23.89164 -0.02985249 -0.0051427903 0.34983 0.5
12.271244 6.4987926 0.094289212 0.081720239 2.015368 0.5
9.8298676 20.986053 -0.089928964 0.037325037 0.42176 0.5
4.0841442 21.826288 -0.023259736 0.0083300987 5.580866 0.5
20.037933 12.454522 0.27676843 0.02378798 4.066321 0.5
15.533734 22.245417 0.080272208 0.26015194 5.863794 0.5
21.826422 7.9420409 0.010773102 0.0010097994 5.355125 0.5
11.187584 3.7412409 0.23912199 0.18478422 5.404824 0.5
21.451268 6.7366072 0.23984443 -0.13302161 1.361005 0.5
8.868984 20.280542 0.14348908 0.05594768 5.19755 0.5
3.7499979 13.422688 -0.018961603 0.025670288 5.853071 0.5
9.031145 24.54816 0.024033827 -0.0045579259 2.830697 0.5
9.9412002 6.0932879 -0.028437739 -0.10223957 3.251414 0.5
20.285306 17.210585 -0.0071942804 0.00038906729 3.305262 0.5
20.567799 5.6728199 0.1125456 -0.044754058 3.841898 0.5
17.544093 2.8747672 0.0059593265 -0.0039845464 4.917041 0.5
25.878747 10.823467 0.27152585 0.090223635 1.726803 0.5
7.4240495 25.39911 0.0092348595 -0.035471644 2.534849 0.5
4.1486038 19.183483 0.032457304 0.11478391 1.985571 0.5
19.832216 3.5041145 0.076605002 0.026776056 5.636684 0.5
9.7728459 1.3758737 0.029568378 0.16764876 0.642493 0.5
9.9189933 4.629783 -0.001100994 -0.0030255317 5.796573 0.5
23.1004 13.006911 -0.0028962326 -0.0013608534 4.738871 0.5
10.081317 10.334962 0.039523909 0.045319035 1.568073 0.5
8.8969211 6.7171187 -0.094285106 0.029668423 2.749741 0.5
8.6406656 22.536993 0.086356385 0.10629272 1.171823 0.5
21.425004 22.909808 -0.0023234303 -0.0035788304 2.226958 0.5
14.349729 5.2442267 -0.11722158 -0.007694903 1.548545 0.5
4.7341678 17.98954 -0.010022079 -0.037868458 3.653333 0.5
23.167935 7.120624 -0.012688449 -0.02318381 4.394256 0.5
12.347558 18.566434 0.042212549 -0.021639978 0.605652 0.5
6.5257098 19.678018 0.097687701 -0.019723335 3.106146 0.5
22.033938 15.885191 -0.025380845 0.06270362 3.095002 0.5
24.862548 15.730179 -0.0036889521 -0.0057016709 1.841384 0.5
23.648589 10.162334 0.015049003 0.037263402 6.034028 0.5
12.513382 11.201178 0.018208562 0.32600319 1.857551 0.5
7.3154026 3.8527679 -0.05990553 -0.09949101 1.702664 0.5
11.368457 17.5627 0.05517529 0.061742339 1.16125 0.5
5.4071069 21.109756 0.11934921 -0.027360201 4.720586 0.5
4.7783255 7.6037828 0.036142926 0.031373754 0.205718 0.5
24.529012 12.515257 -0.00031439772 0.00081857978 5.820667 0.5
13.651102 11.143412 0.039264502 0.044572793 3.894129 0.5
22.785649 4.6030949 -0.00019106882 -0.0015841866 3.074393 0.5
21.192828 2.7339522 -0.0011290459 -0.0010915266 0.467747 0.5
11.97056 24.201003 0.018532557 0.021827902 5.60533 0.5
3.7529048 20.720997 -0.055859888 0.074921245 6.227367 0.5
0.77107556 13.966469 -0.040006354 0.01607469 5.177094 0.5
18.214882 17.628027 0.097367165 -0.17538976 0.203779 0.5
16.217772 4.4710726 0.098733769 -0.03353109 6.095105 0.5
24.515865 17.631236 -0.0056736292 0.0010323568 5.150288 0.5
2.8220152 21.368759 0.025276339 0.0020367545 3.059892 0.5
20.513172 8.1445707 0.1246384 -0.20476593 3.692189 0.5
16.861922 17.405237 0.11393183 -0.11005805 3.246869 0.5
8.5959772 1.6968873 -0.01011846 -0.061650228 2.032293 0.5
19.379734 9.7613687 0.086455814 -0.20989849 6.136396 0.5
4.7548973 14.387737 0.093202949 -0.037569694 4.563161 0.5
20.597015 4.3490005 0.26824936 -0.15695908 5.916686 0.5
13.426392 5.967464 -0.064694388 -0.069884347 1.344992 0.5
8.6980324 4.3680639 -0.061968566 -0.047979786 3.633442 0.5
20.681413 25.348555 0.14736731 0.054651152 2.78777 0.5
25.360257 7.902798 0.0027084412 -0.0068560276 1.483056 0.5
23.318113 16.145173 -0.0030016202 0.0018365629 0.879468 0.5
21.633001 5.1642599 0.0011088125 -0.00024445248 4.923104 0.5
14.599502 0.61526482 0.085091258 0.083443115 5.350229 0.5
14.625403 15.427427 -0.3987034 0.9699832 1.508644 0.5
5.845538 13.159204 0.21403309 -0.0097527231 4.32761 0.5
10.719123 14.395911 0.11848536 -0.12242625 1.3724 0.5
18.412092 12.756711 -0.00087571863 0.0085882048 2.64206 0.5
14.24206 3.228211 0.10412721 0.093914609 2.466218 0.5
6.3525833 11.805143 0.051977832 0.032548618 0.69625 0.5
24.673624 22.052904 0.017735639 -0.002218332 0.502972 0.5
27.042193 11.119995 0.44385926 0.11320276 4.066135 0.5
12.723995 13.640422 0.0080899229 -0.043522208 3.026607 0.5
14.142178 22.064879 0.0070178224 0.025338407 6.171553 0.5
14.885259 27.347846 -0.027991412 -0.0022556402 3.767955 0.5
18.967732 5.9429435 0.098335872 0.0068052461 5.349705 0.5
7.7328556 5.0605677 0.033090917 0.11332597 3.28374 0.5
22.651849 9.6217221 0.12053493 -0.21145885 1.964272 0.5
19.397686 24.921335 -0.17647461 0.0035450415 1.170799 0.5
11.264791 25.810219 -0.016600266 0.017596267 0.802835 0.5
13.943524 25.632877 0.025067519 0.021052261 5.063896 0.5
8.6278551 9.3153259 0.033667092 0.029506797 2.243796 0.5
11.843123 16.147023 0.031064305 -0.082156051 5.270568 0.5
19.234652 11.185859 0.2359203 0.021370278 5.757172 0.5
9.6431817 19.264614 0.023098143 -0.0037187586 5.271397 0.5
24.334293 19.717141 -0.0059501307 -0.00019825621 3.151318 0.5
15.220685 3.8098633 -0.032967552 0.019819049 0.221595 0.5
14.530978 6.5465692 0.066362808 -0.076565225 1.510648 0.5
10.615902 7.8707119 -0.061429691 0.040107808 5.29405 0.5
1.5273373 10.987233 0.014583816 0.019249834 2.737677 0.5
22.013667 19.053198 -0.00045290362 0.00052901695 4.134415 0.5
18.711872 1.5101725 -0.030383728 -0.010018787 1.432456 0.5
13.680703 19.21386 0.023391981 -0.010932587 2.840655 0.5
9.8157149 25.743199 0.014126991 -0.0052723104 2.899005 0.5
19.626762 26.177019 0.024901005 0.26356755 4.137855 0.5
24.880816 14.399545 0.0026490519 0.0024706318 1.992807 0.5
19.473267 4.8972008 0.050770314 -0.13437875 0.375558 0.5
3.6964224 7.2629314 0.03113828 -0.094670313 0.629977 0.5
5.1507942 4.1608032 0.033331675 -0.020679036 5.301885 0.5
7.7033598 19.686194 0.041887273 0.018872755 1.197725 0.5
6.6407128 10.594254 0.028409354 0.045700727 2.939026 0.5
5.9592938 8.7297638 0.10321045 0.015891069 3.912909 0.5
16.073465 0.70395576 0.30242798 -0.00070015981 3.115045 0.5
21.713787 3.9244023 -0.0084931982 -0.004139527 1.662001 0.5
24.069895 5.5153032 0.0024407296 -0.002847625 0.131507 0.5
