# x y vx vy theta radius
4.543539 6.6745592 0.0010889477 0.51137496 4.1743992 0.5
19.793375 17.372303 0.028849926 -0.01989251 1.764168 0.5
4.1733845 23.138387 0.0088144682 0.011158901 3.951996 0.5
9.675187 18.004528 0.020730782 -0.055120924 4.259518 0.5
14.878799 24.099478 0.060400668 0.0045161686 1.882067 0.5
0.73496575 12.563176 0.020316002 -0.073152656 0.92276 0.5
17.25944 20.340596 0.11597552 -0.030965886 4.981497 0.5
8.2671847 23.887087 0.065404589 -0.056141163 0.663689 0.5
17.205706 15.443785 0.069173409 -0.010702153 4.599871 0.5
11.22818 11.076237 -0.015428398 -0.096897086 3.315122 0.5
19.994856 18.713726 0.020463212 -0.017843324 5.224588 0.5
15.82516 18.242916 0.034997587 -0.015656192 4.739779 0.5
9.0873259 21.70017 0.015572852 -0.028759771 0.624425 0.5
14.115047 22.922898 0.039728602 -0.023934204 0.734434 0.5
5.7094473 4.5012308 -0.18148278 -0.45753261 4.989084 0.5
3.2933476 22.12126 -0.10642032 -0.041760252 2.508867 0.5
8.1515443 25.015301 0.0054492331 0.043156189 5.939565 0.5
15.291898 22.985281 0.0089299952 0.0034803364 0.028815 0.5
5.8972384 21.402509 0.034352382 -0.01138446 3.449449 0.5
8.6577045 6.7895208 0.00011958125 -0.00024992447 0.592282 0.5
6.4957868 12.690626 0.084659559 0.048141064 6.045768 0.5
17.984268 11.596684 -0.0041454986 0.015430942 0.890473 0.5
1.9033523 14.685727 0.037945601 -0.1410797 2.353219 0.5
25.543974 16.748747 0.054626613 -0.040073725 1.672869 0.5
5.1709824 24.060703 0.024390335 -0.0031143437 4.21507 0.5
12.894794 13.771681 0.031522883 0.0036872903 0.4829 0.5
14.799032 26.195992 0.032781848 -0.062969089 6.274711 0.5
24.156109 16.78498 -0.018261254 0.050393115 1.301021 0.5
22.320609 24.553962 -0.0067789225 -0.0303523 3.538852 0.5
18.957839 15.506208 0.0057826969 -0.054891162 1.72413 0.5
11.879318 23.286742 0.085163548 -0.027869232 0.779811 0.5
25.649345 15.559663 0.0014746486 -0.003027991 1.209651 0.5
0.64255436 13.932833 -0.031146921 -0.051379341 5.377079 0.5
18.070183 24.483332 0.083939341 0.0055425754 3.122843 0.5
20.609731 21.600217 0.032276424 -0.0021184397 4.105439 0.5
6.3880661 18.599487 8.3894977e-05 -0.065570364 2.246795 0.5
10.655982 23.545458 -0.044065453 0.00045547059 3.468535 0.5
21.176779 19.238092 0.010778631 -0.0099958852 5.532293 0.5
10.222495 25.788368 -0.035929462 0.041996268 0.531572 0.5
12.10753 25.283992 0.029027825 0.0062557459 5.261584 0.5
19.686169 14.584574 -0.042474187 -0.01299089 0.040113 0.5
2.7397441 12.255239 -0.0089276628 -0.12313422 4.576591 0.5
20.120263 25.931894 0.041108915 -0.063838406 0.209824 0.5
19.616422 5.4901115 -0.015088115 0.07482607 1.770879 0.5
9.2927271 12.18879 0.017443998 -0.069574414 4.791815 0.5
7.3029145 23.163 -0.055538835 -0.052499391 2.522673 0.5
26.395468 10.828866 0.0041626166 -0.011152351 3.232151 0.5
6.6050948 16.112594 0.07646861 -0.13964627 0.943125 0.5
7.7516271 22.049082 -0.020875806 0.010514452 1.031271 0.5
2.4857557 16.868812 0.15419471 0.057715672 1.523797 0.5
9.5068111 20.620847 0.038884071 -0.0040417623 1.787492 0.5
1.9603239 8.0888385 -0.13477565 0.10919293 3.056837 0.5
4.5736097 21.879917 0.020707694 -0.013372053 3.332967 0.5
21.759629 20.748221 0.0022658978 0.0092972535 3.889918 0.5
10.647853 20.390403 -0.010329468 -0.028372751 1.775857 0.5
16.218805 6.5770975 -0.091768814 0.12940419 4.33857 0.5
16.785439 27.12958 0.10776762 0.04225383 2.652322 0.5
20.160309 24.75932 0.078486111 -0.076468157 1.360759 0.5
20.635315 8.0327562 -0.12718057 0.23501298 1.350476 0.5
7.5915588 13.311878 -0.058164869 -0.10604266 3.139709 0.5
8.4200904 26.123368 -0.0012105971 -0.055461971 3.877928 0.5
21.007205 17.855083 -0.0030955106 -0.024795362 4.111005 0.5
22.815308 22.551703 -0.026017803 0.00023297227 4.354529 0.5
15.775731 14.09125 0.021798785 -0.033883039 1.958136 0.5
10.277219 14.48012 -0.019835105 0.019769242 1.935129 0.5
26.687782 14.238537 0.00057424758 -0.0019882262 0.983243 0.5
24.844908 21.873509 0.051098385 -0.0158333 4.524452 0.5
22.989602 20.680974 0.072087913 -0.06481954 4.628506 0.5
13.690799 16.150932 0.026926105 0.050805512 4.619789 0.5
14.925051 12.920679 0.024105165 -0.13487228 6.246698 0.5
15.685128 21.880957 0.059794351 -0.039302117 2.597917 0.5
22.134214 13.549983 0.14778768 0.0059594778 5.540445 0.5
13.538228 14.932632 0.036245224 -0.031063197 1.135786 0.5
16.679965 2.2612685 0.03782789 -0.00086634554 0.649744 0.5
18.391087 20.108063 0.049134484 0.014305131 4.647872 0.5
3.7412941 21.069433 0.0017023811 -0.014476752 3.116928 0.5
11.963779 17.298184 0.074534677 -0.020452618 1.058365 0.5
13.22688 25.21842 -0.015240972 -0.054792294 1.223223 0.5
15.122116 0.61935197 -0.13007045 -0.15182146 6.185729 0.5
23.060026 23.687964 0.052171331 -0.072613789 5.03693 0.5
4.3675595 15.308386 0.0090763767 -0.043462933 0.158334 0.5
16.027961 17.111994 0.071326203 -0.019072617 0.09489 0.5
9.8424837 16.535618 0.05235858 0.0075557553 3.182579 0.5
18.380035 13.080442 0.055860242 0.0029103139 5.999337 0.5
26.243247 17.928779 0.057039637 0.070412987 0.712677 0.5
11.48129 24.33502 -0.0015017555 -0.025064893 1.70588 0.5
18.706543 18.985422 0.027697549 -0.011949666 5.092516 0.5
15.481665 25.106989 0.014017975 0.012948274 0.506989 0.5
22.617971 16.522067 0.074563925 -0.019172594 4.452103 0.5
21.62956 11.558573 -0.0084670164 0.011045377 3.429354 0.5
8.5989097 17.105315 0.054519939 -0.14476084 5.942963 0.5
15.557815 27.30021 0.06810774 -0.028757168 2.062723 0.5
12.08899 18.781355 0.074849035 -0.11385677 2.598321 0.5
9.30438 25.046676 0.075382397 -0.038739379 6.159219 0.5
17.910552 21.247813 0.040053358 -0.017140627 1.488917 0.5
4.7001821 17.496771 -0.0069665593 -0.0422774 1.927238 0.5
5.267323 8.9285748 -0.0075794139 -0.033315085 3.98558 0.5
16.265656 11.696396 -0.026812025 -0.094858761 3.515453 0.5
24.93013 10.166378 0.089981986 0.089527982 3.362574 0.5
5.113486 7.6255881 1.1674685 1.0555038 2.617045 0.5
4.1213642 14.12562 0.032627368 -0.013714817 4.416501 0.5
21.835621 22.012673 0.10705903 -0.060032811 2.357123 0.5
19.159099 25.250446 -0.027560119 0.03786661 0.027213 0.5
19.794493 22.365563 0.054552588 -0.078985285 3.270335 0.5
9.7260497 22.674177 0.023337402 -0.025306321 5.133302 0.5
6.2122711 23.597181 -0.045117128 0.037579491 4.163048 0.5
13.076717 19.836495 0.04533044 -0.090087919 3.93618 0.5
7.8725999 3.1949101 0.42644326 -0.7286719 5.951127 0.5
19.417378 9.2479868 0.13170857 -0.030422858 4.082451 0.5
18.696133 22.12992 0.044785062 -0.061516583 1.780305 0.5
15.083841 15.719715 0.11297137 -0.025839839 2.847882 0.5
7.5346806 10.482098 0.061915126 -0.036017065 1.767937 0.5
24.087141 22.814025 -0.00035178947 -0.019393024 0.00135 0.5
14.311547 19.542728 0.067271463 -0.1097961 5.312468 0.5
25.648648 20.668123 -0.00048223716 -0.00037589477 0.320289 0.5
17.797916 1.5554878 0.060282359 0.049019143 0.581132 0.5
14.352693 25.088271 0.028848603 -0.064034335 3.087421 0.5
11.78938 20.020525 -0.0076603184 -0.042824487 3.560403 0.5
7.4755586 18.894362 0.028522323 -0.1352428 0.555117 0.5
11.064734 22.489674 -0.042470293 0.00074922589 6.220608 0.5
19.154591 10.937246 -0.017118003 -0.04092043 5.652715 0.5
21.180822 25.355355 0.053001994 0.0014989616 0.827952 0.5
16.659807 24.917833 0.050750453 -0.013175863 1.054048 0.5
9.4395197 26.599577 0.014513592 -0.0072999309 0.319962 0.5
9.5916861 19.376545 0.043186647 -0.02673516 2.464344 0.5
7.5262981 17.387751 -0.019546843 -0.044395892 3.780782 0.5
23.551763 14.365972 0.082301187 -0.074524531 0.745414 0.5
11.460819 21.320116 0.11236873 -0.024214111 3.348875 0.5
4.086361 5.0463291 0.65921201 -0.22853428 5.365761 0.5
19.559819 19.934326 -0.015381059 -0.01533099 0.445642 0.5
18.476607 14.460157 0.086216244 -0.0082480576 2.979068 0.5
17.049644 26.030632 0.040390407 -0.0079692589 2.813895 0.5
17.914105 16.781654 0.075055004 -0.0037145951 4.039246 0.5
4.8920897 16.35933 0.062070363 -0.011911964 4.602055 0.5
16.743902 19.207746 0.11311792 -0.0361508 1.676583 0.5
13.427389 21.92071 0.045047229 -0.020696153 1.207935 0.5
4.3292404 10.107935 0.0033626144 -0.061941753 6.164191 0.5
11.35919 26.125304 -0.014509512 0.0083595474 1.491784 0.5
6.3238766 17.329589 0.039685645 -0.11034055 6.269379 0.5
15.946129 26.235444 0.077094745 0.044920055 0.35856 0.5
13.761543 24.052298 0.064457201 -0.031042532 0.326238 0.5
4.0625883 12.668197 0.10895637 -0.024251698 1.608548 0.5
20.857726 2.6374612 0.03387013 0.026333907 2.616667 0.5
21.173704 4.0801612 0.16933613 0.034536019 0.410672 0.5
20.978022 16.135251 0.0039965007 -0.031773735 3.210668 0.5
7.8094574 16.06037 0.016640145 -0.022456836 0.309541 0.5
15.453568 19.375817 -0.0047996444 -0.0053485759 1.761874 0.5
5.2078017 18.83993 0.098030185 0.014806099 4.731547 0.5
22.241465 19.705954 0.086368189 -0.014697784 0.313065 0.5
14.175352 17.231161 0.1367809 -0.028663757 0.087229 0.5
22.232489 15.016188 0.063172036 -0.014987273 5.713071 0.5
2.0183411 9.2818158 -0.0050913728 -0.057470323 0.34983 0.5
16.744387 21.349837 -0.0058933784 0.01161234 2.015368 0.5
13.276205 18.70367 0.042359437 -0.041990608 0.42176 0.5
8.5499932 18.523324 -0.076636901 -0.07879549 5.580866 0.5
4.6191035 11.611887 0.15038526 -0.011946401 4.066321 0.5
20.948534 22.774247 0.054843361 -0.022227319 5.863794 0.5
10.963389 18.049024 0.046068797 -0.09721722 5.355125 0.5
10.548643 26.918105 0.080119719 0.043463353 5.404824 0.5
26.456334 9.6584048 -0.16185796 0.14190707 1.361005 0.5
0.78196718 15.35876 0.034033876 -0.022339818 5.19755 0.5
11.297806 13.773087 0.048311223 -0.073414924 5.853071 0.5
6.374337 22.436375 -0.011879381 -0.019011987 2.830697 0.5
17.158638 23.631386 -0.059537626 0.026446917 3.251414 0.5
23.309142 17.613853 0.041262278 -0.0066920342 3.305262 0.5
5.3119884 22.906844 -0.045663393 -0.055776887 3.841898 0.5
8.6112444 22.775875 0.024452765 -0.014415739 4.917041 0.5
12.358529 14.969789 0.010348136 -0.069545326 1.726803 0.5
4.8761081 20.699148 0.0032416757 -0.057128105 2.534849 0.5
17.521946 22.287054 -0.044764915 -0.10751385 1.985571 0.5
11.651863 27.209408 0.0051167806 -0.010153237 5.636684 0.5
1.2177903 17.8088 -0.017597949 -0.057812591 0.642493 0.5
25.341494 14.128452 0.0022402122 -0.0022086131 5.796573 0.5
10.964923 19.264112 -0.050336293 -0.032926093 4.738871 0.5
17.89589 26.843247 0.070792137 -0.023236498 1.568073 0.5
12.539821 16.139007 0.026508534 -0.031880478 2.749741 0.5
10.33968 21.527278 -0.013344323 -0.0036799991 1.171823 0.5
13.579622 26.353927 -0.0021147952 -0.026352889 2.226958 0.5
7.1662779 24.315496 -0.013639819 0.038864752 1.548545 0.5
3.5347128 9.3217532 0.05163641 -0.022349855 3.653333 0.5
22.018928 7.6259562 -0.04403975 0.034727841 4.394256 0.5
7.0425216 25.493457 -0.017814093 0.026658464 0.605652 0.5
16.40549 3.522434 -0.030534304 0.12891138 3.106146 0.5
5.1944022 13.499109 0.15183611 0.050992517 3.095002 0.5
12.224323 22.219255 0.010721178 -0.017642892 1.841384 0.5
24.061637 20.358371 0.049983626 0.025659478 6.034028 0.5
18.085005 25.615209 0.0175506 -0.0009223844 1.857551 0.5
17.833944 8.2292508 -0.032204409 0.019935646 1.702664 0.5
25.054795 12.408232 -0.004719166 -0.0033126638 1.16125 0.5
21.164318 24.222009 -0.017822116 -0.037839157 4.720586 0.5
13.052161 27.396524 0.01469715 -0.030871591 0.205718 0.5
20.064108 13.058342 0.042947128 -0.023587404 5.820667 0.5
24.470103 17.874931 -0.0021602026 -0.0049021117 3.894129 0.5
2.3771306 10.676487 0.13495922 0.040970943 3.074393 0.5
2.6235329 18.030043 0.044937557 -0.025037838 0.467747 0.5
1.3679317 16.339722 -0.030809993 -0.044681643 5.60533 0.5
17.569241 10.522221 0.083069077 -0.093361538 6.227367 0.5
20.416549 10.990703 0.046443876 -0.087295551 5.177094 0.5
3.6030667 17.305595 -0.01593521 -0.077961805 0.203779 0.5
19.181288 24.054995 0.051760789 -0.00088491556 6.095105 0.5
14.253138 27.264784 0.048535531 0.02441488 5.150288 0.5
16.138898 20.398394 0.08185909 -0.084074932 3.059892 0.5
11.824406 12.159529 -0.014226884 -0.13985365 3.692189 0.5
7.2180041 19.999453 -0.034547673 0.011874025 3.246869 0.5
18.276284 23.372486 -0.014318133 -0.040381318 2.032293 0.5
13.00089 23.059726 0.00212457 -0.025450996 6.136396 0.5
8.3043678 20.90308 0.067638048 -0.06502105 4.563161 0.5
2.9682306 19.456027 0.0084319558 -0.08631713 5.916686 0.5
5.8357926 19.949336 -0.016369468 0.021329203 1.344992 0.5
6.5064739 11.04295 -0.072368789 -0.0780387 3.633442 0.5
17.174288 17.705118 -0.051146696 -0.020676447 2.78777 0.5
25.921476 19.572885 0.0033748226 -0.0012782404 1.483056 0.5
8.9978192 15.664481 0.05064093 -0.064480897 0.879468 0.5
2.7880085 15.577933 0.11839957 0.054588556 4.923104 0.5
2.9966234 14.13531 0.055802907 -0.091890917 5.350229 0.5
12.639586 24.266126 0.0015760538 0.034480678 1.508644 0.5
20.199552 23.617387 0.027641551 0.038147 4.32761 0.5
6.9933769 21.16006 0.011468533 0.029329572 1.3724 0.5
23.68703 21.732853 0.065468749 0.028816538 2.64206 0.5
20.640572 20.420273 0.026870279 0.040182909 2.466218 0.5
22.750342 18.694122 0.069975906 -0.069624173 0.69625 0.5
1.8933996 19.802524 -0.071432989 -0.042571695 0.502972 0.5
15.053969 20.766935 0.075347261 -0.086814232 4.066135 0.5
12.631642 21.040109 0.05190832 -0.058176625 3.026607 0.5
2.5562715 20.928733 -0.0040585787 -0.070642805 6.171553 0.5
10.340377 24.62019 0.0013179398 -0.059548832 3.767955 0.5
10.529459 5.7823955 0.063867605 0.042059281 5.349705 0.5
15.982119 23.912857 0.033005857 -0.050569453 3.28374 0.5
8.8726419 14.534439 0.094430748 -0.099913119 1.964272 0.5
12.463003 26.36838 0.029494228 0.0025867169 1.170799 0.5
10.9579 4.1823324 0.023573987 0.058160839 0.802835 0.5
23.910943 19.225317 0.050948343 -0.082755942 5.063896 0.5
6.0736815 24.771026 -0.004585228 0.066588462 2.243796 0.5
1.8624896 13.192719 -0.069739361 -0.20722639 5.270568 0.5
8.4369128 19.740607 0.026388747 0.046448112 5.757172 0.5
14.541738 21.823469 -0.0035498885 -0.044574822 5.271397 0.5
22.114499 17.655768 0.039340271 -0.045084378 3.151318 0.5
23.609541 10.978288 -0.10887263 0.10117436 0.221595 0.5
9.4694787 23.849912 -0.049022861 0.033762499 1.510648 0.5
5.5166595 15.167809 -0.059690459 -0.06895444 5.29405 0.5
16.467002 22.705847 -0.018492025 0.053902986 2.737677 0.5
21.979824 23.351657 0.052706302 -0.023303887 4.134415 0.5
19.162628 21.060665 0.04381226 -0.060269497 1.432456 0.5
6.6179884 14.195286 0.051401321 -0.16085892 2.840655 0.5
3.9188366 18.63579 -0.051148574 -0.10427482 2.899005 0.5
26.815309 15.495419 -0.001798286 0.00089122438 4.137855 0.5
4.3335406 19.721938 -0.025179076 -0.042888152 1.992807 0.5
19.056232 2.2427884 0.051635327 -0.13631665 0.375558 0.5
25.394171 8.0958033 -0.00048398842 7.1633906e-05 0.629977 0.5
13.747806 20.798736 0.040202478 0.010175479 5.301885 0.5
18.967239 26.44952 0.033790099 0.048561646 1.197725 0.5
14.554182 18.363721 0.010226602 -0.018181647 2.939026 0.5
16.479508 13.049201 -0.020259353 -0.0098008927 3.912909 0.5
11.151101 16.359083 0.1149859 -0.045614501 3.115045 0.5
17.098497 14.074061 -0.0025431449 -0.066489653 1.662001 0.5
17.866325 6.5006424 0.016101944 0.023787537 0.131507 0.5
