# x y vx vy theta radius
13.236284 5.204652 -0.018553683 0.51777556 0.97866845 0.5
7.1571324 13.299137 -0.0020639223 -0.0015301755 1.764168 0.5
3.1675001 21.953142 -0.00012890534 -7.3192061e-05 3.951996 0.5
11.84057 15.914441 -0.021912439 -0.033698667 4.259518 0.5
9.9017254 16.23929 0.0014646997 0.0030495913 1.882067 0.5
12.423507 1.3297027 -0.11222432 -0.18978579 0.92276 0.5
5.8609509 3.6395467 -0.060069806 -0.15101369 4.981497 0.5
5.5126846 11.835163 0.0020007936 -0.00088187875 0.663689 0.5
19.723171 23.210626 0.01075287 -0.0093796913 4.599871 0.5
2.7635004 13.484485 -0.0015482854 0.00022629451 3.315122 0.5
7.5203622 18.327299 0.00077812337 -0.0012051333 5.224588 0.5
14.64485 2.6324126 -0.050156843 1.0070583 4.739779 0.5
6.9340237 22.779915 0.0027021994 -0.0018478696 0.624425 0.5
13.004601 16.822503 0.0021599981 -0.001118618 0.734434 0.5
12.088751 3.6315423 -0.46907478 -0.72473179 4.989084 0.5
12.937586 23.297288 0.0045785156 -0.0065160195 2.508867 0.5
7.0235028 3.9441712 0.041946841 -0.1256108 5.939565 0.5
8.0713401 12.5989 0.0037974335 -0.001362844 0.028815 0.5
12.711791 26.240062 -0.0023655934 0.00083550542 3.449449 0.5
13.782606 12.361856 0.0033268161 -0.004091347 0.592282 0.5
14.615859 13.373688 0.0011613819 -0.00071803589 6.045768 0.5
6.1341703 8.5839401 0.0017688014 -0.002170672 0.890473 0.5
24.065577 18.960012 -0.093335235 0.006982988 2.353219 0.5
6.3025775 5.0265187 0.018238177 0.063985553 1.672869 0.5
13.503149 8.5214949 0.22388747 1.0034236 4.21507 0.5
9.4371117 14.085445 0.0021052885 -0.00043207446 0.4829 0.5
9.6434005 22.158084 -0.0091453682 0.0017475519 6.274711 0.5
10.614928 3.8691864 -0.25433943 0.61049699 1.301021 0.5
6.0519139 14.35632 -0.00076794781 -0.00025364944 3.538852 0.5
8.8379733 5.8146733 -0.11613862 0.044288494 1.72413 0.5
9.0157049 24.067676 0.00033286596 0.0037890776 0.779811 0.5
10.247908 5.6006732 0.034306559 0.39147952 1.209651 0.5
6.9080988 15.105386 0.0019740128 0.0035199721 5.377079 0.5
8.2616826 3.284379 0.030258715 0.09632813 3.122843 0.5
9.1486967 4.7203448 -0.11028336 0.11464294 4.105439 0.5
16.262652 23.294696 -0.024815158 -0.0034838494 2.246795 0.5
11.186289 24.860088 -0.0082049472 0.0013855532 3.468535 0.5
3.3254259 6.4727428 0.00062608532 -0.0027875161 5.532293 0.5
15.416065 27.292552 -0.011005941 6.9305233e-05 0.531572 0.5
2.7255551 20.884216 0.0011669803 -0.0010800389 5.261584 0.5
19.980815 21.737316 0.025549999 -0.02216887 0.040113 0.5
11.43205 19.316513 0.0018940657 -0.00084545276 4.576591 0.5
12.92071 9.7127924 0.0025536258 -0.003156549 0.209824 0.5
8.1288 14.139811 -0.00025304841 0.0022616804 1.770879 0.5
17.055023 24.782523 -0.012074573 0.0017333214 4.791815 0.5
5.8162469 23.272187 0.0017802058 0.0012828264 2.522673 0.5
7.6618079 8.1798119 0.028823094 0.022540937 3.232151 0.5
10.138331 24.443889 0.0011152019 -0.0050906336 0.943125 0.5
3.8996096 5.2874042 0.0011312694 -0.0024329729 1.031271 0.5
15.029284 23.845759 -0.0131245 -0.011428668 1.523797 0.5
12.85745 19.901933 -0.017839943 0.0086782458 1.787492 0.5
6.6422349 21.24546 0.00044818623 -0.0012678618 3.056837 0.5
16.625535 17.647497 -0.07594428 0.0062722885 3.332967 0.5
6.798794 7.4602769 -0.011471302 0.016345571 3.889918 0.5
12.119587 17.817299 -0.015940794 -0.012892262 1.775857 0.5
1.2704279 10.374129 0.0054308377 0.0009052022 4.33857 0.5
11.460104 26.060872 0.0024263644 0.0055458949 2.652322 0.5
13.995822 20.263613 -0.011703681 -0.01339162 1.360759 0.5
16.599569 27.163093 -0.018633996 0.010037076 1.350476 0.5
0.85867842 16.550024 0.0012136739 -0.00060949236 3.139709 0.5
12.979495 27.373053 -0.001941455 0.0040752967 3.877928 0.5
12.520415 14.796016 -0.00084426651 -0.0025968056 4.111005 0.5
6.7017402 23.975221 -0.00020797641 1.5689109e-05 4.354529 0.5
7.8448132 23.504567 -0.011035577 0.0055397291 1.958136 0.5
2.9531122 10.136762 -0.00052125159 -0.0007304006 1.935129 0.5
16.307742 19.667987 0.003363368 -0.0006111372 0.983243 0.5
8.8140072 22.937344 0.0056910767 -0.0040760044 4.524452 0.5
14.193291 21.893284 -0.014476739 -0.012336151 4.628506 0.5
17.222413 22.025118 0.0055137727 -0.0024825679 4.619789 0.5
14.633381 6.8326497 -0.14340758 -0.0061103255 6.246698 0.5
6.0188112 20.154407 0.00076900353 0.000884271 2.597917 0.5
4.2729856 17.253093 -0.0011825081 0.00079284727 5.540445 0.5
11.280891 2.98894 -0.21476084 -0.36125874 1.135786 0.5
8.8733839 16.768133 0.0016822941 0.0016219245 0.649744 0.5
16.112144 21.622504 0.0090302827 -0.0055076647 4.647872 0.5
23.937431 21.721122 0.015893803 -0.0043060006 3.116928 0.5
21.743334 18.706221 -0.039502095 0.039482342 1.058365 0.5
11.866731 27.167273 0.0015641427 -0.004572493 1.223223 0.5
10.186257 2.2827492 -0.699685 -0.22236082 6.185729 0.5
16.548485 16.199681 -0.26006768 0.11880861 5.03693 0.5
8.9881525 11.722844 0.0016334962 -0.00068704419 0.158334 0.5
9.0698111 7.2816897 0.11280522 0.10504063 0.09489 0.5
3.4766937 8.7604884 -0.00070794882 -4.0865416e-05 3.182579 0.5
7.3226459 20.336599 0.0016034498 -0.0010010574 5.999337 0.5
12.04732 24.046919 0.0021494573 -0.0073858934 0.712677 0.5
12.284938 25.189125 0.0018322758 0.0010560523 1.70588 0.5
0.68334933 14.298805 0.0013564463 0.0014466755 5.092516 0.5
9.2484512 19.860196 0.00056395713 0.0014045341 0.506989 0.5
10.740326 22.414503 -0.013582829 -0.0085909827 4.452103 0.5
9.2108485 15.291324 -0.0034323495 -0.0022661529 3.429354 0.5
11.412542 9.117935 0.0073733682 0.055665783 5.942963 0.5
20.65704 18.971434 -0.012090802 -8.0163639e-05 2.062723 0.5
7.8384582 11.316559 0.001185982 -0.0017872911 2.598321 0.5
4.8614825 8.3300822 -0.2504841 -0.0029206309 6.159219 0.5
5.6081771 7.4332409 0.025612074 0.036741318 1.488917 0.5
17.741206 16.928963 0.040847312 0.093179931 1.927238 0.5
13.431678 25.185098 0.00059491371 -0.0067696507 3.98558 0.5
18.056483 25.300345 0.002593191 -0.00079449289 3.515453 0.5
2.2280668 12.484599 -0.0038532327 -0.0030616037 3.362574 0.5
10.243143 25.603292 -0.00093660405 -0.0023320241 2.617045 0.5
5.4638333 19.122579 -0.00069296295 0.0028761884 4.416501 0.5
15.405473 25.806329 -0.0077966437 0.0019148004 2.357123 0.5
15.895576 24.708255 -0.0063995598 -0.013031085 0.027213 0.5
19.303541 24.378337 -0.01692222 0.057182873 3.270335 0.5
6.9660432 16.342296 0.002600223 0.00073966288 5.133302 0.5
15.184445 14.958016 0.0062832862 -0.013813757 4.163048 0.5
6.5627334 25.124393 0.00019400922 -0.0013974651 3.93618 0.5
8.6446253 26.191732 -0.0074069298 1.6391608e-06 5.951127 0.5
12.969689 22.172534 -0.0059632464 -0.0074687954 4.082451 0.5
5.0554685 18.067273 -0.0026096356 0.0045682252 1.780305 0.5
18.052266 24.163836 -0.021204831 -0.0095001502 2.847882 0.5
7.8958439 2.226785 -0.040100217 0.0036634777 1.767937 0.5
14.639756 18.941468 -0.0091709386 0.00080479019 0.00135 0.5
3.5842651 19.887044 0.002293423 -0.0018814242 5.312468 0.5
15.025752 4.6267211 -0.26896566 0.45810327 0.320289 0.5
4.8126919 4.1869717 -0.11442617 0.1397949 0.581132 0.5
20.761524 24.571399 0.00034770225 0.0044624841 3.087421 0.5
11.866808 20.525874 0.0028271336 -0.0035004499 3.560403 0.5
1.6262859 13.451442 -0.0001324728 -0.0024709735 0.555117 0.5
3.8522942 21.021407 5.1883611e-05 -0.00037768659 6.220608 0.5
10.762285 21.276159 0.0041660998 -0.0056463934 5.652715 0.5
10.824616 14.93778 0.0036532565 -0.0024643772 0.827952 0.5
5.9392136 13.081024 -0.0086924101 -0.0025793153 1.054048 0.5
11.329927 11.260696 -0.004118014 -0.00025521731 0.319962 0.5
22.515356 20.966765 -0.00735474 -0.010973921 2.464344 0.5
8.0475241 6.7744562 -0.072268692 0.06720856 3.780782 0.5
13.399981 15.563348 -0.012856413 -0.0069201713 0.745414 0.5
13.922114 14.362674 0.0047326244 -0.00075028374 3.348875 0.5
11.056768 7.9782318 -0.21973482 0.39455176 5.365761 0.5
7.1147707 5.7976071 -0.1284448 0.038246441 0.445642 0.5
5.0874496 16.45986 0.0026603762 0.00054122641 2.979068 0.5
4.0963906 10.260495 -4.0342445e-05 0.0010086715 2.813895 0.5
21.197095 21.971134 -0.0019781872 -0.0050388976 4.039246 0.5
10.971217 23.646172 -0.0078021329 -0.010382164 4.602055 0.5
14.579168 24.959638 -0.002123476 -1.3393175e-05 1.676583 0.5
3.8352499 7.4796973 0.0018103406 -0.00031804198 1.207935 0.5
15.792072 9.2036786 0.0010817931 0.082041207 6.164191 0.5
8.7173143 18.380766 -0.0007449375 -0.0016923035 1.491784 0.5
3.9892642 16.070673 0.00048143423 -0.001765827 6.269379 0.5
5.9457291 22.130131 0.0020011947 0.0021575606 0.35856 0.5
15.204555 22.417708 0.0064078757 -0.019067042 0.326238 0.5
13.702874 10.967537 0.0029660116 -0.0032499561 1.608548 0.5
9.643037 26.708486 -0.013849275 -0.013582677 2.616667 0.5
12.602975 11.587214 0.003396098 -0.0013196804 0.410672 0.5
1.5262719 18.930027 -0.00053171921 -0.0004094201 3.210668 0.5
10.749463 26.98073 0.0012243985 0.0094249992 0.309541 0.5
9.7983374 17.485005 -0.00096994157 0.00052647544 1.761874 0.5
9.6504945 20.996095 0.0025156015 -0.012197289 4.731547 0.5
5.1421787 5.2550895 -0.10474351 0.029679636 0.313065 0.5
13.800882 17.682695 -0.0091328082 0.011664702 0.087229 0.5
12.906467 7.0273149 0.045492144 0.27345276 5.713071 0.5
14.483428 9.036976 -0.11969473 6.4699345e-05 0.34983 0.5
1.9041665 11.331684 0.00098112616 0.0013632968 2.015368 0.5
11.911429 21.67005 0.0024505852 -0.023314615 0.42176 0.5
7.5773618 25.768205 -0.019959852 -0.0066082846 5.580866 0.5
7.7482584 17.15463 0.002886782 -0.0017191771 4.066321 0.5
25.761852 20.097368 0.029892638 -0.017522048 5.863794 0.5
14.36415 16.194265 0.012945366 -0.020611791 5.355125 0.5
15.763863 13.951544 0.0061052707 -0.0022462387 5.404824 0.5
17.646451 20.797461 -0.018330981 -0.021097042 1.361005 0.5
14.173377 26.028658 -0.0061128909 -0.011897803 5.19755 0.5
3.5142884 18.181685 0.00082139343 6.9570331e-06 5.853071 0.5
9.175138 25.20081 -0.004471943 -0.0026780931 2.830697 0.5
1.9594106 16.875403 -0.0036945344 -0.0011504284 3.251414 0.5
8.0665408 19.343817 0.0037011807 -0.0026271297 3.305262 0.5
20.660256 20.470688 -0.0052254836 -0.0045874572 3.841898 0.5
16.867995 10.57344 -0.14363669 -0.074506202 4.917041 0.5
3.8585324 13.756517 -0.0003419198 -0.00064150025 1.726803 0.5
5.9867719 15.775938 0.0030098927 0.00035686473 2.534849 0.5
8.5299517 8.8987379 0.0036975069 -0.002904597 1.985571 0.5
24.770979 9.94537 0.039524738 2.2752593e-05 5.636684 0.5
6.1299544 6.4102003 -0.1605695 -0.13341601 0.642493 0.5
6.0763916 17.06513 -0.0020054596 -0.0025518569 5.796573 0.5
6.7985991 2.7069078 0.0023728534 -0.00062407461 4.738871 0.5
10.147834 18.728912 -0.0026029975 1.0789597e-05 1.568073 0.5
5.0334729 13.865123 0.0020262525 -0.0011349154 2.749741 0.5
6.0249309 9.7818431 0.0010913464 -0.00048074056 1.171823 0.5
10.097284 10.664772 0.0025908952 -0.002620983 2.226958 0.5
6.8394264 19.303457 -0.0010417092 -0.00047048606 1.548545 0.5
7.6831987 24.623277 -0.00022072354 -0.0033968592 3.653333 0.5
10.389721 19.835437 0.0035114277 0.0019500712 4.394256 0.5
24.743968 20.852439 0.0016193734 -0.024860255 0.605652 0.5
16.714417 25.878147 0.0025839923 -0.0041824465 3.106146 0.5
8.2620288 20.995516 -4.2618377e-05 0.00098515168 3.095002 0.5
10.019032 8.4500173 0.058490503 0.090058151 1.841384 0.5
18.570196 22.660442 0.0051646982 -0.022895231 6.034028 0.5
7.8843223 22.056763 0.0050983433 -0.00063775912 1.857551 0.5
3.9479213 22.847661 0.00030464866 0.0021910932 1.702664 0.5
4.8671496 9.4435483 -0.0065297158 0.32983946 1.16125 0.5
17.404789 23.139102 -0.019540656 -0.00086909422 4.720586 0.5
3.1022867 16.994647 0.0022605733 -0.00015047994 0.205718 0.5
4.7266033 12.702812 0.0019981888 -0.0020902379 5.820667 0.5
19.621985 17.523198 0.0056817249 0.056564848 3.894129 0.5
9.0461899 1.8540362 -0.029880072 0.030899468 3.074393 0.5
11.407044 6.9392003 -0.92221439 0.033586122 0.467747 0.5
2.7987653 19.055388 -0.0017116116 -0.0005928243 5.60533 0.5
14.915757 20.916243 0.0040367952 -0.0057739559 6.227367 0.5
17.731474 26.555219 0.0052476742 0.0038421702 5.177094 0.5
5.6529483 24.44337 0.0020914392 0.0023060525 0.203779 0.5
4.315123 19.006904 0.0016959758 0.0033102757 6.095105 0.5
4.9968396 15.103863 -0.0012719765 0.00046310981 5.150288 0.5
14.267565 27.31532 0.00044831871 -0.004949142 3.059892 0.5
17.41137 8.0852105 -0.013647681 0.0039186866 3.692189 0.5
1.7480453 15.664274 -0.00091082247 -0.0012470551 3.246869 0.5
0.85977706 11.753193 0.0038684416 0.0022065224 2.032293 0.5
4.3733782 11.428542 0.00057565411 -0.0015336274 6.136396 0.5
9.1566847 12.944181 0.0015450406 -0.0010093781 4.563161 0.5
11.263447 4.9169799 0.32390524 0.27577528 5.916686 0.5
13.440634 2.0647208 0.15483142 -0.065186421 1.344992 0.5
5.2790425 10.718036 0.0023829586 -0.0020959835 3.633442 0.5
10.943262 17.814946 0.0015639517 0.0014187174 2.78777 0.5
11.291057 1.1867629 -0.010866001 0.022567352 1.483056 0.5
18.855705 19.427279 -0.022039153 -9.8529107e-06 0.879468 0.5
2.008135 8.1963764 0.00094463802 -0.00089006984 4.923104 0.5
1.8900862 9.3281957 0.0035017148 -0.0015778131 5.350229 0.5
13.787695 24.112617 0.0042405308 0.0029891381 1.508644 0.5
2.0785603 14.49516 -0.0028072261 -0.0024310585 4.32761 0.5
3.1151785 11.252793 -0.0011739987 -0.0031874253 1.3724 0.5
10.24133 12.18922 0.0040282984 -0.0024759141 2.64206 0.5
15.4712 17.793193 -0.0014736427 -0.0046339815 2.466218 0.5
12.484992 13.627182 0.00033578976 0.0016029077 0.69625 0.5
10.507868 13.589236 0.0026889491 -0.00071646093 0.502972 0.5
4.7616351 6.4615989 0.0031045072 -0.0010959044 4.066135 0.5
2.8713897 15.763102 -0.0022311668 0.00049425687 3.026607 0.5
7.3689695 9.5083347 0.0035537695 -0.0010532081 6.171553 0.5
3.6401885 14.943242 0.00036470226 0.0013276539 3.767955 0.5
19.114546 20.867685 -0.016065205 0.017073664 5.349705 0.5
0.62647475 12.9042 -0.00017904068 0.0012879497 3.28374 0.5
21.575274 23.462106 0.017113813 -0.017402609 1.964272 0.5
2.3409875 18.004393 -0.0024696477 -0.0014126724 1.170799 0.5
2.0582993 19.925936 0.0011960877 0.00014858585 0.802835 0.5
5.4016472 21.09433 -0.0024205371 -0.00095402207 5.063896 0.5
11.52514 12.88784 0.0032282607 7.3233689e-05 2.243796 0.5
3.4075141 12.559439 -0.001697114 -0.00081442874 5.270568 0.5
8.0127509 15.923768 0.00068660819 -0.003501509 5.757172 0.5
9.8780249 23.342844 -0.0013890382 -0.0011511539 5.271397 0.5
8.5625677 10.294238 0.0012326014 -0.0037840564 3.151318 0.5
10.944585 16.66755 -0.011366509 0.0088240982 0.221595 0.5
4.8249814 22.068254 -0.0042887674 -0.0018929969 1.510648 0.5
4.775308 23.739852 -0.0045031983 -0.005273517 5.29405 0.5
4.7391096 20.063481 -9.380777e-05 0.0033626799 2.737677 0.5
0.6438296 15.42547 0.00021131673 0.0010518006 4.134415 0.5
23.117971 23.011047 0.0083182083 -0.028735447 1.432456 0.5
19.108079 26.093088 0.016856517 -0.0066691725 2.840655 0.5
20.193415 25.785991 0.01175741 -0.010445387 2.899005 0.5
13.043795 21.012948 0.0025711125 0.01480942 4.137855 0.5
13.058547 18.539415 -0.0053618917 0.0034576782 1.992807 0.5
14.234872 23.049257 -0.010694541 -0.0025378494 0.375558 0.5
6.2464569 18.223058 -0.0013517171 0.0027596438 0.629977 0.5
11.907096 22.812692 -0.0026144261 -0.0083209687 5.301885 0.5
1.1880477 17.803456 0.0010298645 -0.0050079138 1.197725 0.5
6.7893417 10.853225 0.0021647419 0.00079264736 2.939026 0.5
7.8802523 4.9105809 -0.2718524 0.11929419 3.912909 0.5
23.526878 4.6504491 0.20221391 0.13194284 3.115045 0.5
11.672655 5.9140914 -0.84397307 0.27384691 1.662001 0.5
6.6763073 12.067813 0.00096846806 0.00092186658 0.131507 0.5
