# x y vx vy theta radius
10.419328 20.570783 -0.53540357 0.58405892 2.5675394 0.5
20.892284 6.1725324 0.016077232 0.0019128019 1.764168 0.5
8.9827078 2.8755575 -0.012536056 0.030584494 3.951996 0.5
8.6701047 10.843808 0.12613963 0.020827918 4.259518 0.5
10.601774 3.693156 0.029222244 -0.095013517 1.882067 0.5
21.450939 5.1824823 -0.00012637768 0.0054490766 0.92276 0.5
12.727164 13.255027 -0.01147616 0.05235977 4.981497 0.5
19.619768 7.9206192 -0.015109201 -0.00627959 0.663689 0.5
24.566565 11.749877 -0.0078006553 0.0027285836 4.599871 0.5
0.98661284 17.064718 -0.030940802 0.02297578 3.315122 0.5
11.752567 24.811898 -0.13419816 0.27859253 5.224588 0.5
21.148377 13.013981 -0.020140629 0.013079274 4.739779 0.5
1.8939359 11.362257 -0.0256485 -0.010710585 0.624425 0.5
12.36072 23.772962 0.13221391 -0.0089500363 0.734434 0.5
11.584 16.258344 0.29210412 -0.038760886 4.989084 0.5
7.4731505 22.724683 -0.24150409 0.8980325 2.508867 0.5
7.0493935 9.0230053 -0.019071691 0.064894869 5.939565 0.5
5.7458591 9.3189004 0.076154425 0.041619991 0.028815 0.5
7.4799819 23.886522 0.0019171122 0.16310995 3.449449 0.5
4.5299954 8.8249576 -0.025122907 -0.018030658 0.592282 0.5
19.928897 2.0395649 -0.010232596 -0.011721136 6.045768 0.5
25.515793 16.906473 0.034383914 -0.086619964 0.890473 0.5
2.8237339 18.636782 0.0010459597 0.022152596 2.353219 0.5
10.544465 13.8686 0.029839223 0.024770047 1.672869 0.5
17.996309 21.850768 0.10831194 0.034175174 4.21507 0.5
16.436257 0.79375853 -0.017117625 -0.00038357661 0.4829 0.5
8.3099981 1.928649 -0.055566075 -0.036156636 6.274711 0.5
24.506982 13.851628 0.020659319 0.006262931 1.301021 0.5
12.53251 4.1981433 0.026748877 0.030546885 3.538852 0.5
13.304621 3.3639374 0.012349079 -0.029353173 1.72413 0.5
4.5276454 21.019442 0.033064086 0.043136078 0.779811 0.5
9.6973243 16.495038 0.062922372 0.13772079 1.209651 0.5
15.536934 9.0079425 0.061831929 -0.14551134 5.377079 0.5
7.797108 6.5086744 -0.019660356 -0.035977193 3.122843 0.5
10.94953 10.98051 0.082601112 0.070674719 4.105439 0.5
13.488283 1.8437583 0.16578267 -0.075387529 2.246795 0.5
10.127806 4.9049166 0.084561289 -0.05143286 3.468535 0.5
4.3778531 14.170892 -0.0026554271 -0.052757581 5.532293 0.5
6.6140241 19.484165 0.072076217 0.0016469211 0.531572 0.5
6.8582124 5.732737 0.010399166 0.017340736 5.261584 0.5
22.959438 6.4514879 0.027702302 0.036577853 0.040113 0.5
20.484943 13.96048 -0.0046575035 -0.016271441 4.576591 0.5
23.660724 14.605939 0.024527676 0.03120782 0.209824 0.5
24.613571 6.1005708 0.0031029147 0.0051267564 1.770879 0.5
10.582262 12.464595 -0.044560156 -0.0098408274 4.791815 0.5
12.315668 5.5213291 0.066300019 -0.014643277 2.522673 0.5
20.710218 16.949919 0.25785023 -0.081290589 3.232151 0.5
9.9520247 22.973393 0.038681533 0.076344907 0.943125 0.5
3.3583675 5.9117691 -0.046756744 0.00090005391 1.031271 0.5
5.4474932 18.290255 -0.024568104 -0.01732139 1.523797 0.5
23.359942 23.298889 -0.14487791 -0.05003639 1.787492 0.5
27.023801 11.655756 0.021788966 0.0041062151 3.056837 0.5
25.435995 7.2824491 -0.0034747403 0.011982197 3.332967 0.5
11.440291 18.978008 -0.42133257 -0.026495073 3.889918 0.5
10.698701 8.4059311 0.065533147 -0.044327506 1.775857 0.5
8.9006263 18.012709 -0.21632233 -0.6768393 4.33857 0.5
15.384433 4.2043034 0.007980925 -0.0041944342 2.652322 0.5
0.71371866 15.979126 -0.012609074 0.042519384 1.360759 0.5
8.3975924 7.7844292 0.036038643 0.0072077903 1.350476 0.5
19.794853 24.474303 0.1127168 0.076105145 3.139709 0.5
5.0324977 4.0278765 0.066762228 -0.013969441 3.877928 0.5
18.595272 8.7967643 0.0025977796 0.03254102 4.111005 0.5
11.017373 7.0585838 0.0045942492 0.022901824 4.354529 0.5
1.6923049 18.43989 0.057672661 0.020265889 1.958136 0.5
18.784657 18.744789 -0.17596058 -0.14772205 1.935129 0.5
2.8969116 16.26332 0.092505786 0.00012872317 0.983243 0.5
15.88074 7.8517528 -0.0033045853 0.051513614 4.524452 0.5
13.143186 17.203013 0.055423116 -0.23227126 4.628506 0.5
12.815472 15.206596 -0.021847588 -0.50611467 4.619789 0.5
12.194544 6.71219 0.10013371 -0.060424304 6.246698 0.5
12.905098 0.83538001 0.083367151 -0.026906307 2.597917 0.5
9.2890364 19.218007 -0.10810867 0.16134346 5.540445 0.5
18.944184 2.8428776 0.017406266 -0.028330036 1.135786 0.5
13.350007 7.9410258 0.0018741017 0.012662413 0.649744 0.5
7.7746238 4.9976591 0.087085284 0.10009297 4.647872 0.5
18.263436 7.3591677 -0.026105257 0.012034183 3.116928 0.5
4.9620952 19.911327 0.12979382 0.08469278 1.058365 0.5
9.1106486 14.619092 0.12402863 0.051278596 1.223223 0.5
18.254324 24.854098 -0.057472134 0.20691671 6.185729 0.5
27.278084 13.005537 0.012524498 0.036298454 5.03693 0.5
11.679804 3.2363682 0.011389779 0.015762971 0.158334 0.5
7.278304 7.8787116 0.010595821 -0.053565868 0.09489 0.5
6.0825204 3.2781334 0.027256232 -0.052401256 3.182579 0.5
6.2619287 4.6032467 0.040324225 0.018419106 5.999337 0.5
17.665406 2.330523 -0.0085427444 -0.0015017337 0.712677 0.5
13.302396 10.39874 -0.0061000885 0.043666933 1.70588 0.5
14.605628 7.1755221 -0.0025546403 0.010684082 5.092516 0.5
6.1659351 11.517065 0.032531759 0.048555304 0.506989 0.5
14.235625 2.6900656 0.0033852819 -0.014723082 4.452103 0.5
8.1640623 8.8903459 0.099059283 -0.003793225 3.429354 0.5
1.8290215 15.60081 0.11510169 -0.026812407 5.942963 0.5
3.3789578 14.816546 0.056447355 -0.090765647 2.062723 0.5
1.9236153 14.309708 -0.0090718595 0.043109742 2.598321 0.5
12.452018 26.727201 -0.18659193 -0.038182107 6.159219 0.5
2.2970434 19.812221 0.028049044 0.023113078 1.488917 0.5
7.5825515 16.984395 0.12245062 -0.025526855 1.927238 0.5
6.6650334 13.456705 -0.048793268 0.018128197 3.98558 0.5
5.7580799 12.619394 0.047080701 0.0046616719 3.515453 0.5
19.929066 3.3982866 0.00036733142 -0.012557199 3.362574 0.5
17.495733 13.238216 0.091551439 -0.0044663254 2.617045 0.5
11.166334 2.0959863 0.0089898426 -0.039188135 4.416501 0.5
6.6355665 24.746043 3.1849692e-06 3.7514861e-06 2.357123 0.5
17.329389 3.4170725 0.010066785 0.0091451334 0.027213 0.5
7.2016791 2.4030974 -0.052011472 -0.032527983 3.270335 0.5
24.875784 20.53859 0.02021787 0.040238513 5.133302 0.5
18.713501 1.7334014 -0.010011848 0.0051042667 4.163048 0.5
5.4530796 23.842918 0.0022969659 0.027740331 3.93618 0.5
13.684179 5.130254 0.027638509 0.0023151511 5.951127 0.5
6.4897704 7.0274604 -0.003357805 -0.085738259 4.082451 0.5
4.9956623 11.794523 -0.02419212 0.027460437 1.780305 0.5
22.839307 20.449238 0.029012873 0.019821809 2.847882 0.5
7.2061528 12.25792 0.032402257 0.016903368 1.767937 0.5
6.3905457 23.156698 0.10559385 0.10192625 0.00135 0.5
8.8550863 6.0461822 -0.026351629 -0.057351759 5.312468 0.5
7.7319236 21.697687 -0.96473746 -0.14634444 0.320289 0.5
17.349101 6.3976923 -0.008021272 0.0093535893 0.581132 0.5
11.746685 12.134621 -0.010263246 -0.0054115819 3.087421 0.5
9.555086 11.783922 -0.01503667 -0.036624983 3.560403 0.5
7.7487749 10.049301 0.049874172 0.015768619 0.555117 0.5
20.335091 9.7500615 -0.025537251 0.052699856 6.220608 0.5
12.570807 11.31847 0.11782503 -0.082310545 5.652715 0.5
16.625613 19.247953 0.026524398 -0.094013593 0.827952 0.5
13.435764 12.174512 -0.02539633 -0.088241641 1.054048 0.5
24.807348 18.559825 -0.00067814312 0.00069798037 0.319962 0.5
17.700892 1.12267 0.0032420302 -0.014715892 2.464344 0.5
4.2062307 18.69387 -0.042036897 0.11747176 3.780782 0.5
8.4932788 12.452277 0.10822099 -0.030226086 0.745414 0.5
18.16474 11.231465 0.037136122 -0.083750952 3.348875 0.5
12.602441 8.8326709 0.080525955 -0.052271162 5.365761 0.5
6.2722885 17.07045 -0.022863125 0.087703039 0.445642 0.5
6.1854028 8.2105219 0.0080873512 -0.068757081 2.979068 0.5
11.785697 1.1473875 0.0099304564 0.021600691 2.813895 0.5
6.0475904 20.783194 -0.10412919 -0.0041594692 4.039246 0.5
15.972499 6.0022397 -0.0017198907 -0.0020325673 4.602055 0.5
24.146702 16.642387 -0.041515437 -0.072338213 1.676583 0.5
15.291411 0.63390162 0.003275401 0.0062434596 1.207935 0.5
2.2037917 7.9428057 0.065069056 0.069163624 6.164191 0.5
22.485943 24.123712 -0.094607598 -0.067786523 1.491784 0.5
21.922786 17.88396 -0.060101809 -0.025374422 6.269379 0.5
9.4966822 1.3616326 -0.0059466827 -0.050798443 0.35856 0.5
4.5033397 12.965596 -0.028863128 -0.01467277 0.326238 0.5
8.3839955 20.126854 -0.70452768 0.43475444 1.608548 0.5
13.89667 9.0032138 -0.025804321 -0.094608537 2.616667 0.5
0.92524655 11.920659 0.016694558 0.0048243974 0.410672 0.5
9.4731847 3.9210619 0.0044283007 -0.034310097 3.210668 0.5
14.862857 1.6851623 -0.015495566 0.0016571347 0.309541 0.5
6.8673235 18.196415 -0.003115764 0.084613193 1.761874 0.5
14.248729 4.1224294 -0.0017125232 -0.03079415 4.731547 0.5
18.912427 13.583339 -0.046327272 0.066531943 0.313065 0.5
15.238748 26.668312 0.12506242 0.48223587 0.087229 0.5
22.693237 22.103253 0.047302337 -0.0026799329 5.713071 0.5
14.023504 0.74583349 -0.023863853 0.0094628349 0.34983 0.5
5.0549041 22.062929 -0.025587854 0.0016133308 2.015368 0.5
8.7251039 22.682962 0.031873751 0.054345977 0.42176 0.5
5.6416844 13.913012 0.11372334 -0.015613983 5.580866 0.5
3.283478 8.6195381 0.013508872 0.037122134 4.066321 0.5
19.037351 12.032977 0.098124484 0.030343926 5.863794 0.5
25.715717 19.252808 -0.043665399 -0.00032342658 5.355125 0.5
2.1709988 12.920005 0.022454384 -0.017385326 5.404824 0.5
8.3368607 3.8566841 0.011861232 0.049491597 1.361005 0.5
2.9216017 10.873332 0.02969055 -0.023895312 5.19755 0.5
7.8220934 19.122166 -0.22044518 -0.04987162 5.853071 0.5
23.840092 4.895986 -0.020730104 -0.014587228 2.830697 0.5
22.479188 14.775287 -0.026793002 -0.023133513 3.251414 0.5
15.588639 2.8656998 -0.0091516166 0.00026640316 3.305262 0.5
9.6515008 7.4177214 0.043368856 -0.051660653 3.841898 0.5
27.354769 14.807331 -0.00144846 -0.0013455742 4.917041 0.5
22.714987 7.6466777 -0.0070461148 0.0028054047 1.726803 0.5
6.9465633 16.023192 0.042994273 0.13370319 2.534849 0.5
9.6909037 25.977796 -0.0019214103 0.0020492929 1.985571 0.5
0.83648472 13.527209 0.07040353 -0.019716353 5.636684 0.5
23.836562 7.2703893 -0.027281419 0.0074393193 0.642493 0.5
3.7645324 21.874464 -0.023411147 0.19817265 5.796573 0.5
16.478108 1.9944348 0.0064056385 0.02036813 4.738871 0.5
6.6415168 21.775941 0.006163512 0.027002129 1.568073 0.5
11.450244 26.052945 -0.18588771 0.17274753 2.749741 0.5
10.404259 9.4922099 0.097475025 0.014480808 1.171823 0.5
8.9359179 21.11366 0.07546376 0.20357736 2.226958 0.5
12.045045 10.16605 0.10893386 -0.029309253 1.548545 0.5
19.037532 5.1418076 0.021258606 0.014401209 3.653333 0.5
4.1672148 11.002325 -0.02577988 0.036059669 4.394256 0.5
27.224628 16.216083 -0.021256936 0.0057467486 0.605652 0.5
16.510955 22.945795 -0.25064682 -0.035055956 3.106146 0.5
7.2461124 11.061487 0.012773691 -0.030661063 3.095002 0.5
4.1305284 4.8812499 -0.0092878794 -0.047973611 1.841384 0.5
8.016889 13.719776 0.12386151 0.060621798 6.034028 0.5
22.718942 18.905199 -0.059335038 -0.025141221 1.857551 0.5
3.8666546 7.645479 -0.023888667 0.00096226242 1.702664 0.5
16.984674 24.449834 0.00066496683 0.00039366314 1.16125 0.5
10.579617 1.0158911 0.068245025 0.055587871 4.720586 0.5
7.3152245 20.526209 0.081471169 0.00026952066 0.205718 0.5
11.134921 5.6834517 0.035848753 0.026110381 5.820667 0.5
8.4442616 25.956721 -0.0010911798 -0.0033538503 3.894129 0.5
23.458606 11.221607 -0.018750551 0.0059521413 3.074393 0.5
20.793834 4.1292317 0.021449848 0.0026126485 0.467747 0.5
11.230571 23.597418 -0.29441041 0.4493411 5.60533 0.5
19.603179 6.2812059 -0.0023092959 0.019953176 6.227367 0.5
3.6042448 17.628031 -0.036988815 0.0091673739 5.177094 0.5
9.2215234 13.29915 0.028401033 -0.038255581 0.203779 0.5
4.2526888 23.157459 -0.026966309 0.15986478 6.095105 0.5
5.5094107 6.2975165 -0.008474952 -0.055395213 5.150288 0.5
21.040249 25.267177 -0.067004437 0.027465455 3.059892 0.5
9.2448821 8.574585 0.038887038 0.042812538 3.692189 0.5
20.307971 21.296832 -0.036747783 -0.082156538 3.246869 0.5
5.2407112 5.1866937 0.079880285 -0.048251881 2.032293 0.5
3.3252278 12.079895 -0.083845252 -0.054109948 6.136396 0.5
9.9921808 6.190492 0.03672182 0.041740677 4.563161 0.5
15.647174 24.027502 0.34674901 0.23228108 5.916686 0.5
13.567562 27.298991 0.21797287 0.042352625 1.344992 0.5
14.945387 5.261255 0.018155572 -0.012212788 3.633442 0.5
3.0422703 13.636695 0.061432962 0.0011398144 2.78777 0.5
2.5969125 9.5387437 -0.0040336259 0.052825808 1.483056 0.5
2.7031735 6.8736247 0.048066354 -0.092669614 0.879468 0.5
22.728773 4.3994577 0.017415619 0.0071417453 4.923104 0.5
5.0662924 7.6251652 0.039094403 -0.019990615 5.350229 0.5
3.7024948 19.96988 -0.074224333 0.028800821 1.508644 0.5
1.539633 9.1547688 -0.0050369487 -0.06001713 4.32761 0.5
3.6467122 10.015951 -0.048056777 -0.03901053 1.3724 0.5
13.138132 25.213744 -0.14731268 0.032795856 2.64206 0.5
5.1902635 14.959748 0.034441331 0.09108691 2.466218 0.5
25.704924 8.5245562 0.015011809 0.017479244 0.69625 0.5
22.110749 16.660979 0.0017533667 -0.070962199 0.502972 0.5
6.332595 10.350668 -0.037339407 0.059794967 4.066135 0.5
4.7890102 9.9162264 -0.050079735 0.0083872976 3.026607 0.5
4.8514911 17.204712 0.077901636 0.057435939 6.171553 0.5
18.012085 4.524239 -0.0049705876 0.0024327212 3.767955 0.5
22.514111 13.292041 -0.02100922 -0.022797449 5.349705 0.5
9.2547286 24.932802 -0.43469859 0.22181106 3.28374 0.5
2.1929577 17.241119 -0.0060970427 0.101462 1.964272 0.5
11.795305 7.939951 -0.001684027 -0.042919322 1.170799 0.5
17.11856 7.6081489 -0.0064719404 -0.01269452 0.802835 0.5
10.103849 15.28915 0.057781606 0.023497455 5.063896 0.5
17.062777 5.2630946 -0.019960757 0.026581785 2.243796 0.5
21.09464 7.7179912 0.01182314 0.024823082 5.270568 0.5
10.041625 2.4051824 0.067998275 -0.018783057 5.757172 0.5
13.319095 6.7747385 0.14709209 0.017376447 5.271397 0.5
8.9032453 9.7449471 0.079072471 0.01572756 3.151318 0.5
4.2988103 6.5724524 0.037005414 0.0049849865 0.221595 0.5
8.9325098 4.8991936 -0.020983381 0.033344381 1.510648 0.5
21.635012 3.2682614 0.022906759 -0.0086299871 5.29405 0.5
9.8800707 10.487702 0.014396779 0.07571237 2.737677 0.5
5.6872664 16.06486 -0.047340232 0.050355574 4.134415 0.5
7.182849 3.7808032 0.039551541 -0.027339557 1.432456 0.5
23.226259 17.406491 -0.044138653 0.046551805 2.840655 0.5
13.651746 21.546879 -0.21922318 -0.19032818 2.899005 0.5
2.9549858 20.800777 0.045800493 -0.0558247 4.137855 0.5
1.4533638 10.26233 0.009077159 -0.062432207 1.992807 0.5
11.443282 4.4660818 0.032180195 0.0010110424 0.375558 0.5
20.110774 19.919526 0.0047622237 0.005242594 0.629977 0.5
24.054423 8.9793157 -0.0014746303 -0.0024495705 5.301885 0.5
10.940403 17.112384 0.0045870802 -0.48413764 1.197725 0.5
24.203694 22.041893 0.023876723 -0.10495368 2.939026 0.5
0.914323 14.867311 -0.071776626 0.018165662 3.912909 0.5
6.514333 14.863471 0.073021298 0.078020887 3.115045 0.5
12.394186 2.3349218 0.082658102 0.085797162 1.662001 0.5
23.00666 10.168848 -0.026492558 0.011859256 0.131507 0.5
