# x y vx vy theta radius
6.9353133 23.353092 -0.36378889 -0.46458327 1.4519653 0.5
3.5479526 8.5647236 -0.022962632 0.13264055 1.764168 0.5
15.208971 25.337148 -0.01279327 0.0014391557 3.951996 0.5
7.3298648 11.673017 0.020498891 0.089055377 4.259518 0.5
14.158875 2.1285088 -0.016458224 0.00092622297 1.882067 0.5
25.857652 11.609659 0.01429449 0.017005977 0.92276 0.5
5.5470716 3.7801496 0.1308 -0.18297242 4.981497 0.5
17.651921 1.1581538 0.0070807535 0.025898154 0.663689 0.5
9.0234662 14.603962 -0.18319843 -0.22436499 4.599871 0.5
1.0634186 10.486033 -0.072777239 0.03737444 3.315122 0.5
21.184124 12.237269 -0.012223982 -0.020401608 5.224588 0.5
4.9528951 4.7454903 0.078954627 0.1318222 4.739779 0.5
13.901907 14.732905 0.0254071 0.026972586 0.624425 0.5
15.090626 23.104542 0.062538876 -0.012989248 0.734434 0.5
9.7113083 10.865849 0.0033102687 -0.0092427559 4.989084 0.5
20.312325 10.705956 -0.01538702 0.0055503793 2.508867 0.5
6.1707804 9.4006011 0.020513831 -0.0079814613 5.939565 0.5
16.679772 1.7278199 0.01296095 0.018171497 0.028815 0.5
13.00929 11.037651 0.015754261 -0.0088877835 3.449449 0.5
12.806007 9.637213 0.010999542 0.049718728 0.592282 0.5
22.592735 14.29472 -0.035787948 0.074601517 6.045768 0.5
25.535007 15.911219 0.015101034 0.0004439688 0.890473 0.5
9.2964726 7.2531971 -0.010765877 -0.0015567583 2.353219 0.5
16.484526 6.9236215 0.022420861 0.00067119221 1.672869 0.5
15.738074 8.2878495 0.0869141 -0.0078136311 4.21507 0.5
21.495955 14.770544 0.059179216 0.030521953 0.4829 0.5
9.9362718 4.822722 0.033272567 -0.035337436 6.274711 0.5
8.4648207 3.0467962 -0.0046110963 0.025493259 1.301021 0.5
15.610154 4.0515784 0.07476502 0.016109254 3.538852 0.5
7.3529406 9.0632847 -0.0024784205 0.033532476 1.72413 0.5
11.147797 3.4129754 0.068974463 -0.10689725 0.779811 0.5
12.293695 0.70932869 0.03101398 -0.032441929 1.209651 0.5
11.718796 6.5760404 0.053046027 0.027088367 5.377079 0.5
25.514595 9.7953765 0.015443515 -0.0021172645 3.122843 0.5
3.1821144 17.439715 0.3472184 0.099763313 4.105439 0.5
15.502496 6.3257306 -0.022816699 -0.022033786 2.246795 0.5
12.179433 5.4932811 0.151771 0.00861164 3.468535 0.5
22.011143 4.6229678 -0.020665026 0.045138218 5.532293 0.5
21.538673 16.230284 0.0024003203 0.0048569066 0.531572 0.5
27.036923 10.832808 0.039002525 0.021622822 5.261584 0.5
24.844644 18.251223 -0.0065257644 -0.010140369 0.040113 0.5
8.1438123 6.5500834 -0.010635856 0.057083992 4.576591 0.5
15.052705 5.2778001 0.0039717725 0.019512519 0.209824 0.5
7.3767533 3.4074319 0.070994381 -0.029575222 1.770879 0.5
23.516091 13.046925 -0.0020510366 0.009639296 4.791815 0.5
19.068001 5.1306674 0.011847589 0.00044253024 2.522673 0.5
17.21866 6.0776309 0.011025993 0.027157204 3.232151 0.5
23.680419 11.757563 0.021527989 -0.0054409716 0.943125 0.5
25.840823 14.248732 0.057698714 0.067271293 1.031271 0.5
22.157212 3.4372217 -0.041208637 -0.034575816 1.523797 0.5
25.563981 7.4405131 -0.015375909 -0.021718611 1.787492 0.5
23.661584 19.776136 -0.0023042485 0.024361316 3.056837 0.5
13.144007 1.6135746 0.000874159 0.070067673 3.332967 0.5
13.113162 8.393338 -0.05408455 0.029036373 3.889918 0.5
16.865061 9.264372 0.022972116 0.0095304168 1.775857 0.5
11.301899 4.5635931 0.063729025 0.058829262 4.33857 0.5
2.5628757 13.859746 0.1014915 -0.023107254 2.652322 0.5
23.820275 8.9685722 -0.038335092 0.015879955 1.360759 0.5
16.465182 18.057167 -0.041226711 -0.023554827 1.350476 0.5
23.719251 6.4258402 -0.022816803 0.028603459 3.139709 0.5
26.602025 9.5288329 -0.012882047 0.01325199 3.877928 0.5
7.8650307 16.195038 0.39517102 0.028640052 4.111005 0.5
6.0475867 14.825136 0.015161802 0.11402325 4.354529 0.5
12.37166 3.1092685 0.012988347 0.059298336 1.958136 0.5
19.307122 6.888273 0.065008519 0.041122891 1.935129 0.5
24.972192 10.87729 0.0181068 0.019148547 0.983243 0.5
21.147386 5.4427346 -0.0014599425 0.027559449 4.524452 0.5
4.0727437 6.9929346 -0.0027924897 -0.03555182 4.628506 0.5
25.016475 6.4410119 0.011949581 0.032711794 4.619789 0.5
8.3875536 10.867646 -0.054008042 0.0019728957 6.246698 0.5
14.948041 0.72451349 -0.0071794546 0.0051535006 2.597917 0.5
22.527819 12.285109 -0.053614453 0.020515263 5.540445 0.5
20.203654 18.780412 -0.014193717 0.0055506396 1.135786 0.5
8.4836128 21.751918 -0.0056010897 0.013504605 0.649744 0.5
18.264564 20.672574 -0.016862615 -0.046208817 4.647872 0.5
20.435551 25.098484 -0.0012254963 -0.0027558814 3.116928 0.5
14.787084 12.868113 -0.0039536146 0.054712173 1.058365 0.5
7.4016804 2.2918027 -0.10830425 0.0051084856 1.223223 0.5
22.927932 7.4325664 -0.000106644 -0.0039668146 6.185729 0.5
11.400807 27.152559 -0.05272073 -0.0025702956 5.03693 0.5
4.6474294 8.1250734 0.034281812 -0.086634196 0.158334 0.5
13.079208 23.608773 -0.0062808755 0.0015050551 0.09489 0.5
18.528695 7.7757803 0.013732505 -0.028048008 3.182579 0.5
14.99232 11.596976 0.03302739 0.015181385 5.999337 0.5
7.0205352 10.304272 -0.023677183 0.010923769 0.712677 0.5
19.231237 8.6454512 0.03936209 0.03150063 1.70588 0.5
18.007689 2.4018574 0.0055176177 -0.0097250806 5.092516 0.5
4.542787 11.666885 0.17300748 0.06594466 0.506989 0.5
14.95888 7.4105467 -0.0093859123 0.0022371839 4.452103 0.5
2.3310327 8.2348478 0.099664543 -0.12876952 3.429354 0.5
15.787273 2.8339866 0.00290889 -0.016504003 5.942963 0.5
10.924214 1.1314797 0.0041180389 0.0016476617 2.062723 0.5
5.5514753 5.737086 -0.014616 -0.0098388965 2.598321 0.5
22.160842 6.5024416 0.060288042 0.01983038 6.159219 0.5
6.3227533 2.9736708 -0.041099739 -0.048109071 1.488917 0.5
14.293898 24.135981 0.047277606 -0.0065215843 1.927238 0.5
10.934132 5.6240011 -0.035056576 -0.0068448511 3.98558 0.5
9.8078016 6.1741645 0.0081926391 0.066581707 3.515453 0.5
5.4372772 7.0541628 -0.0064726714 0.038166237 3.362574 0.5
18.371896 6.0547881 -0.0055023247 0.022534796 2.617045 0.5
22.649526 15.514723 -0.012007682 0.035362755 4.416501 0.5
13.510059 5.216646 -0.039842464 -0.025983491 2.357123 0.5
9.3558863 22.709586 -0.05684688 0.0035349496 0.027213 0.5
15.697565 9.9951747 0.0005147025 0.043054871 3.270335 0.5
17.574785 4.9483898 0.010641967 0.027599672 5.133302 0.5
18.885275 23.31711 -0.024488687 -0.0068424328 4.163048 0.5
14.661675 3.2020242 0.0059458359 -0.04010328 3.93618 0.5
9.7395082 1.3072857 0.045108716 0.025820758 5.951127 0.5
14.019573 25.420635 -0.0026162524 -0.045539551 4.082451 0.5
17.189871 17.072219 0.025344864 0.035367359 1.780305 0.5
11.150836 14.471016 0.035979488 0.039367035 2.847882 0.5
6.5677687 4.6514952 -0.00045040706 0.024834617 1.767937 0.5
10.496494 7.0741617 0.058984612 0.0023224422 0.00135 0.5
27.097279 15.033227 -0.0011612653 -0.01489908 5.312468 0.5
0.91592971 12.41351 -0.059883646 0.066550836 0.320289 0.5
2.1951084 9.733295 0.081554316 0.0019774498 0.581132 0.5
18.944411 9.755023 -0.011423239 -0.0034251224 3.087421 0.5
21.136286 2.6167826 0.0010896888 0.013067464 3.560403 0.5
12.03829 1.8436481 -0.070020298 -0.030200524 0.555117 0.5
21.80488 7.6370564 -0.035221894 0.012455847 6.220608 0.5
18.041558 18.136005 -0.041501421 -0.0195024 5.652715 0.5
1.632472 11.504025 0.08006168 0.0074725638 0.827952 0.5
19.779913 21.71261 -0.037533032 0.00066931597 1.054048 0.5
5.3118919 22.767959 0.21642051 -0.19811361 0.319962 0.5
19.276313 11.412437 0.024543738 -0.0045659119 2.464344 0.5
14.657716 9.2815188 0.024119524 -0.0038740489 3.780782 0.5
26.907383 12.234363 0.001447011 0.007789674 0.745414 0.5
11.264505 8.256669 0.022585699 0.011520102 3.348875 0.5
20.903705 6.7590009 -0.047064853 0.042712022 5.365761 0.5
16.704701 25.159292 -0.0021497852 0.011756423 0.445642 0.5
5.5328875 10.881424 -0.044116625 0.027792639 2.979068 0.5
16.900906 2.9794161 0.00079551819 0.023244327 2.813895 0.5
3.8395385 10.235591 0.02199293 0.034173466 4.039246 0.5
20.267387 13.432894 0.011048502 -0.0012643558 4.602055 0.5
16.570843 22.455871 -0.042624294 -0.025283764 1.676583 0.5
5.1659205 12.837927 -0.060818323 -0.038835696 1.207935 0.5
14.314837 19.835752 -0.013081201 -0.026730132 6.164191 0.5
26.232734 8.4647515 0.030396733 -0.0047517052 1.491784 0.5
16.07342 0.74651695 -0.0089957433 -0.039411959 6.269379 0.5
9.6895688 15.447823 0.57299641 -0.65573774 0.35856 0.5
14.257418 6.07008 -0.07637768 -0.00028748947 0.326238 0.5
8.0982974 7.7414519 -0.047015045 -0.011903697 1.608548 0.5
20.294135 15.691213 0.0030316526 0.051957216 2.616667 0.5
20.35426 7.8421212 -0.041747881 0.026080076 0.410672 0.5
20.463642 17.057651 -0.036797326 -0.016341322 3.210668 0.5
22.407394 9.827352 -0.02856685 0.028129133 0.309541 0.5
22.595834 11.033991 -0.010284412 0.013770345 1.761874 0.5
17.518058 10.555064 -0.0050314849 0.035396515 4.731547 0.5
18.072607 25.885535 -0.0071937678 -0.0095241072 0.313065 0.5
24.169271 5.3150583 -0.018924257 -0.00057760182 0.087229 0.5
10.028163 8.3330415 0.01983069 0.0380878 5.713071 0.5
21.705363 20.55305 0.0022747105 -0.01787083 0.34983 0.5
20.136373 4.7568984 0.030907113 0.0029523199 2.015368 0.5
21.420912 22.54324 -0.019431772 0.001960625 0.42176 0.5
7.5163061 20.792223 -0.058850106 0.23044467 5.580866 0.5
8.8243479 8.6335509 0.023162141 0.071641881 4.066321 0.5
8.6419478 26.285475 0.064477271 -0.19836861 5.863794 0.5
9.9629049 3.6866744 0.028485573 -0.012524682 5.355125 0.5
24.503703 16.383571 0.0013176296 -0.026530049 5.404824 0.5
4.0801052 5.5256998 0.0083443642 0.0059274593 1.361005 0.5
23.563775 18.331281 -0.010743436 -0.0067647021 5.19755 0.5
25.055215 20.535503 -0.0069019023 0.011895244 5.853071 0.5
27.352833 13.779807 -0.0074288022 0.0044427065 2.830697 0.5
26.346183 18.385796 0.0052314833 0.011289823 3.251414 0.5
6.8998276 7.9437105 0.068761504 -0.030678387 3.305262 0.5
23.733951 10.499168 0.0025138123 0.0054351737 3.841898 0.5
7.2222139 14.138289 -0.049475124 -0.031898239 4.917041 0.5
4.9475204 20.784656 0.35872656 -0.051953841 1.726803 0.5
19.059398 15.245566 0.050683505 0.049040495 2.534849 0.5
5.7261192 8.3753202 0.14246602 0.061290331 1.985571 0.5
20.004046 5.8736128 0.0095764583 0.044580342 5.636684 0.5
24.796822 14.851449 -0.047357309 0.026513192 0.642493 0.5
12.718265 26.892243 0.044970945 0.072415071 5.796573 0.5
7.2390462 5.5532983 -0.0173612 0.080825725 4.738871 0.5
19.322441 12.5725 0.012591933 -0.014107102 1.568073 0.5
13.811801 7.1380789 0.0049250363 -0.014534332 2.749741 0.5
13.499441 3.0815715 -0.03650386 -0.00082563622 1.171823 0.5
12.845 4.2220443 0.036664691 -0.014848485 2.226958 0.5
2.9695189 7.3342093 -0.027676542 -0.019989008 1.548545 0.5
18.502887 16.329314 -0.0028743354 0.0077082072 3.653333 0.5
16.072858 26.248432 -0.028598269 0.030247359 4.394256 0.5
16.077127 15.085461 -0.058835814 -0.059063415 0.605652 0.5
2.9951421 11.001662 0.14802071 -0.10337791 3.106146 0.5
1.1274048 16.015819 0.093507888 0.13501306 3.095002 0.5
24.945997 8.8241815 0.030912496 0.049885331 1.841384 0.5
13.661217 12.153338 0.0093269454 0.022704468 6.034028 0.5
10.667681 2.217121 -0.022149312 -0.021733491 1.857551 0.5
8.9546678 4.2938791 0.030888846 0.03205233 1.702664 0.5
2.1900044 12.494694 0.10907857 -0.064396881 1.16125 0.5
21.457205 10.842317 -0.025591979 0.028120419 4.720586 0.5
25.789265 12.904443 0.074155989 0.043226431 0.205718 0.5
9.666477 26.637891 1.0319291 0.25084908 5.820667 0.5
22.477678 8.565614 0.02403065 0.030132843 3.894129 0.5
19.903265 2.0629536 0.0059709949 -0.0075893684 3.074393 0.5
14.189317 26.758325 0.0046992936 -0.0045949005 0.467747 0.5
16.747753 12.210145 -0.013929179 0.02723233 5.60533 0.5
24.129848 7.8200922 -0.026380696 0.025283631 6.227367 0.5
10.43949 19.879093 0.70639121 -0.098948558 5.177094 0.5
21.854824 13.256607 -0.0016857813 0.0084471352 0.203779 0.5
16.792753 4.0937059 -0.021173327 -0.011295381 6.095105 0.5
18.801414 1.4674155 -0.012295364 -0.0060260449 5.150288 0.5
9.4494901 2.5064305 0.027047167 0.0033109775 3.059892 0.5
3.207629 6.2318097 0.0024976761 -0.076905512 3.692189 0.5
13.404735 17.80276 -0.027360748 -0.041891564 3.246869 0.5
23.167062 4.5078315 0.014396329 0.01184887 2.032293 0.5
19.693847 26.065183 0.004515044 -0.003008227 6.136396 0.5
11.665166 18.498133 -0.016976039 -0.041461272 4.563161 0.5
10.648624 16.518511 0.39718467 0.29558108 5.916686 0.5
20.479689 9.4480803 -0.0039568728 -0.01181356 1.344992 0.5
26.953303 16.475264 0.00064064756 0.013221953 3.633442 0.5
25.955718 17.321237 0.019710817 0.057313272 2.78777 0.5
3.5894172 12.582915 0.036767966 -0.033807787 1.483056 0.5
24.796984 12.184162 -0.056105007 0.024643994 0.879468 0.5
17.990805 3.7173718 -0.024165727 -0.016519941 4.923104 0.5
8.3148996 13.719604 -0.024175498 0.069870921 5.350229 0.5
19.150538 3.9878017 0.0051766661 0.031408436 1.508644 0.5
13.787583 0.62497887 -0.015712795 0.024115416 4.32761 0.5
16.202407 5.0952737 -0.014486531 -0.0017658941 1.3724 0.5
12.86203 6.5163286 -0.031316695 0.036926241 2.64206 0.5
4.9394121 9.4494266 0.068788804 -0.022077464 2.466218 0.5
13.986765 4.1718225 -0.033287722 0.038811152 0.69625 0.5
11.732636 23.890076 -0.040264205 -0.020477843 0.502972 0.5
21.058738 4.0079263 -0.010964366 0.022137254 4.066135 0.5
23.754295 14.353958 0.066689511 0.018295672 3.026607 0.5
12.235998 7.6349109 -0.032895697 0.014795349 6.171553 0.5
17.88514 11.752371 0.011304602 0.045342897 3.767955 0.5
15.325585 1.7873345 -0.069458674 -0.0026505348 5.349705 0.5
3.887586 13.67266 0.22691799 0.020706737 3.28374 0.5
11.115996 21.780548 -0.036887899 -0.067424525 1.964272 0.5
17.407651 7.9648756 0.045844547 -0.0037120544 1.170799 0.5
7.0765311 12.91703 0.042827837 -0.080801491 0.802835 0.5
21.200284 8.591186 -0.0055240448 0.0013373929 5.063896 0.5
24.683595 13.31579 0.0084601271 -0.032358057 2.243796 0.5
10.906875 11.44439 0.089280892 0.060347262 5.270568 0.5
17.291767 26.860138 0.070120517 0.036511353 5.757172 0.5
19.061394 2.8205445 0.0083104311 -0.002897556 5.271397 0.5
9.0506531 11.793116 0.021874917 -0.21517703 3.151318 0.5
8.2845149 9.7386401 0.015658805 0.0038167511 0.221595 0.5
22.871028 5.6141327 -0.0094751573 0.036723306 1.510648 0.5
6.6052833 6.4907355 -0.032211205 -0.047785317 5.29405 0.5
7.4070126 17.598683 -0.087298056 -0.025669646 2.737677 0.5
17.736433 15.171801 -0.054429442 0.039825367 4.134415 0.5
22.945863 23.841752 0.0052171394 -0.02004848 1.432456 0.5
7.7326379 4.4846393 0.037053585 -0.028177471 2.840655 0.5
14.132326 10.34737 -0.0014974215 0.043097346 2.899005 0.5
8.4979143 1.8897693 0.084840666 -0.050704901 4.137855 0.5
8.6324273 5.3846611 0.043650739 -0.01352672 1.992807 0.5
9.4801135 9.569158 -0.044060748 0.018980583 0.375558 0.5
10.586859 23.998585 -0.00096922323 -0.11624118 0.629977 0.5
5.7257098 16.202314 -0.069626147 0.050600967 5.301885 0.5
3.0789147 15.169624 0.0026423772 -0.082483505 1.197725 0.5
20.092762 3.2759863 -0.010057859 0.047883682 2.939026 0.5
11.649939 19.814276 -0.018094602 -0.014872542 3.912909 0.5
5.9870637 12.025929 0.20640822 -0.11128408 3.115045 0.5
11.546996 9.7950307 0.0047466622 0.038621541 1.662001 0.5
7.7263624 25.339334 2.070193 -0.98750769 0.131507 0.5
