# x y vx vy theta radius
12.991916 15.924477 0.73824571 0.05622753 3.9001998 0.5
7.7940498 14.803019 -0.042708905 0.09489954 1.764168 0.5
4.1030289 18.820533 -0.032960404 0.0079079146 3.951996 0.5
6.5366198 13.806659 0.033300358 0.056000146 4.259518 0.5
8.3204497 1.8982357 0.040176254 -0.016959568 1.882067 0.5
6.1993354 3.1601117 0.035204004 0.00066121231 0.92276 0.5
5.7226447 6.5168848 -0.046214933 -0.099054436 4.981497 0.5
10.505058 1.1270678 0.10988485 0.13492434 0.663689 0.5
14.24831 3.4827301 -0.0051789587 -0.085233923 4.599871 0.5
5.3597295 10.453491 -0.10717368 0.13086783 3.315122 0.5
7.2717588 3.5305589 0.016056657 -0.14470629 5.224588 0.5
9.5924672 25.250233 0.03996252 0.078777329 4.739779 0.5
18.321562 2.5243968 0.0042219557 -0.032048491 0.624425 0.5
15.169065 22.705961 0.019682755 0.27978272 0.734434 0.5
15.189265 12.054419 0.013240875 0.039517583 4.989084 0.5
16.634273 22.795793 0.21683245 0.11916777 2.508867 0.5
3.5894276 8.8992555 0.079182033 0.031125768 5.939565 0.5
0.59132854 13.074273 -0.0048657817 0.049917341 0.028815 0.5
9.0228907 5.751808 0.038090063 0.05569825 3.449449 0.5
6.839072 8.7167033 -0.033308312 0.062187376 0.592282 0.5
11.51666 22.23571 -0.016313122 -0.011840663 6.045768 0.5
17.107461 2.6378764 0.012265111 -0.029290386 0.890473 0.5
8.5399428 24.041587 0.15533231 0.1613584 2.353219 0.5
15.880948 25.289228 0.010222426 0.012081051 1.672869 0.5
16.237119 5.0931751 0.17674542 -0.013527865 4.21507 0.5
15.257814 4.0544067 0.0069486306 -0.13848749 0.4829 0.5
1.6988177 12.700018 -0.029168867 -0.043988052 6.274711 0.5
10.88325 7.5234692 0.023477748 -0.0222942 1.301021 0.5
19.485752 3.1415397 0.054235853 -0.0048293129 3.538852 0.5
7.3318089 23.832776 0.10617633 -0.051390892 1.72413 0.5
16.622382 12.171771 0.51364222 0.056167773 0.779811 0.5
16.446103 6.4575273 0.034564113 -0.018166135 1.209651 0.5
22.143218 6.1111901 0.0040666307 -0.035117554 5.377079 0.5
11.305906 9.8814766 0.064868364 0.094959858 3.122843 0.5
2.3628778 10.530513 0.038073608 0.039886313 4.105439 0.5
6.3817375 5.5361401 -0.068764009 0.0031750825 2.246795 0.5
21.984502 4.7351621 0.027669996 -0.0039536434 3.468535 0.5
7.306313 19.178502 0.088717377 0.057037129 5.532293 0.5
16.913048 10.736878 0.019009272 -0.0062018771 0.531572 0.5
19.688169 1.9709695 0.027703696 0.030877136 5.261584 0.5
18.573552 10.633866 0.02995037 0.011244747 0.040113 0.5
4.4475239 5.9658511 -0.055231551 0.055674399 4.576591 0.5
14.505725 16.09838 0.15181717 -0.057781879 0.209824 0.5
7.3038012 16.087034 -0.0027559972 -0.12867401 1.770879 0.5
20.904225 3.846205 0.020873679 0.0017404216 4.791815 0.5
4.4675211 8.1758202 0.013461874 -0.064803816 2.522673 0.5
11.561459 5.239226 -0.035199864 -0.15794057 3.232151 0.5
3.4330107 17.798475 -0.16473437 0.081602631 0.943125 0.5
7.4943127 17.472347 0.033444893 -0.045541147 1.031271 0.5
2.9548914 19.12831 -0.056340355 -0.13435437 1.523797 0.5
16.387435 3.9551967 0.072586696 -0.046383208 1.787492 0.5
18.625293 1.4164486 -0.0068628289 0.0076795708 3.056837 0.5
17.525073 1.1764541 0.007147155 -0.007258439 3.332967 0.5
7.9235857 9.0107925 0.065555107 -0.00483877 3.889918 0.5
12.473013 20.690405 0.021481065 -0.02794872 1.775857 0.5
8.5750236 6.8257417 -0.098591311 0.075526077 4.33857 0.5
2.2956719 18.10406 -0.015152612 -0.0040925804 2.652322 0.5
10.827147 13.23236 0.2622855 0.17096549 1.360759 0.5
9.189555 26.499201 0.12355454 -0.17000352 1.350476 0.5
3.1906004 20.377081 0.05079569 -0.058462523 3.139709 0.5
4.1695045 21.366569 -0.049037427 0.11700021 3.877928 0.5
4.5515858 17.642456 0.017768638 0.18321264 4.111005 0.5
6.3004129 17.168433 -0.00062141318 -0.01178962 4.354529 0.5
10.225514 5.4976303 -0.0010970802 0.039765401 1.958136 0.5
19.848677 7.1318216 -0.003304004 -0.013349037 1.935129 0.5
9.3252806 4.6863522 0.0012316232 0.095650401 0.983243 0.5
13.251152 25.369791 -0.0025610801 0.013627386 4.524452 0.5
8.2203118 20.414068 0.17036623 -0.090155599 4.628506 0.5
13.828666 9.1012282 -0.029569671 -0.068782884 4.619789 0.5
16.38053 17.087682 0.26100471 0.053520707 6.246698 0.5
14.894755 5.3136809 -0.040866974 -0.040751178 2.597917 0.5
20.033306 10.592684 -0.011262044 -0.0056509725 5.540445 0.5
5.0853275 4.0145421 0.13052843 -0.06356051 1.135786 0.5
20.180301 9.3583454 0.02672087 -0.005397455 0.649744 0.5
23.969768 10.798988 0.015636071 0.026617688 4.647872 0.5
13.512271 2.6173059 -0.035471689 -0.049849057 3.116928 0.5
4.6160992 9.4068968 0.031052591 -0.060642281 1.058365 0.5
8.6032717 10.108499 -0.024501301 0.12014652 1.223223 0.5
20.964808 6.7895219 -0.010358005 -0.0007034323 6.185729 0.5
9.2982868 21.498428 0.099830941 0.021222076 5.03693 0.5
3.2912682 6.0526925 0.05286282 0.024719407 0.158334 0.5
5.6453465 18.295389 0.17703377 0.040649626 0.09489 0.5
2.5562901 8.1590486 0.027562784 -0.044717606 3.182579 0.5
2.6714511 15.906613 0.023935653 0.018040737 5.999337 0.5
22.257613 12.893844 0.022340697 0.028821895 0.712677 0.5
8.3092605 4.1241745 0.045215408 0.048801065 1.70588 0.5
18.427561 4.8412456 0.1190241 0.044672829 5.092516 0.5
17.227888 21.131647 -0.0061954296 0.017021842 0.506989 0.5
3.5969116 13.713656 -0.24856473 0.03495027 4.452103 0.5
9.8653473 10.241524 -0.039836934 -0.075369127 3.429354 0.5
1.9941745 20.015967 0.088469357 0.061717101 5.942963 0.5
10.818077 4.3375928 0.0063836976 -0.0515495 2.062723 0.5
13.06528 17.251886 0.14825653 0.03443163 2.598321 0.5
1.3935399 9.3867144 -0.11532537 0.033282505 6.159219 0.5
24.891475 8.9918733 0.038392399 -0.0062242487 1.488917 0.5
12.995615 3.7833158 -0.032760172 0.00066336519 1.927238 0.5
5.5306811 20.736238 -0.0075331946 -0.086603553 3.98558 0.5
6.0416055 22.92391 0.11479607 -0.094848803 3.515453 0.5
11.268487 6.355179 0.094136593 -0.1232688 3.362574 0.5
2.9987613 14.742417 0.021819941 0.0093139221 2.617045 0.5
1.0759477 10.618458 0.036166423 0.028200037 4.416501 0.5
6.1448282 4.3311646 0.11556314 0.090903912 2.357123 0.5
23.243615 6.7436488 0.0068213399 0.016967515 0.027213 0.5
14.75567 17.55947 0.20941719 -0.10909833 3.270335 0.5
14.34272 7.8665519 0.036905248 0.05250847 5.133302 0.5
23.06413 9.1319286 -0.022452666 -0.0096799086 4.163048 0.5
19.032575 9.5717147 -0.0027932575 -0.024500475 3.93618 0.5
17.299341 5.6657339 0.0068845468 -0.03000848 5.951127 0.5
13.358986 6.7526821 0.15769329 0.077786153 4.082451 0.5
4.7293199 16.166823 -0.033067697 0.052481391 1.780305 0.5
8.8796371 22.970344 0.039947421 -0.046045459 2.847882 0.5
0.68053672 15.266024 0.009193311 0.062621809 1.767937 0.5
26.217901 12.063834 0.013362513 0.023466162 0.00135 0.5
9.9066896 6.607172 -0.043050967 -0.063419851 5.312468 0.5
17.529651 12.932449 0.011076579 0.01123601 0.320289 0.5
20.795666 2.6137837 0.016934091 -0.015186816 0.581132 0.5
9.8808098 3.7210653 0.20964782 0.094200721 3.087421 0.5
7.1543118 10.143744 -0.062527376 -0.35340052 3.560403 0.5
12.195165 0.72999163 0.29440657 0.2584717 0.555117 0.5
3.5296965 7.5728058 0.18796357 0.10377038 6.220608 0.5
3.0759756 11.547523 -0.02291794 -0.036676395 5.652715 0.5
17.457046 4.3064617 0.074390667 0.033451948 0.827952 0.5
20.63971 7.9981549 -0.0079132714 -0.0049410628 1.054048 0.5
12.394044 6.0715202 0.09686185 0.0037422501 0.319962 0.5
8.2045691 11.571211 0.095577477 -0.00034515736 2.464344 0.5
7.2738984 21.039051 0.091575066 0.016144237 3.780782 0.5
25.330674 6.7799093 -0.0089940394 0.011112553 0.745414 0.5
1.2835829 14.045608 0.010985065 -0.0039504625 3.348875 0.5
5.2704873 5.1851439 0.20955406 0.14574718 5.365761 0.5
5.5110052 8.5669803 0.18313701 0.027106976 0.445642 0.5
5.0684545 22.100227 0.086285257 -0.11838249 2.979068 0.5
12.797586 1.6919832 0.025497391 -0.027134524 2.813895 0.5
6.2630127 12.721919 0.062459748 0.14418397 4.039246 0.5
14.906398 26.707418 0.00025213766 7.6714993e-05 4.602055 0.5
5.6319954 14.603445 -0.085777374 -0.032501277 1.676583 0.5
12.121038 10.679539 0.046389368 0.021240062 1.207935 0.5
3.5896524 16.605273 -0.10288998 -0.013360748 6.164191 0.5
11.127231 20.012333 -0.067039359 -0.055725685 1.491784 0.5
20.945584 11.614808 -0.011177909 0.0081016967 6.269379 0.5
7.7804308 5.6513611 0.17542644 -0.12072027 0.35856 0.5
16.856078 26.135614 -0.0026283693 0.025034967 0.326238 0.5
6.1013909 24.195943 -0.010641403 0.0018786985 1.608548 0.5
23.442003 4.9461641 0.026796005 0.0029591839 2.616667 0.5
12.478641 7.6055358 0.038348309 -0.022886432 0.410672 0.5
13.743727 14.737734 0.010528012 -0.03874445 3.210668 0.5
18.600282 6.3082497 -0.000354389 -0.022135155 0.309541 0.5
13.822665 23.978121 0.11996476 0.073433734 1.761874 0.5
9.4007446 9.2329356 -0.054920195 0.085645367 4.731547 0.5
4.0937898 4.914273 -0.014280651 -0.037694386 0.313065 0.5
15.97131 13.262627 -0.00108611 0.021561243 0.087229 0.5
16.086399 19.186967 0.074287003 0.0056442805 5.713071 0.5
9.3302044 20.032812 -0.049529465 -0.066497016 0.34983 0.5
7.0906628 22.443968 0.087580372 0.10952906 2.015368 0.5
7.0697949 6.6402775 0.022957306 0.039125662 0.42176 0.5
6.5199358 20.054817 0.19270214 0.11672907 5.580866 0.5
1.9595818 11.558587 -0.12404041 0.088408819 4.066321 0.5
0.84167581 11.981878 0.19665128 0.14536165 5.863794 0.5
21.334372 9.7292821 -0.0022027497 0.0058410884 5.355125 0.5
12.543279 26.798754 0.38492118 0.07724983 5.404824 0.5
20.843493 5.0795965 0.018240306 0.0012703371 1.361005 0.5
4.5378421 20.11385 -0.016763672 0.10887491 5.19755 0.5
13.503118 13.287512 0.89727551 -0.81387699 5.853071 0.5
10.847717 3.1417795 0.019442744 0.068986034 2.830697 0.5
15.551957 15.140878 0.0084532159 -0.016858887 3.251414 0.5
18.242407 25.737991 0.00037628903 -0.00043407023 3.305262 0.5
5.0854542 13.039766 0.10230012 -0.15748059 3.841898 0.5
3.8617405 22.453916 0.10783091 0.036253682 4.917041 0.5
7.1370317 25.448402 0.038898149 -0.010992783 1.726803 0.5
13.367461 0.5995756 0.040682255 -0.0055131651 2.534849 0.5
14.625981 10.919754 0.39335503 0.21793519 1.985571 0.5
7.2617898 4.6400262 -0.0022148154 -0.072981481 5.636684 0.5
13.749928 5.6805702 0.048174993 0.023006078 0.642493 0.5
13.963778 1.5905153 -0.0071924843 0.045825911 5.796573 0.5
15.434169 1.5303932 0.018160566 -0.011191146 4.738871 0.5
22.820617 7.9839279 -0.0028372427 -0.0097638769 1.568073 0.5
9.8561028 24.047139 0.044858955 0.13503576 2.749741 0.5
7.2617879 2.4123829 0.0074454215 -0.12385756 1.171823 0.5
7.0286005 11.682645 0.066475666 -0.059056405 2.226958 0.5
4.9370029 23.8501 0.29953435 0.12146308 1.548545 0.5
1.9694463 16.954327 -0.022906447 0.049181909 3.653333 0.5
16.386704 0.85305347 0.040386961 -0.0037030859 4.394256 0.5
17.169815 9.3442345 0.26599493 0.22873382 0.605652 0.5
7.3668015 13.011161 -0.097899851 0.29167201 3.106146 0.5
18.456511 3.7112463 0.0276534 -0.0084435936 3.095002 0.5
19.616691 5.7799735 0.03019607 -0.016005922 1.841384 0.5
12.923429 9.779966 0.066180784 -0.14834274 6.034028 0.5
9.3899175 7.9205101 -0.026663262 0.016713167 1.857551 0.5
2.4339367 13.653071 0.076362502 0.070640957 1.702664 0.5
9.1499904 18.857842 0.035497612 0.041732866 1.16125 0.5
12.240058 2.7703679 0.015237586 0.0022584782 4.720586 0.5
14.739648 2.4413031 0.052172915 -0.020438676 0.205718 0.5
2.8902885 12.641251 -0.044435087 0.047158382 5.820667 0.5
26.229525 10.908013 0.0043040112 -0.0011359158 3.894129 0.5
4.3114973 11.0836 0.038632856 -0.2646004 3.074393 0.5
17.856183 7.1753594 0.032029731 -0.024418004 0.467747 0.5
21.847072 3.135261 0.0099948829 0.002069211 5.60533 0.5
15.260878 20.652476 0.22365763 -0.090203515 6.227367 0.5
13.963445 4.5769705 0.0029991236 0.062136211 5.177094 0.5
25.830872 9.8065014 -0.013083325 0.0080097429 0.203779 0.5
3.5029204 10.103046 0.027198341 0.015172335 6.095105 0.5
25.835695 18.678428 -0.019978166 0.009415613 5.150288 0.5
15.83428 2.6995081 0.014303613 0.033746601 3.059892 0.5
9.3574191 1.4497133 -0.10165859 -0.058534635 3.692189 0.5
15.140859 24.412761 0.10425675 0.062306685 3.246869 0.5
19.596181 13.481897 -0.0035591576 0.0043643192 2.032293 0.5
15.466196 9.8948058 0.033486176 0.017793256 6.136396 0.5
14.813247 6.4219955 0.11536116 -0.08321327 4.563161 0.5
19.275656 11.655656 0.001523795 0.004610916 5.916686 0.5
4.0369079 15.295102 -0.13860827 -0.086283173 1.344992 0.5
11.938144 4.1645749 0.021945288 0.0094357745 3.633442 0.5
11.612026 8.5047961 0.16455692 0.073498489 2.78777 0.5
11.829343 25.597023 0.034491829 0.039856571 1.483056 0.5
4.1060621 12.342141 -0.13961328 0.12563428 0.879468 0.5
2.5829387 6.9116775 -0.032662676 -0.070841767 4.923104 0.5
5.3371179 11.649977 0.063079922 0.061591503 5.350229 0.5
1.4796155 18.867895 -0.0067928677 0.021838456 1.508644 0.5
11.763504 23.438445 0.059639655 0.089540675 4.32761 0.5
15.596726 7.3179585 0.093775798 -0.043187695 1.3724 0.5
9.8751419 2.4732605 0.20767725 -0.07001234 2.64206 0.5
19.533973 4.2599363 -0.0059031277 -0.0021793073 2.466218 0.5
8.6563418 3.0075789 0.091431619 -0.11113229 0.69625 0.5
0.89100379 16.537499 0.013978831 -0.06066602 0.502972 0.5
8.4400745 13.863377 0.12873232 0.10353606 4.066135 0.5
11.355022 2.0846582 0.12556129 -0.070628655 3.026607 0.5
15.022273 8.7879575 -0.081084666 0.030648253 6.171553 0.5
6.1982003 7.6766853 -0.10668117 -0.027386373 3.767955 0.5
24.284687 11.913178 0.011095125 -0.0016983815 5.349705 0.5
2.5850976 9.4010711 0.02355263 0.014095508 3.28374 0.5
26.258472 15.955298 0.0054077378 -0.0033384346 1.964272 0.5
10.28045 22.310535 0.20392847 0.16401572 1.170799 0.5
10.56893 8.9749462 0.10569928 -0.098353545 0.802835 0.5
16.280457 8.5002554 0.26814992 -0.017706205 5.063896 0.5
6.213929 21.703765 0.070242479 -0.066454509 2.243796 0.5
7.6214622 7.8502228 0.052465917 -0.044733177 5.270568 0.5
12.814139 12.309747 -0.0042756392 0.18669927 5.757172 0.5
4.6496521 7.0622262 0.088932457 -0.071604484 5.271397 0.5
9.6292234 13.309351 0.14749136 -0.14577195 3.151318 0.5
5.5440392 19.502579 0.058636861 0.080519798 0.221595 0.5
1.9061912 15.003323 -0.065887517 -0.050477541 1.510648 0.5
14.692128 0.60869888 0.035048907 0.037908804 5.29405 0.5
10.863331 21.118441 0.10286217 -0.0027359998 2.737677 0.5
1.1009125 17.696612 -0.057597797 -0.069934499 4.134415 0.5
12.585899 21.9178 0.19319058 0.1578413 1.432456 0.5
10.824743 24.633595 -0.046013425 0.029561858 2.840655 0.5
12.802157 4.8909518 0.071147645 0.044005448 2.899005 0.5
8.411114 25.26937 0.03981012 -0.076375758 4.137855 0.5
11.341081 26.77024 0.036749762 -0.014703353 1.992807 0.5
24.204894 16.429251 7.6538867e-05 -0.0003111873 0.375558 0.5
8.1688871 21.848201 0.053847981 0.083172743 0.629977 0.5
18.874475 7.8884367 0.023589126 -0.020454012 5.301885 0.5
24.3327 5.8524619 -0.0048256587 -0.0051423583 1.197725 0.5
3.0371245 21.665016 -0.070910418 0.0087618646 2.939026 0.5
6.1242445 9.5712057 0.0073370281 -0.14654864 3.912909 0.5
17.764291 8.3730909 -0.0038557343 0.024438034 3.115045 0.5
17.54298 14.987598 -0.010437991 0.0045708655 1.662001 0.5
8.9541761 17.145503 0.083172638 0.098139139 0.131507 0.5
