# x y vx vy theta radius
5.0439278 11.543552 -0.40075973 -0.93710336 3.1425301 0.5
17.311213 7.2250377 0.014799793 0.020237299 1.764168 0.5
25.086636 8.8137033 -0.0014097887 -0.0043630925 3.951996 0.5
14.788972 8.3311526 -0.023335954 -0.002415058 4.259518 0.5
15.038849 15.518149 0.081466472 0.0043275506 1.882067 0.5
5.8269965 16.981644 0.028714028 -0.003731814 0.92276 0.5
22.197027 12.931668 9.9868933e-06 0.0031685701 4.981497 0.5
24.312428 7.2481194 0.0082293333 0.015003296 0.663689 0.5
13.970732 7.4755373 -0.0031359237 0.039937409 4.599871 0.5
19.730676 19.348047 -0.0078127631 0.00064594633 3.315122 0.5
13.303356 10.363152 0.024770005 0.015917042 5.224588 0.5
7.6997183 8.5843165 0.01461731 -0.019020853 4.739779 0.5
18.005032 2.9646316 0.0083366685 0.034324505 0.624425 0.5
12.395957 17.048736 -0.01759054 0.027633481 0.734434 0.5
26.846311 10.087972 0.022162479 0.033286024 4.989084 0.5
10.896729 6.7901791 -0.031750845 0.0028798122 2.508867 0.5
19.245448 9.0834162 -0.00863446 -0.0037358647 5.939565 0.5
18.809358 4.007723 -0.0128617 0.010686831 0.028815 0.5
22.714955 23.684257 0.0081132646 0.0045907104 3.449449 0.5
18.549363 15.298015 0.0014920385 -0.00050111258 0.592282 0.5
26.25501 11.118197 0.0002522152 -0.00051748805 6.045768 0.5
13.110602 2.6580135 0.014695646 0.020059198 0.890473 0.5
21.01045 24.865049 -0.0023420129 -0.0017755933 2.353219 0.5
8.490271 23.521154 -0.010162188 0.0062064777 1.672869 0.5
23.858331 20.290387 -0.0030865046 8.9463204e-05 4.21507 0.5
19.964814 20.861277 -0.00073876079 0.0012562079 0.4829 0.5
8.152497 7.037963 0.028089951 0.017563207 6.274711 0.5
16.968366 5.085548 0.01323902 0.0428831 1.301021 0.5
21.507463 23.723874 -0.0020257073 0.0024338837 3.538852 0.5
6.937529 7.1466788 1.4161373 -0.51915847 1.72413 0.5
15.95614 8.8643188 0.013765716 0.016952494 0.779811 0.5
13.082697 13.48687 0.0050275421 0.015075371 1.209651 0.5
17.869065 13.047413 0.060586387 0.013125015 5.377079 0.5
21.264438 9.8670253 0.030613435 0.0073277899 3.122843 0.5
17.044722 10.208916 0.021990522 0.038093674 4.105439 0.5
14.160035 17.353937 0.018340771 -0.036617411 2.246795 0.5
23.24212 4.2865351 0.0099364685 0.018459814 3.468535 0.5
12.61994 7.2941551 -0.0015131363 0.034970056 5.532293 0.5
12.763664 0.61738202 0.032172992 0.015097062 0.531572 0.5
11.354929 8.5037946 0.017956829 0.0070907186 5.261584 0.5
8.252467 2.6530316 -0.0058435539 -0.023601776 0.040113 0.5
10.246238 10.568877 0.010933689 0.022513608 4.576591 0.5
17.081907 8.4614072 0.0026182791 0.0036110033 0.209824 0.5
21.077908 19.988293 -0.0034972195 -0.0004206433 1.770879 0.5
24.9818 16.903612 -0.012920916 0.0017203452 4.791815 0.5
7.3659443 9.7146863 -0.050457472 -0.009608759 2.522673 0.5
20.825249 10.956284 0.0066265182 0.03646726 3.232151 0.5
14.813504 1.9596805 0.018863089 0.014568377 0.943125 0.5
9.3254827 5.5039991 0.011674493 0.0337496 1.031271 0.5
20.188483 23.372757 -0.0057281114 -0.00088181618 1.523797 0.5
25.462505 20.92161 -0.0010407713 -0.0018370031 1.787492 0.5
15.169938 6.4537839 0.015156786 -0.015855046 3.056837 0.5
20.902712 18.39326 -0.0040193682 0.0042663029 3.332967 0.5
24.046988 8.3363125 0.021551222 0.0077978486 3.889918 0.5
7.0498871 13.709131 0.16722141 -0.24960589 1.775857 0.5
10.440582 7.8550235 -0.02498627 -0.023554412 4.33857 0.5
6.6137662 12.477851 0.36454001 -0.16153154 2.652322 0.5
7.8641434 21.231323 -0.011298279 -0.016041059 1.360759 0.5
26.226991 19.147601 -0.00087475511 -0.0073963346 1.350476 0.5
16.20591 11.312629 0.017034485 0.018449064 3.139709 0.5
15.504112 12.330072 0.022432208 0.008454524 3.877928 0.5
16.358724 15.3154 0.0029519807 0.027521313 4.111005 0.5
8.0566243 3.9768351 -0.033904661 0.012509673 4.354529 0.5
13.840043 14.723195 0.036557073 0.06201292 1.958136 0.5
22.546284 16.887985 -0.0060575448 -0.0012739981 1.935129 0.5
22.983315 21.230761 0.0049139092 -0.00036255897 0.983243 0.5
19.893537 17.074214 -0.00091528193 -0.00033262954 4.524452 0.5
9.1384025 8.1675166 0.028808639 -0.015229415 4.628506 0.5
20.087309 3.4513043 -0.0013407921 0.0079109305 4.619789 0.5
7.1313277 4.8365731 0.028119739 0.028834036 6.246698 0.5
25.075752 14.503918 -0.0046295055 0.0011179536 2.597917 0.5
18.524574 12.127473 0.015691707 0.0017933254 5.540445 0.5
2.0166533 11.770156 0.046588699 0.050665751 1.135786 0.5
16.168864 4.2695329 0.023527076 0.015265369 0.649744 0.5
17.715156 11.164369 0.030204627 0.021063372 4.647872 0.5
23.866273 16.179463 -0.0046911455 0.00099166517 3.116928 0.5
20.26034 2.1547905 0.01630585 -0.010625609 1.058365 0.5
12.222987 1.9676411 -0.0067086742 -0.0049959684 1.223223 0.5
22.853271 8.4185827 -0.0018328996 0.012118896 6.185729 0.5
22.410354 9.680758 -0.0026868026 0.018352686 5.03693 0.5
22.201006 3.4366903 0.029422407 -0.00044105455 0.158334 0.5
11.486227 3.5034515 0.010858531 0.029938437 0.09489 0.5
22.104895 10.772249 -0.0043932719 0.017111426 3.182579 0.5
23.012966 13.720512 0.035697428 -0.019302846 5.999337 0.5
27.420526 13.302688 0.0027399796 -0.00029698342 0.712677 0.5
22.134786 14.41464 0.020106478 0.02021126 1.70588 0.5
22.157372 4.5702539 0.0019132539 -0.0038058478 5.092516 0.5
18.49702 26.501331 -0.0039524328 0.0011121367 0.506989 0.5
6.2182649 15.126749 0.042695879 -0.010810951 4.452103 0.5
9.9738558 3.0492986 0.011771008 0.037793501 3.429354 0.5
19.923403 4.5624441 0.00082920422 0.017996702 5.942963 0.5
27.154573 16.356996 -0.0045034989 0.00073361292 2.062723 0.5
19.882469 15.875373 -0.00046984571 0.0008048117 2.598321 0.5
25.551488 13.373176 0.0011879128 0.0005265177 6.159219 0.5
11.204393 9.9496363 0.018022822 -0.0081426591 1.488917 0.5
10.479825 4.2885963 -0.019680484 0.027115341 1.927238 0.5
16.395852 20.238045 0.0053105704 0.046654194 3.98558 0.5
14.633908 20.035817 0.040861621 0.082505549 3.515453 0.5
22.140713 19.214153 -0.0064022796 0.0038165909 3.362574 0.5
18.987016 1.5257257 0.0068071926 0.020893565 2.617045 0.5
22.629232 15.552529 -0.0053015222 -0.0019540645 4.416501 0.5
3.0756122 8.3967395 -0.035483421 0.015770274 2.357123 0.5
25.405314 6.9326367 -0.010254145 0.0018091143 0.027213 0.5
23.227062 10.485819 -0.010050875 0.036779381 3.270335 0.5
11.715593 25.633533 0.00074818402 -0.002779667 5.133302 0.5
12.15163 10.66975 0.0080400044 -0.0098978632 4.163048 0.5
24.779458 12.547526 -0.0013008121 0.002471425 3.93618 0.5
20.492223 9.0346215 -0.0011613142 -0.0023915158 5.951127 0.5
15.338376 0.68025479 -0.024418642 -0.039757271 4.082451 0.5
4.3300927 10.411839 0.0066894202 0.015461856 1.780305 0.5
18.068331 9.3561887 0.019690972 0.0086716381 2.847882 0.5
20.939706 14.504538 -0.0032699543 0.022574218 1.767937 0.5
10.976489 5.6338732 -0.015188347 0.016653983 0.00135 0.5
19.460579 18.126035 -0.0018128897 -0.002955459 5.312468 0.5
15.832406 7.4400863 0.0061040042 0.012221754 0.320289 0.5
19.355416 7.9342679 -0.018914066 0.019088987 0.581132 0.5
11.026249 2.2893476 -0.011181642 0.0081167796 3.087421 0.5
24.840904 21.91632 -0.00087341378 0.00076970024 3.560403 0.5
17.218535 14.236622 0.013400048 0.013596397 0.555117 0.5
13.43868 1.5510477 0.014658154 0.0073261523 6.220608 0.5
10.214242 9.2293021 -0.0012842657 0.031096221 5.652715 0.5
8.1211044 5.6324604 0.0070544616 0.018067152 0.827952 0.5
19.685667 11.443814 -0.0058617835 0.011460839 1.054048 0.5
16.371237 19.003147 0.011452733 -0.0042027378 0.319962 0.5
14.129034 0.63310505 0.033541832 -0.0027283567 2.464344 0.5
15.607775 3.1963121 0.023789598 0.036652658 3.780782 0.5
5.2946493 8.6084263 -0.43471893 0.35655286 0.745414 0.5
17.564536 6.0469172 -0.0057450374 0.0082590235 3.348875 0.5
19.74123 14.156131 -0.01538957 0.033869604 5.365761 0.5
4.6482309 7.7340387 -0.61308264 -0.76413293 0.445642 0.5
14.798271 21.603265 -0.0038849098 0.0059678426 2.979068 0.5
17.377063 15.788123 0.019104533 -0.0036273609 2.813895 0.5
7.755426 16.48154 0.4424996 0.39955777 4.039246 0.5
21.72686 21.236679 0.00011148741 0.00057509677 4.602055 0.5
9.473448 1.9904718 -0.0025219914 -0.026223275 1.676583 0.5
6.025192 5.1871717 -0.025295388 0.0027837012 1.207935 0.5
24.876301 18.36801 -0.0020691534 0.0058639029 6.164191 0.5
9.7322735 11.726897 -0.017987823 0.0034982434 1.491784 0.5
25.131996 19.70322 0.0024063938 -0.00037396932 6.269379 0.5
23.425941 12.649473 0.00034666167 0.0053405532 0.35856 0.5
8.5504004 10.835717 1.3509763 -0.27558178 0.326238 0.5
25.79645 17.703669 -0.0023747456 0.0013024739 1.608548 0.5
21.574034 22.586462 -0.0033457203 -0.00049391325 2.616667 0.5
21.449283 12.066793 0.0038709257 0.010118656 0.410672 0.5
4.6654361 16.543171 -0.047368237 0.036324309 3.210668 0.5
23.95132 5.2078748 0.018045488 -0.010572455 0.309541 0.5
18.310119 25.361413 -0.0015251106 -0.00068373669 1.761874 0.5
22.859543 5.458887 0.00015478522 0.0021845061 4.731547 0.5
12.650561 3.705634 0.0034789629 0.023989711 0.313065 0.5
13.679274 11.427081 0.040750576 0.021569134 0.087229 0.5
14.395872 3.2502678 0.0017045072 -0.0066245474 5.713071 0.5
21.615042 8.7649164 0.0077705573 0.028326634 0.34983 0.5
13.493804 16.376931 0.013074738 0.070039523 2.015368 0.5
23.868211 11.430136 -0.00019738086 0.00038573469 0.42176 0.5
19.904123 10.03878 -0.019915354 0.039088046 5.580866 0.5
13.197423 5.1977094 0.042642071 0.024600014 4.066321 0.5
20.731516 7.8383773 0.014818579 0.029474874 5.863794 0.5
13.946777 12.549045 0.04775182 0.050605191 5.355125 0.5
26.930771 17.584809 0.0050125628 -0.0019575619 5.404824 0.5
24.187934 13.688543 0.0018655721 -0.00026743718 1.361005 0.5
22.706637 11.733411 0.0010347809 -0.0033182712 5.19755 0.5
19.086667 13.111426 -0.00085595185 -0.011816718 5.853071 0.5
17.919754 1.16723 0.021870896 0.034860241 2.830697 0.5
15.771829 10.092543 0.021139586 -0.019971403 3.251414 0.5
16.765561 0.93475129 0.0078074248 0.052435496 3.305262 0.5
13.495107 6.4129298 0.024641946 0.019190762 3.841898 0.5
3.2452354 6.3033899 0.0089102681 0.023860063 4.917041 0.5
21.194741 2.856898 0.0028396312 0.0052498733 1.726803 0.5
21.608062 5.5479377 0.0019836153 -0.0065871198 2.534849 0.5
21.201326 16.881787 2.9215777e-05 0.001551903 1.985571 0.5
23.520604 9.3989274 -0.015717324 0.0092219284 5.636684 0.5
5.913242 7.4334364 -0.50807635 -1.5054882 0.642493 0.5
17.353788 26.393394 -0.0029863054 0.001337113 5.796573 0.5
12.058033 21.126942 0.022944722 0.0082094935 4.738871 0.5
14.907579 4.2798772 0.0013972674 0.01005149 1.568073 0.5
19.756343 25.448762 -0.001834175 -0.00040920858 2.749741 0.5
12.263947 5.989494 -0.003228982 -0.027407002 1.171823 0.5
20.292294 12.521467 -0.011953376 0.010965495 2.226958 0.5
11.565528 12.894559 0.0046387261 0.036992117 1.548545 0.5
12.284097 9.2532371 -0.0033441794 0.016084646 3.653333 0.5
18.742534 10.594147 -0.0018410724 -0.003593043 4.394256 0.5
5.5618883 13.514775 0.19365704 0.75804847 0.605652 0.5
16.900857 3.2068994 0.003572343 0.017706557 3.106146 0.5
18.200542 8.2393678 0.0076009054 0.020650896 3.095002 0.5
23.168748 7.3209756 0.0042306243 0.026062805 1.841384 0.5
23.663263 6.297417 0.027455348 0.023668688 6.034028 0.5
14.455696 5.5870816 0.0085428575 -0.01219955 1.857551 0.5
11.227598 11.508057 -0.0093789227 0.047496607 1.702664 0.5
9.7098138 19.143708 0.027111466 0.0029101836 1.16125 0.5
23.722382 17.369571 0.00089544313 -0.0036440457 4.720586 0.5
26.411219 15.502212 -0.0035821346 -0.0046359516 0.205718 0.5
13.758043 4.1803274 0.015115183 0.0069252795 5.820667 0.5
4.4016945 5.5818581 -0.029590268 0.052294456 3.894129 0.5
7.9658498 14.585391 0.33635231 0.30370844 3.074393 0.5
14.643376 10.607508 0.025370278 0.0098972386 0.467747 0.5
14.85912 14.112292 0.012851168 -0.050427344 5.60533 0.5
25.217524 15.658457 -0.0006080268 -0.00085993442 6.227367 0.5
17.654055 17.116084 0.029556863 -0.02819809 5.177094 0.5
10.41817 16.100295 -0.0096408827 0.013816882 0.203779 0.5
21.081354 13.335611 0.031599986 0.041980338 6.095105 0.5
24.766497 5.9872511 0.017957592 -0.0037175662 5.150288 0.5
26.39947 8.9471498 -0.011731022 0.016613954 3.059892 0.5
18.657419 6.8451036 0.019588812 0.037161904 3.692189 0.5
15.971327 2.0177152 -0.0034232305 0.0098920397 3.246869 0.5
27.260871 11.822819 0.00078810873 0.0025509331 2.032293 0.5
11.599391 22.26825 -0.03241064 0.072481556 6.136396 0.5
9.1794913 3.9113041 0.0092578426 0.0287148 4.563161 0.5
21.051886 15.72269 -0.002003428 7.9118063e-05 5.916686 0.5
19.204457 5.7781606 0.0066876232 0.032511663 1.344992 0.5
22.59784 18.055667 -0.0021620969 0.0014510949 3.633442 0.5
5.7334601 10.652981 0.0268424 -0.30426959 2.78777 0.5
19.24161 2.6598804 0.04446529 0.0094882121 1.483056 0.5
24.512493 10.024905 0.024943012 0.01817294 0.879468 0.5
5.6838111 3.9441961 0.03607268 0.032867046 4.923104 0.5
18.44827 19.611718 -0.0018806981 -0.0011726983 5.350229 0.5
21.094584 4.0922655 -0.001254925 0.016047219 1.508644 0.5
17.170052 2.0525691 0.048846597 0.00053505998 4.32761 0.5
4.1127588 9.2235344 -0.070496503 -0.011588625 1.3724 0.5
16.455562 6.35307 0.02118739 0.0042365523 2.64206 0.5
18.235166 5.1081221 -0.0060020125 0.027758929 2.466218 0.5
15.097816 17.984146 0.0087632095 0.017082516 0.69625 0.5
16.678921 13.206946 0.029493356 0.010118231 0.502972 0.5
26.165355 12.275514 -0.0029906499 0.0036039763 4.066135 0.5
23.554305 18.705028 -7.877584e-05 -0.00085182366 3.026607 0.5
25.68191 9.8584533 -0.024414194 0.03093534 6.171553 0.5
15.77774 5.3316977 -0.0091620287 0.018123408 3.767955 0.5
9.1411812 9.9372085 0.044247982 -0.06292804 5.349705 0.5
14.82799 9.4719058 0.013252201 -0.012362536 3.28374 0.5
12.641247 12.063113 0.031895494 0.033888798 1.964272 0.5
17.601079 4.1290694 0.028258228 0.01112676 1.170799 0.5
18.312719 18.128581 0.0095323981 0.018409868 0.802835 0.5
19.283865 24.359031 -0.0056661605 0.0019189861 5.063896 0.5
26.387741 14.228681 -0.0019679173 -0.00071091939 2.243796 0.5
13.507954 8.9400242 -0.023401458 0.0064377567 5.270568 0.5
8.8859826 13.405917 0.010025013 0.015954848 5.757172 0.5
11.483575 1.0712988 -0.012036158 0.011607593 5.271397 0.5
13.576054 21.940614 0.020981798 0.061465355 3.151318 0.5
19.831307 6.7787601 -0.017193102 0.028513653 0.221595 0.5
3.4635919 11.437741 -0.16400678 -0.17097056 1.510648 0.5
16.377022 17.694312 0.032675707 0.012221038 5.29405 0.5
10.266957 1.1126499 0.0066896506 -0.018856789 2.737677 0.5
22.319726 6.5761991 -0.015686059 0.02577675 4.134415 0.5
11.953497 4.8495464 0.005322187 0.012043077 1.432456 0.5
21.986971 7.6611264 -0.0094219986 0.021600111 2.840655 0.5
25.942825 7.9207715 -0.0051738566 0.013718437 2.899005 0.5
7.4567962 11.233401 0.14224622 0.68036754 4.137855 0.5
9.6713448 6.868822 -0.007539116 0.026100517 1.992807 0.5
9.4266957 22.142354 -0.0047450324 0.0023055677 0.375558 0.5
20.354621 5.667165 0.032852682 0.019993976 0.629977 0.5
17.135401 12.178277 -0.00346559 -0.0031666694 5.301885 0.5
27.381653 14.888241 0.006011367 -0.0029247707 1.197725 0.5
7.0619402 2.8968302 -0.0098140589 -0.017820531 2.939026 0.5
21.064392 6.7454218 0.002613201 -0.0048355571 3.912909 0.5
23.756789 14.884241 -0.00068730589 -0.0013434823 3.115045 0.5
25.148383 11.379827 0.022574349 0.051875295 1.662001 0.5
17.27557 23.698941 -0.0021827477 -0.0011515467 0.131507 0.5
