# x y vx vy theta radius
14.909464 6.5607637 0.4348629 -0.095084918 5.8914901 0.5
22.81482 17.77411 -0.021898659 -0.003360176 1.764168 0.5
14.106456 21.125238 0.29337654 0.052657667 3.951996 0.5
18.192893 23.448192 -0.0016693776 -0.0013185867 4.259518 0.5
17.17545 8.8670699 0.3463237 -0.089808897 1.882067 0.5
15.577442 9.8456805 0.16477761 0.14363887 0.92276 0.5
9.9878498 15.458348 -0.022021721 0.052049084 4.981497 0.5
10.840808 24.693802 0.023486415 0.028258932 0.663689 0.5
15.930776 4.8041539 -0.11834386 -0.076794626 4.599871 0.5
15.402132 14.006391 0.031258714 0.30272156 3.315122 0.5
3.4578451 21.313194 0.13682546 0.025133309 5.224588 0.5
22.713118 12.55454 -0.047664971 0.0004461946 4.739779 0.5
25.164034 17.726325 0.014974544 -0.0056801196 0.624425 0.5
17.533337 20.908311 -0.0031773597 0.0065372895 0.734434 0.5
13.329627 2.2078051 0.004208864 0.021077187 4.989084 0.5
22.188634 20.38293 -0.0083226544 0.0088425633 2.508867 0.5
12.896764 15.269282 0.085383489 0.34942483 5.939565 0.5
18.789918 13.701867 -0.0057561658 0.072581743 0.028815 0.5
17.481495 11.379233 0.24589049 0.077673345 3.449449 0.5
2.8879033 19.937958 -0.11666841 0.052602327 0.592282 0.5
9.0157697 2.6371408 -0.63808482 -0.71061017 6.045768 0.5
19.324789 26.168405 -0.014478714 0.002909385 0.890473 0.5
18.906136 20.92551 -0.0046556914 0.0024613319 2.353219 0.5
22.068794 4.795952 0.094807315 0.073884736 1.672869 0.5
26.275095 13.100069 -0.005156479 0.0093266194 4.21507 0.5
12.88806 21.783466 0.11525678 0.18787535 0.4829 0.5
25.943199 10.678825 0.0023148544 -0.00081566414 6.274711 0.5
22.289018 3.4729027 0.044515783 0.15149992 1.301021 0.5
24.765674 8.5773448 0.0066706124 0.022020022 3.538852 0.5
16.867524 25.00209 -0.0010864144 -7.8906709e-05 1.72413 0.5
17.884939 4.1586635 0.0026653948 -0.3427455 0.779811 0.5
21.729303 12.014019 0.13711124 0.045003787 1.209651 0.5
19.812684 20.256723 -0.003539048 0.0090381635 5.377079 0.5
27.270788 16.108512 -0.0029566833 -0.00090856726 3.122843 0.5
11.644733 21.719542 0.0034386776 0.025624967 4.105439 0.5
24.102554 14.256254 -0.00036309297 0.10214541 2.246795 0.5
9.1416162 22.579561 -0.012901073 0.0071947519 3.468535 0.5
19.578447 11.5831 0.13566232 0.12228351 5.532293 0.5
12.055511 3.3750664 0.22968667 -0.14906711 0.531572 0.5
2.3166664 9.536338 0.066562974 -0.091413047 5.261584 0.5
27.415418 13.39675 0.026866702 0.079715172 0.040113 0.5
21.821972 18.923833 0.0051351396 0.0083568105 4.576591 0.5
21.889791 16.020884 -0.0060475209 -0.0028158049 0.209824 0.5
10.250785 12.252302 0.0068282469 -0.01544903 1.770879 0.5
22.897351 16.596327 -0.00049501661 -0.013674949 4.791815 0.5
20.090163 5.743627 -0.027233613 0.041415698 2.522673 0.5
22.989903 13.668037 0.031135139 0.17339429 3.232151 0.5
17.257276 2.1632579 0.34674132 0.030492883 0.943125 0.5
27.357246 14.910484 -0.0056837584 0.013942866 1.031271 0.5
25.307603 7.3886749 -0.015998978 -0.010688616 1.523797 0.5
23.872323 11.949522 0.0068793349 0.014974009 1.787492 0.5
25.286072 14.0173 -0.0067118617 0.033503667 3.056837 0.5
11.325226 16.576506 -0.011026889 0.014019486 3.332967 0.5
23.255065 4.2747198 0.018379868 0.016455686 3.889918 0.5
20.284021 3.275026 -0.12014211 0.39523926 1.775857 0.5
19.524315 12.823935 -0.025649362 0.097792299 4.33857 0.5
19.221207 22.829435 -0.00095203773 0.0019809808 2.652322 0.5
10.776735 18.509464 0.14508039 -0.014688637 1.360759 0.5
18.587193 19.812818 -0.0079709818 0.0034335739 1.350476 0.5
21.307165 25.170701 -0.0025695726 -0.0066124057 3.139709 0.5
17.973012 7.955549 -0.16599186 0.23773534 3.877928 0.5
13.744947 11.00331 0.020993953 0.06189147 4.111005 0.5
3.4447548 5.9371905 0.05087029 -0.028838432 4.354529 0.5
14.022672 13.452542 0.032280657 0.10375831 1.958136 0.5
24.806595 10.448328 0.11528379 -0.015248355 1.935129 0.5
21.818077 21.518512 -0.020562833 0.014483837 0.983243 0.5
8.4634791 25.789788 -0.00014249076 2.8021605e-05 4.524452 0.5
4.8454267 20.041486 -0.004760738 0.0010164579 4.628506 0.5
26.138851 16.615168 -0.0044280443 0.0045355028 4.619789 0.5
7.0508369 23.543592 -0.032274838 0.061083316 6.246698 0.5
16.758566 18.813915 -0.012240174 0.0065714288 2.597917 0.5
8.062536 20.32219 -0.037144789 0.14948033 5.540445 0.5
24.009292 17.095883 -0.017612732 -0.014582231 1.135786 0.5
26.167588 8.3860596 -0.016336236 0.028739115 0.649744 0.5
13.794619 26.734316 -0.016213048 -0.0085142995 4.647872 0.5
3.7098417 22.4186 0.060168014 -0.044636748 3.116928 0.5
13.168448 5.4157412 -0.31717968 -0.026397925 1.058365 0.5
22.990735 7.3962866 -0.026714097 -0.014391679 1.223223 0.5
27.254064 12.292564 -0.19734071 0.049946839 6.185729 0.5
2.1733376 18.845322 -0.1059131 0.046095359 5.03693 0.5
24.20005 18.327768 -0.0093557423 0.0066887546 0.158334 0.5
10.535627 1.8159511 -0.013552365 -0.0038947126 0.09489 0.5
9.1763061 17.924302 0.172335 0.053129025 3.182579 0.5
23.429049 19.993452 -0.00160981 0.010779298 5.999337 0.5
12.849107 26.080857 -7.8837713e-05 4.2062023e-05 0.712677 0.5
22.437201 8.463958 0.078277338 -0.10055255 1.70588 0.5
1.5201849 15.22662 0.06601513 0.0069635596 5.092516 0.5
13.271475 23.129032 -0.0082995779 0.0088871491 0.506989 0.5
24.495725 22.194031 -0.011130801 -0.0085503495 4.452103 0.5
21.20706 2.6920984 0.4169419 -0.27583187 3.429354 0.5
20.684444 20.973472 7.4939332e-05 0.0064468367 5.942963 0.5
11.097537 23.369418 -0.00083550487 -0.00029442507 2.062723 0.5
24.120278 9.5314497 0.048616143 -0.065636712 2.598321 0.5
24.070332 5.1606285 -0.00026146445 0.021121351 6.159219 0.5
16.996045 6.2198183 0.17976719 -0.060176874 1.488917 0.5
12.508584 24.176141 -0.0033965335 0.0047183398 1.927238 0.5
21.431675 7.6456919 0.11415018 -0.18673681 3.98558 0.5
19.788729 9.4710564 -0.087101563 -0.065496674 3.515453 0.5
19.379185 6.6991997 0.018721849 -0.026085035 3.362574 0.5
16.721191 10.111928 0.060986747 0.020047029 2.617045 0.5
15.553633 24.056924 -8.5278289e-05 0.0056818647 4.416501 0.5
26.199036 11.976101 -0.062021107 -0.034214044 2.357123 0.5
20.715315 12.553152 0.092743961 0.0019563798 0.027213 0.5
13.639328 25.27212 -7.5482296e-05 -2.5067187e-05 3.270335 0.5
24.950267 16.396393 -0.006574502 0.011781846 5.133302 0.5
9.7075128 25.071001 6.2920141e-05 9.7056349e-05 4.163048 0.5
20.273767 4.6156322 0.35694274 0.001321706 3.93618 0.5
15.889624 8.589826 0.057466708 0.15989208 5.951127 0.5
5.9989199 20.436701 0.16295911 0.052548359 4.082451 0.5
21.354825 23.652227 -0.00012157053 0.00065897599 1.780305 0.5
16.128218 13.032874 0.13749365 -0.034516757 2.847882 0.5
6.1493997 12.300451 0.11896364 0.087439565 1.767937 0.5
14.98757 0.95536442 0.12578007 -0.21978476 0.00135 0.5
25.559248 9.416453 0.0036354208 -0.0087490321 5.312468 0.5
25.066219 11.646934 -0.0029440265 -0.07248906 0.320289 0.5
9.8971911 20.740547 -0.019319921 -0.0056489431 0.581132 0.5
17.305188 17.811857 -0.014677371 -0.009770326 3.087421 0.5
15.953649 6.0943619 0.95311594 -0.70187581 3.560403 0.5
11.960342 18.322559 0.08759284 0.10373877 0.555117 0.5
20.142083 25.194403 -0.0096388629 -0.012568356 6.220608 0.5
22.9734 5.4998119 0.097353406 -0.0071363071 5.652715 0.5
17.078081 22.490298 -0.0042298938 -0.00010057907 0.827952 0.5
21.030597 22.557966 0.0093327844 0.021715805 1.054048 0.5
6.0537522 11.170976 0.051673092 0.15269904 0.319962 0.5
3.4401255 14.258135 -0.01123815 -0.081715679 2.464344 0.5
11.102041 19.606008 0.012197795 -0.014183721 3.780782 0.5
5.7646927 24.485524 -5.8000363e-06 -4.6269488e-05 0.745414 0.5
21.643931 17.61971 -0.013195293 0.010698254 3.348875 0.5
18.686146 8.8606223 -0.044341344 -0.028226991 5.365761 0.5
9.6814611 5.944609 -0.10503064 -0.30321769 0.445642 0.5
2.2703158 16.054332 0.044381159 0.028690493 2.979068 0.5
12.886911 17.677424 -0.016564813 0.0023817001 2.813895 0.5
18.275752 5.5410496 0.14377052 -0.033466891 4.039246 0.5
20.589859 16.764358 -0.016826816 -0.0093134337 4.602055 0.5
14.905975 12.505755 0.18789348 -0.13278405 1.676583 0.5
22.004214 10.480136 0.13805335 0.067952086 1.207935 0.5
1.8095225 13.111569 -0.046190861 0.0066615745 6.164191 0.5
5.3482446 21.491275 0.23312992 -0.013527439 1.491784 0.5
3.2767682 17.105138 0.014837507 -0.066443359 6.269379 0.5
18.159598 22.055904 -0.013559905 0.0095335006 0.35856 0.5
8.0566894 14.844911 0.032721542 -0.012838966 0.326238 0.5
22.264897 6.3790002 -0.0010578229 -0.0021377631 1.608548 0.5
9.7030626 19.503077 -0.07500582 -0.0083788523 2.616667 0.5
16.238612 20.274306 0.00034562809 0.0007514416 0.410672 0.5
22.881179 11.371249 0.055257335 0.089541083 3.210668 0.5
6.7819404 8.7810972 0.014192759 -0.12441313 0.309541 0.5
21.771953 14.381368 0.014069619 0.15822655 1.761874 0.5
23.009379 9.6712509 0.04006681 -0.079097496 4.731547 0.5
8.6365969 15.857441 0.0032750846 -0.022813805 0.313065 0.5
0.73606728 13.648903 -0.067376083 0.049977707 0.087229 0.5
18.134356 16.32784 0.011503324 -0.0064211288 5.713071 0.5
15.076931 19.147382 0.0088659251 0.010114662 0.34983 0.5
26.388557 14.260949 -0.0039192413 0.025415591 2.015368 0.5
19.211994 15.93843 -0.017083813 0.0042856681 0.42176 0.5
19.729147 19.101931 -9.8698462e-05 0.0078859837 5.580866 0.5
24.248626 21.089682 -0.0057874751 0.012749964 4.066321 0.5
19.06023 4.6111908 -0.0092037176 -0.26303035 5.863794 0.5
20.867271 19.770068 -0.016509759 -0.0017041249 5.355125 0.5
13.891882 0.5534341 -0.34768036 0.075717882 5.404824 0.5
21.683787 13.176839 0.056918126 0.14136406 1.361005 0.5
23.091488 21.12256 -0.0059784589 0.0065606921 5.19755 0.5
26.642386 9.72116 -0.010168129 -0.0064476513 5.853071 0.5
7.8498159 7.6663738 0.072819117 -0.1385158 2.830697 0.5
22.285757 24.515853 -0.01892194 0.017354478 3.251414 0.5
19.56123 8.0725562 -0.008197625 0.006405332 3.305262 0.5
17.785581 26.734201 0.0025822894 -0.0071116428 3.841898 0.5
18.627739 12.145365 0.075098394 -0.014580766 4.917041 0.5
18.363041 18.419452 -0.021060997 -0.0019129263 1.726803 0.5
26.965564 11.141202 0.0076843445 -0.0046873131 2.534849 0.5
12.81297 19.051755 -0.010044258 0.023053998 1.985571 0.5
14.175829 18.373359 -0.0022492581 -0.0015925395 5.636684 0.5
16.569066 7.3715314 0.14828611 0.098809569 0.642493 0.5
3.9958947 18.913731 -0.014730308 -0.013399819 5.796573 0.5
16.204383 11.279183 0.0044941742 0.13233091 4.738871 0.5
20.856373 11.254026 0.1205822 0.012047134 1.568073 0.5
12.111242 20.409379 0.10673703 0.065967139 2.749741 0.5
21.265077 3.9840934 -0.12531019 0.089468229 1.171823 0.5
4.7183521 23.713058 0.16029905 -0.019707927 2.226958 0.5
3.635589 9.5071129 0.057038678 0.013081973 1.548545 0.5
14.169338 24.118835 -0.0043077461 0.010817012 3.653333 0.5
7.145556 13.336639 0.15642009 -0.14146774 4.394256 0.5
6.2305657 16.859286 0.15987343 0.058668555 0.605652 0.5
20.20881 23.44536 0.0023805648 0.019003651 3.106146 0.5
16.930523 1.0511207 0.011955774 0.0071131645 3.095002 0.5
14.124428 19.886226 0.020958833 -0.19599963 1.841384 0.5
26.591379 18.568551 0.012036204 0.0019152941 6.034028 0.5
17.122965 23.792415 -0.00086718148 0.0035697603 1.857551 0.5
23.141076 23.476967 -0.0039137438 0.017945996 1.702664 0.5
13.579819 3.8153781 0.120751 -1.039981 1.16125 0.5
21.802444 9.3725602 0.0059503851 -0.050004259 4.720586 0.5
17.753015 14.393988 -0.036953758 0.27867367 0.205718 0.5
20.600659 15.197888 -0.0050328318 0.010926079 5.820667 0.5
25.992739 19.924219 -0.0015100334 0.014750111 3.894129 0.5
19.17527 14.778193 -0.01417144 -0.0079377812 3.074393 0.5
16.485236 26.290615 -0.0023640838 0.0012608277 0.467747 0.5
22.839792 15.210132 -0.00019237841 0.00061308966 5.60533 0.5
25.151651 15.297242 0.0065652108 0.016119358 6.227367 0.5
25.101374 12.891664 0.0037053865 -0.0093782965 5.177094 0.5
24.112679 7.4852843 0.021831789 -0.011293234 0.203779 0.5
9.4950759 14.12861 0.04772931 -0.096546423 6.095105 0.5
14.691781 3.4360327 -0.42988779 -0.096999131 5.150288 0.5
22.155347 22.587805 0.0028855888 0.0055584482 3.059892 0.5
19.491954 1.8056284 -0.0015010938 0.013124058 3.692189 0.5
26.96683 17.442151 0.0018440844 0.002108521 3.246869 0.5
15.39257 21.019589 -0.0098870314 0.017890499 2.032293 0.5
19.276812 24.383274 0.0021947113 0.0063200875 6.136396 0.5
11.626864 25.65739 -3.6177604e-05 -6.9570294e-05 4.563161 0.5
5.9596381 23.329466 0.087594676 0.060664778 5.916686 0.5
10.000165 23.964153 0.033857693 0.085241606 1.344992 0.5
6.2497829 14.781813 0.098360081 0.024845424 3.633442 0.5
26.279406 15.48356 0.0055657272 -0.0084864546 2.78777 0.5
10.986692 14.674057 -0.27908093 0.016195113 1.483056 0.5
20.4648 13.685469 -0.021344145 0.036263307 0.879468 0.5
15.236892 17.183884 -0.032449612 0.012737138 4.923104 0.5
14.580894 5.2322205 0.015195289 0.0042638614 5.350229 0.5
18.240163 6.6974206 0.10572159 -0.17176099 1.508644 0.5
20.018765 21.94323 0.0023402685 0.010910713 4.32761 0.5
17.357071 12.863493 0.016049217 0.052362895 1.3724 0.5
23.861764 15.93212 -0.0010075843 -0.0017730901 2.64206 0.5
20.725794 10.079001 0.072990458 -0.04726919 2.466218 0.5
5.0892075 17.425451 0.022597119 0.071105418 0.69625 0.5
18.377823 1.4686738 0.022618137 -0.0037279052 0.502972 0.5
7.7221325 17.802482 0.022398912 0.0055499992 4.066135 0.5
16.135231 2.0522814 0.0059874017 -0.23301513 3.026607 0.5
23.190172 18.832015 -0.0067406908 -0.0020598555 6.171553 0.5
24.811953 6.0312807 -0.012835526 0.018701169 3.767955 0.5
17.939195 9.8547827 0.018967438 0.072050443 5.349705 0.5
14.244564 14.6856 -0.30108629 0.26257008 3.28374 0.5
14.166739 22.329779 0.0035567616 0.0030630227 1.964272 0.5
7.7698372 22.028072 0.11793693 0.099818897 1.170799 0.5
20.722218 8.8328136 0.0036833408 -0.051212032 0.802835 0.5
3.0986774 7.4330015 0.036634325 -0.031305405 5.063896 0.5
23.584758 8.4752704 0.039472925 0.017978427 2.243796 0.5
5.4288839 18.685732 0.074307984 0.14564621 5.270568 0.5
23.98474 13.154105 0.016927634 0.06432631 5.757172 0.5
8.1839746 24.31665 0.067425023 0.063109122 5.271397 0.5
15.749943 22.704832 -0.0048519891 0.00063634207 3.151318 0.5
23.579782 6.4199017 0.1541623 -0.059581728 0.221595 0.5
20.407419 7.1661699 0.039203401 0.013038162 1.510648 0.5
23.692215 10.590673 0.02848979 0.093497858 5.29405 0.5
16.555915 14.133104 0.21499634 0.37238044 2.737677 0.5
24.805481 20.091278 0.0083946536 -0.0035675752 4.134415 0.5
15.248704 25.510463 -3.3156056e-05 -1.622458e-05 1.432456 0.5
16.718887 3.5296647 -0.027966068 0.010359655 2.840655 0.5
18.121768 25.199584 -0.0028973475 -0.0005138815 2.899005 0.5
15.998074 15.7668 -0.0045061491 0.0095134013 4.137855 0.5
21.311663 5.6227066 -0.023082519 0.013859573 1.992807 0.5
23.25434 22.306239 -0.0074482107 -0.005058302 0.375558 0.5
18.623517 2.7379967 -0.054139448 -0.59095308 0.629977 0.5
14.947878 27.33102 0.00070964483 -0.00091667155 5.301885 0.5
18.637787 10.89188 0.0062583037 0.12771574 1.197725 0.5
25.373803 21.153581 0.0089501539 0.013133729 2.939026 0.5
2.0776955 17.636976 0.11878854 0.011607005 3.912909 0.5
12.553847 12.496155 0.15655202 0.010040445 3.115045 0.5
25.187007 18.881606 -0.0047632186 -0.014089675 1.662001 0.5
15.377763 7.6038593 0.10806277 -0.013088201 0.131507 0.5
