# x y vx vy theta radius
18.641753 13.787039 0.30340277 0.50578309 2.2563167 0.5
25.083893 11.946653 0.10105913 0.14452209 1.764168 0.5
12.182686 9.3296149 -0.031681839 0.006363425 3.951996 0.5
12.27466 15.818325 -0.13314908 0.045723022 4.259518 0.5
11.40459 5.5385913 0.055359092 0.063715315 1.882067 0.5
4.5621404 21.372458 0.0023527075 -0.0027722602 0.92276 0.5
10.634519 7.7235397 0.00027003724 -0.012042165 4.981497 0.5
17.580514 15.455814 0.30744392 0.30983919 0.663689 0.5
13.956405 20.33384 0.00014836187 0.0014746806 4.599871 0.5
1.6276297 13.020967 0.023622208 -0.002482047 3.315122 0.5
25.19213 9.2322507 -0.025772815 0.0040700798 5.224588 0.5
13.319856 11.301296 -0.17989139 0.016254478 4.739779 0.5
7.4966185 22.485113 0.00030571918 -0.00029880558 0.624425 0.5
10.165389 17.437376 0.071410007 0.01063924 0.734434 0.5
4.214079 12.132332 0.0057591249 0.021040911 4.989084 0.5
11.051103 11.314586 -0.055956885 0.034525128 2.508867 0.5
11.421192 17.112574 0.010354551 -0.0042303757 5.939565 0.5
18.065813 25.488386 0.00092299748 0.00065922954 0.028815 0.5
9.1104527 6.7150412 0.0086633608 0.017324014 3.449449 0.5
8.1005599 25.976464 -7.1186232e-05 -2.5657073e-05 0.592282 0.5
11.300596 14.7882 -0.16301913 0.11745234 6.045768 0.5
12.479265 1.1974844 0.035249894 -0.018805926 0.890473 0.5
4.4701477 15.236573 0.014739628 0.018546022 2.353219 0.5
14.142512 25.275989 -0.0027997082 0.00050414627 1.672869 0.5
25.196996 19.318701 -0.032213184 -0.0019651367 4.21507 0.5
11.690979 2.0332495 -0.029552323 0.034622443 0.4829 0.5
19.800159 21.436883 -0.0010380165 -7.9690038e-06 6.274711 0.5
9.6870698 1.3477025 -0.10168232 -0.12876643 1.301021 0.5
16.271624 11.992346 0.27226921 0.13384194 3.538852 0.5
8.0033591 24.793049 -0.00068539703 -0.00099125896 1.72413 0.5
25.736003 13.910363 -0.011258801 0.24068242 0.779811 0.5
1.7988483 18.728461 0.0096284969 0.021565502 1.209651 0.5
27.169998 11.673833 0.036168254 0.12078558 5.377079 0.5
5.6332415 8.9483562 -0.021265823 0.017482097 3.122843 0.5
8.7267578 14.143864 0.00079840102 0.0043115294 4.105439 0.5
6.7277191 3.1125977 -0.039532854 -0.016451643 2.246795 0.5
14.646178 26.71362 -0.0004416006 0.00020922859 3.468535 0.5
8.3800223 13.012845 0.024920567 0.032310772 5.532293 0.5
9.6474756 18.538056 -0.056803243 0.13918467 0.531572 0.5
10.523106 26.111541 -0.0012201864 0.0002882206 5.261584 0.5
9.1702073 10.371838 -0.16657548 -0.15665103 0.040113 0.5
9.3957104 26.527047 0.000615634 0.0019517623 4.576591 0.5
10.950351 15.996766 -0.00087722362 0.0046242866 0.209824 0.5
1.9345372 19.859825 0.0040232176 0.010339216 1.770879 0.5
19.559067 8.6946605 -0.014468876 0.053268432 4.791815 0.5
6.5767164 11.85347 0.01492186 -0.00040666666 2.522673 0.5
11.743316 12.229166 0.11531788 0.047265161 3.232151 0.5
5.4649651 12.043316 -0.0025369077 0.010772428 0.943125 0.5
14.467716 12.429843 0.3614304 -0.053835207 1.031271 0.5
7.7078103 11.767599 -0.0017884145 -0.0070025586 1.523797 0.5
13.391503 4.0597274 0.061654076 0.066390244 1.787492 0.5
11.902608 4.3916683 -0.03093773 0.0043670375 3.056837 0.5
3.6191458 7.3747115 -0.0076635348 -0.037512169 3.332967 0.5
1.733288 14.20249 -0.003425926 0.019702893 3.889918 0.5
10.618442 21.790771 0.00059380002 -0.0014562886 1.775857 0.5
9.049988 19.633405 0.01954723 0.0021862069 4.33857 0.5
23.428285 4.4620949 -0.1031443 0.056060821 2.652322 0.5
6.440925 17.30312 0.021416828 -0.0065164144 1.360759 0.5
2.2848972 17.508013 0.001392783 0.012592556 1.350476 0.5
2.5176841 20.820304 -0.00083862016 0.020846969 3.139709 0.5
7.7672134 4.6275286 -0.12502997 -0.068603808 3.877928 0.5
5.713527 15.180615 0.0022345422 0.008058008 4.111005 0.5
11.448369 25.149062 -0.00041001716 2.5652722e-06 4.354529 0.5
5.2207981 22.315416 0.01472141 0.022898504 1.958136 0.5
0.93445659 10.9744 -0.01726755 -0.0025938049 1.935129 0.5
4.9893111 20.126283 0.0032100576 0.020128466 0.983243 0.5
23.855046 11.106739 -0.042258504 0.10278 4.524452 0.5
3.626865 20.587909 0.0067817445 0.014383458 4.628506 0.5
8.847246 11.625345 -0.1977057 0.070703569 4.619789 0.5
3.0723838 12.69345 -0.013219326 0.0088143993 6.246698 0.5
6.3449195 14.126933 0.015257896 0.014185094 2.597917 0.5
4.2991931 10.980523 -0.00098124461 0.029417641 5.540445 0.5
9.3128537 21.955973 0.0081956441 0.031081814 1.135786 0.5
9.5718291 13.17234 0.0043474781 0.012661009 0.649744 0.5
19.017677 3.6807757 0.036156891 0.040291679 4.647872 0.5
13.99476 5.2400776 -0.024940662 -0.046421032 3.116928 0.5
3.9055644 14.233013 0.0078764846 0.015672508 1.058365 0.5
4.0238008 22.67866 6.1202034e-05 -3.9343316e-05 1.223223 0.5
17.060527 17.213342 0.00017737124 -0.0010774085 6.185729 0.5
20.141362 3.9869743 0.018274856 0.0087180789 5.03693 0.5
2.5686749 9.6487082 0.008107494 0.044391884 0.158334 0.5
6.2845928 18.441484 0.0031417245 -0.0012539376 0.09489 0.5
0.73771231 15.76905 -0.017786284 0.0062837734 3.182579 0.5
1.8470803 15.364209 0.00066153875 0.0080176367 5.999337 0.5
1.4883467 9.330582 -0.027272153 0.011675833 0.712677 0.5
10.005437 9.0936962 -0.029130571 0.024505297 1.70588 0.5
8.1209286 16.421501 -0.18328264 -0.28788083 5.092516 0.5
4.5267487 13.226513 0.021669758 0.050268914 0.506989 0.5
0.58675141 13.44591 0.016947152 0.032918646 4.452103 0.5
12.697308 2.8134158 0.10591625 -0.11619982 3.429354 0.5
10.391135 12.324379 -0.34289639 -0.35743839 5.942963 0.5
24.266328 22.629339 0.0004756534 0.00079371084 2.062723 0.5
10.268784 4.4725618 -0.11379952 -0.035910773 2.598321 0.5
22.621819 17.412453 0.40434316 1.0318608 6.159219 0.5
19.54825 19.361342 -0.079887667 0.10032856 1.488917 0.5
8.9850403 20.827538 -0.0031943046 0.020557811 1.927238 0.5
4.3274585 8.6816098 -0.013582398 -0.020641397 3.98558 0.5
5.6533598 21.034459 0.0047766749 0.0075345526 3.515453 0.5
21.761331 3.1471414 -0.078631833 0.029908792 3.362574 0.5
12.914747 27.367386 -4.0090927e-05 2.0560054e-05 2.617045 0.5
6.9388013 10.789046 0.020384616 0.012841642 4.416501 0.5
21.111371 11.304207 0.1355589 -0.19564436 2.357123 0.5
18.484567 19.737968 -0.0019838471 -0.00086065366 0.027213 0.5
23.49887 9.0159955 -0.015693198 0.010217166 3.270335 0.5
12.206735 26.403723 -0.00012101926 1.1432503e-05 5.133302 0.5
9.3503412 5.3858728 0.01628369 0.0053806524 4.163048 0.5
15.042524 23.241116 0.001179429 -0.0014767484 3.93618 0.5
15.823761 17.49216 0.30096448 0.33389286 5.951127 0.5
10.252652 14.072018 0.0039267114 0.0039015759 4.082451 0.5
7.0366545 15.009594 0.0084367785 0.012871195 1.780305 0.5
3.514544 17.293546 0.015600814 0.011947966 2.847882 0.5
21.303719 23.506117 -0.00039509314 0.00026187812 1.767937 0.5
4.185922 19.319581 0.0078149871 0.00027206999 0.00135 0.5
6.8071198 20.851731 -0.0026084118 0.002859085 5.312468 0.5
5.7250203 13.155272 0.0098961507 0.0060785356 0.320289 0.5
7.1900701 5.8530853 -0.13590917 -0.023355003 0.581132 0.5
16.159033 1.2727447 -0.02369931 -0.0099093167 3.087421 0.5
9.0734819 3.9704356 0.04201084 -0.042408735 3.560403 0.5
10.389367 24.257507 -0.0012010995 0.00030891887 0.555117 0.5
5.8164962 10.871903 0.0083350335 0.018140346 6.220608 0.5
13.348196 26.27452 0.0002666799 -8.9431778e-05 5.652715 0.5
13.999617 19.173252 -0.19333454 0.71035937 0.827952 0.5
16.608938 26.230307 -8.0115834e-05 0.00026778983 1.054048 0.5
21.331178 21.403351 0.0014117505 0.00040327997 0.319962 0.5
7.8363287 21.378196 0.00054249052 0.011390262 2.464344 0.5
7.8706094 3.4321414 -0.095061983 -0.064432903 3.780782 0.5
18.429733 10.770692 -0.056527671 0.067920222 0.745414 0.5
19.406856 15.536666 -0.077626867 0.87743598 3.348875 0.5
3.0289311 19.546057 0.0041237293 0.012594478 5.365761 0.5
13.51949 1.8286626 0.035736567 -0.0088078019 0.445642 0.5
20.368158 15.960848 0.71319101 0.31112713 2.979068 0.5
7.9475734 10.080339 -0.00654535 0.01430729 2.813895 0.5
8.1898876 23.378958 0.00032020349 0.00059179606 4.039246 0.5
4.950317 7.4218368 -0.030430484 -0.01473153 4.602055 0.5
5.2423676 18.89303 0.0032709177 0.0059042096 1.676583 0.5
4.4935474 6.1868954 -0.0051361889 0.002148845 1.207935 0.5
25.260695 10.72058 -0.1130006 0.03233432 6.164191 0.5
15.704778 27.195932 -0.0021268234 -0.0024843597 1.491784 0.5
21.352882 8.8838109 -0.0018412878 0.11139463 6.269379 0.5
11.714705 23.343842 -0.00056240216 -0.0003816265 0.35856 0.5
20.382038 17.21814 0.15940063 0.0019089082 0.326238 0.5
8.3283471 7.7612653 0.027509399 0.12913432 1.608548 0.5
7.3542816 19.085372 -0.0011262942 0.0010383399 2.616667 0.5
3.8223476 5.2518992 -0.0081687401 0.044158244 0.410672 0.5
12.20229 22.155935 5.9135372e-05 -0.00075656012 3.210668 0.5
6.5387759 9.6872116 -0.010257668 0.025658796 0.309541 0.5
12.475197 14.307911 0.051349251 0.14472805 1.761874 0.5
13.285601 21.728582 0.00035857379 -0.00022309869 4.731547 0.5
22.20557 4.3200539 -0.0060660337 0.033801098 0.313065 0.5
2.0376096 10.777919 0.0090045785 0.021747337 0.087229 0.5
3.1502735 11.337918 0.021664733 0.033802058 5.713071 0.5
2.9645567 15.005175 0.018392432 0.0042698676 0.34983 0.5
15.601124 19.537535 0.079760909 0.13474458 2.015368 0.5
11.11075 8.7908424 0.044753232 0.1381067 0.42176 0.5
8.4352973 18.523104 -0.072682456 0.32633887 5.580866 0.5
2.4994571 7.242683 1.7949212e-05 0.0073860424 4.066321 0.5
19.716755 9.8321937 0.051225694 0.1120216 5.863794 0.5
15.651174 13.366815 0.02439638 -0.044380767 5.355125 0.5
20.151116 2.648276 0.088252485 -0.043992607 5.404824 0.5
5.6952708 16.382628 -0.0015259262 0.009861267 1.361005 0.5
25.223032 6.6349075 0.060406582 -0.043478431 5.19755 0.5
16.795656 3.4156267 -0.030007805 0.0033364244 5.853071 0.5
3.7393142 9.763588 -0.001077872 0.011031689 2.830697 0.5
1.1265614 17.827231 0.018201878 -0.0013488704 3.251414 0.5
22.409334 23.087262 -0.00074602608 -0.00033413863 3.305262 0.5
13.464437 15.704919 0.016668364 0.12928281 3.841898 0.5
6.5929843 4.5174998 -0.007718931 0.021443597 4.917041 0.5
8.3979343 9.0100621 0.034771587 0.0290234 1.726803 0.5
20.233233 20.234909 0.085374793 0.10943226 2.534849 0.5
24.078137 7.0693956 0.018210271 0.098187617 1.985571 0.5
9.8882068 11.262721 1.0612386e-07 0.10174057 5.636684 0.5
9.4679716 7.9215285 0.096159048 0.12390172 0.642493 0.5
5.966026 23.197131 -0.00017640811 -0.00013151536 5.796573 0.5
10.038311 15.209629 0.0042414306 0.017132718 4.738871 0.5
13.351977 23.45094 0.00034709245 3.320151e-05 1.568073 0.5
7.5498856 17.503813 -0.16706721 0.021333627 2.749741 0.5
23.552656 21.356152 -0.022988406 0.044444049 1.171823 0.5
7.1040485 7.23779 -0.13296198 0.19785583 2.226958 0.5
26.462476 16.149262 -0.01183429 -0.0078130647 1.548545 0.5
7.3135118 8.6279054 -0.0013706562 0.016212893 3.653333 0.5
24.698061 8.1328445 -0.17254534 0.049244599 4.394256 0.5
10.177646 20.405095 3.0784158e-06 -0.00016194805 0.605652 0.5
7.0419523 25.473607 -0.0011962492 0.00073677923 3.106146 0.5
4.3290599 18.191978 -0.0040863416 0.0061165453 3.095002 0.5
6.0687622 24.821651 -0.000128785 0.00018787969 1.841384 0.5
14.481414 21.665482 -0.00090931353 -0.00062489753 6.034028 0.5
22.321216 11.606345 0.23405774 -0.0015715818 1.857551 0.5
15.220083 25.610996 0.00098937031 0.0003481558 1.702664 0.5
11.007186 18.587771 0.015702619 0.00089131929 1.16125 0.5
16.993168 20.589496 -0.00019577213 0.00036623596 4.720586 0.5
6.3284763 8.0398396 -0.031818049 0.055253961 0.205718 0.5
12.620246 24.928684 0.00024586892 -0.00024978689 5.820667 0.5
12.425079 7.1386799 0.022019085 0.066864114 3.894129 0.5
11.177729 13.392919 -0.2041705 0.23285145 3.074393 0.5
13.107236 8.0140571 -0.067481154 0.076216175 0.467747 0.5
9.2996052 25.056671 0.00017261195 0.00079875453 5.60533 0.5
13.464051 9.0752495 -0.053395499 0.051207099 6.227367 0.5
26.686959 10.308998 -0.01377493 0.016492991 5.177094 0.5
15.307758 9.9315512 0.026034579 0.07936146 0.203779 0.5
2.8575187 13.820454 0.0013089725 0.033015602 6.095105 0.5
12.953248 18.13018 -0.30891325 0.23230017 5.150288 0.5
22.088137 15.724063 0.32959753 0.1118017 3.059892 0.5
22.880256 13.809147 -0.069731756 0.20701727 3.692189 0.5
9.2193867 2.7798445 -0.012116777 0.018460882 3.246869 0.5
4.5744344 16.819729 0.012152053 0.027629672 2.032293 0.5
3.190524 8.6565831 0.0060171747 0.0127822 6.136396 0.5
1.9589734 8.2701829 -0.034789242 0.0039253115 4.563161 0.5
15.872391 24.165145 0.00079006739 0.0006103465 5.916686 0.5
21.475645 24.793966 -0.00028104736 -0.0024113107 1.344992 0.5
5.3705601 17.650901 -0.0052805689 -0.0030020609 3.633442 0.5
7.0068061 16.247529 0.013923363 0.0043618916 2.78777 0.5
16.547543 18.606133 -0.0010230283 -0.00036067755 1.483056 0.5
9.70927 16.292856 -0.0037849045 -0.003331472 0.879468 0.5
21.668822 7.780215 -0.049655758 -0.00096371359 4.923104 0.5
5.7197602 3.7151007 -0.0081413067 -0.011938572 5.350229 0.5
0.66314889 14.601101 0.0027371211 0.0034982963 1.508644 0.5
9.1947775 23.931105 0.0004179143 -0.0018114914 4.32761 0.5
2.0283789 11.920576 0.0035857844 0.047768831 1.3724 0.5
17.966043 2.7408973 -0.055670377 -0.016138799 2.64206 0.5
10.811027 1.1732255 0.11125065 0.19189545 2.466218 0.5
16.990274 22.915805 -8.4094715e-06 -2.1534426e-07 0.69625 0.5
15.37961 5.170071 0.17644047 0.049083917 0.502972 0.5
10.789793 10.047739 -0.026227789 -0.090975231 4.066135 0.5
6.1730768 19.825245 0.014390141 0.013045349 3.026607 0.5
11.348033 19.848519 -0.015128962 0.034363459 6.171553 0.5
10.398569 23.000373 -0.00024654739 -0.00015760229 3.767955 0.5
5.1493659 24.022963 -0.0011178764 -0.0010112197 5.349705 0.5
3.1499695 18.405104 0.0078214548 -2.5809394e-05 3.28374 0.5
4.9374658 5.0713867 0.014452838 0.018984209 1.964272 0.5
12.768474 12.818399 -0.21131355 -0.18919602 1.170799 0.5
3.6372566 16.066786 0.0028951441 0.010366574 0.802835 0.5
7.788595 20.25453 0.0075300709 -0.00058716211 5.063896 0.5
7.1760524 23.921159 0.00018507063 -0.00012952217 2.243796 0.5
5.9217967 5.6753483 -0.014640584 -0.00055416799 5.270568 0.5
11.269546 27.066115 0.00053946929 -5.7722392e-05 5.757172 0.5
5.0074702 10.031798 0.019067425 -0.015544431 5.271397 0.5
8.1169682 2.3259197 -0.051740966 -0.054755178 3.151318 0.5
8.6356793 17.433114 -0.17748356 -0.036551782 0.221595 0.5
15.040151 18.605964 0.21799962 0.18921445 1.510648 0.5
10.190103 6.3168899 0.014464907 -0.034293678 5.29405 0.5
26.873403 13.942593 0.016209602 0.015285544 2.737677 0.5
8.8394575 15.365769 0.0031271338 0.019104055 4.134415 0.5
6.3851637 22.039027 -0.00088619001 0.0013377233 1.432456 0.5
18.982042 26.398244 0.00078921155 0.00059692843 2.840655 0.5
0.80587184 12.19524 -0.002367958 0.0034102556 2.899005 0.5
6.939754 12.972647 -0.012486904 -0.003947855 4.137855 0.5
3.1567402 6.249488 0.021609879 -0.0042833165 1.992807 0.5
18.279318 22.533552 -0.003461508 0.032280827 0.375558 0.5
7.5193521 13.959512 0.009054406 0.020877885 0.629977 0.5
17.509292 26.971153 0.00083912712 0.00023391267 5.301885 0.5
2.4635762 16.303887 -0.0014788884 0.0042054229 1.197725 0.5
5.1430376 14.16447 0.024663949 0.019846042 2.939026 0.5
3.3846221 21.688466 -0.00096411178 0.00013368286 3.912909 0.5
22.405982 5.9217516 -0.015268339 -0.032401728 3.115045 0.5
6.08758 6.7983051 -0.1615991 -0.01831416 1.662001 0.5
1.3989534 16.691176 -0.0019513085 0.0083505152 0.131507 0.5
