# x y vx vy theta radius
18.002055 6.3172633 0.442459 2.1565317 2.311732 0.5
10.097066 15.602274 -0.01649004 0.028766752 1.764168 0.5
4.9897844 13.06095 -0.00021093073 0.00010621651 3.951996 0.5
20.562064 21.47933 0.041325268 0.027937638 4.259518 0.5
16.374423 15.839562 -0.050041405 -0.0052520357 1.882067 0.5
11.421116 16.415283 -0.075874846 0.062441869 0.92276 0.5
19.489548 21.798969 -0.061580821 0.07032803 4.981497 0.5
12.159286 18.548865 -0.12004686 0.025408226 0.663689 0.5
18.004098 21.989526 -0.040051752 0.018145057 4.599871 0.5
24.808444 17.128023 -0.0086687615 -0.013076136 3.315122 0.5
12.459904 22.109064 -0.079851187 0.032750434 5.224588 0.5
26.957818 12.315853 -0.058341182 -0.023236887 4.739779 0.5
18.99306 18.530589 -0.038443293 0.052153448 0.624425 0.5
14.39424 1.7686502 -0.22760158 0.0062435988 0.734434 0.5
20.075343 19.347925 0.013241831 0.036448874 4.989084 0.5
16.609415 18.483187 -0.057715011 0.0071990504 2.508867 0.5
25.813171 16.240993 -0.10035255 0.042144447 5.939565 0.5
18.443459 13.701002 0.013154411 0.034804788 0.028815 0.5
6.6510991 18.661501 -0.0070245648 0.0039539179 3.449449 0.5
9.2483587 13.66158 -0.00027242601 -0.027288331 0.592282 0.5
14.394766 25.23469 -0.016217224 -0.034430942 6.045768 0.5
25.05104 20.101108 0.018459607 0.043843718 0.890473 0.5
5.8680992 4.6321434 -0.058589338 0.050876238 2.353219 0.5
11.592682 12.359844 0.0047325169 -0.03163934 1.672869 0.5
7.1024516 8.8121776 -0.067507117 0.010978204 4.21507 0.5
16.701708 10.958348 0.021399952 -0.0092766025 0.4829 0.5
11.069057 17.687364 -0.0030897748 -0.0010816918 6.274711 0.5
1.5160436 17.625782 -3.945114e-06 3.1662644e-05 1.301021 0.5
13.694035 27.430953 -0.077252191 0.0030861097 3.538852 0.5
23.863136 21.345634 0.0086457575 0.059937002 1.72413 0.5
9.058386 12.265741 -0.00027910522 0.0011027787 0.779811 0.5
21.39744 19.043872 -0.009020944 0.04267444 1.209651 0.5
12.264121 9.0796753 -0.064883506 -0.033057887 5.377079 0.5
25.711279 7.4126455 -0.001932344 -0.045404973 3.122843 0.5
10.363611 11.190452 0.01264999 0.0061853342 4.105439 0.5
13.522073 20.450832 0.01561444 0.0710216 2.246795 0.5
7.5441858 12.093615 -0.042335166 -0.0051136261 3.468535 0.5
21.630177 21.130848 -0.0066157541 -0.030192269 5.532293 0.5
25.843688 10.74024 0.0054940331 -0.02184924 0.531572 0.5
15.545826 25.214324 0.0082792215 0.0055250031 5.261584 0.5
20.489892 13.941538 -0.045767935 -0.042599502 0.040113 0.5
13.282363 25.558366 -0.11477353 0.018651918 4.576591 0.5
23.711307 23.141491 -0.080384518 0.097586935 0.209824 0.5
26.178819 19.641514 -0.039941328 0.017094369 1.770879 0.5
6.0983805 17.65125 -0.0018038022 -0.0011507398 4.791815 0.5
20.864001 16.108596 0.0041917294 0.020733518 2.522673 0.5
3.5971973 22.182787 -0.00012030219 1.6809039e-06 3.232151 0.5
11.256056 22.425649 0.0080620654 0.003561777 0.943125 0.5
7.328896 17.088267 0.00034835623 0.0001572531 1.031271 0.5
19.637511 3.1058152 1.1782458 -0.50969352 1.523797 0.5
15.394418 26.316535 0.0081546631 -0.042641518 1.787492 0.5
15.719486 21.873499 -0.024201898 -0.024904786 3.056837 0.5
14.405167 22.570409 -0.01632335 -0.0314515 3.332967 0.5
24.239372 15.963775 0.028856057 -0.050664751 3.889918 0.5
3.5267792 9.7004378 -0.0024400987 0.0027643187 1.775857 0.5
10.713099 18.834969 -0.028939841 -0.076032799 4.33857 0.5
18.429558 11.75271 0.01112843 -0.0089997233 2.652322 0.5
16.749282 20.011175 -0.015960823 0.018363043 1.360759 0.5
11.04745 4.7672837 0.39257358 1.3770348 1.350476 0.5
25.787206 12.457568 -0.031364601 -0.022513706 3.139709 0.5
17.792886 17.889795 0.014727759 0.02561244 3.877928 0.5
11.014471 20.219677 -0.003969951 -0.015287615 4.111005 0.5
26.601182 9.7528781 -0.017428033 -0.12846652 4.354529 0.5
23.12781 15.723769 0.012277078 -0.0065253898 1.958136 0.5
7.4608789 25.000709 6.0307874e-05 -8.7690935e-05 1.935129 0.5
23.419656 7.5868035 -0.03760831 -0.034947308 0.983243 0.5
22.138335 19.912554 -0.043607435 0.031331579 4.524452 0.5
7.3992647 15.680262 -0.00038813613 1.6814691e-05 4.628506 0.5
15.629265 20.284681 -0.083009419 -0.026975386 4.619789 0.5
19.034846 22.936784 -0.00027293674 0.017598962 6.246698 0.5
23.94027 10.520476 -0.0030266876 0.055868611 2.597917 0.5
14.859953 11.302211 -0.039599778 -0.020639419 5.540445 0.5
8.3600429 26.185395 -0.00024437489 -0.00033194963 1.135786 0.5
5.0823345 22.136827 7.7471502e-05 -2.1581365e-05 0.649744 0.5
19.916722 15.464788 -0.039867624 -0.031071479 4.647872 0.5
15.542585 5.1278745 0.015160663 -0.16369969 3.116928 0.5
13.885407 10.413629 0.018565148 0.01354773 1.058365 0.5
23.7795 20.207872 0.033928118 -0.012093914 1.223223 0.5
19.981963 16.909882 -0.12363123 0.047283217 6.185729 0.5
24.938415 10.023818 0.009564368 0.0081962945 5.03693 0.5
10.691921 5.7974173 -0.0055305416 0.045942789 0.158334 0.5
20.865407 24.607236 -0.020396878 -0.010939348 0.09489 0.5
22.257869 17.149621 0.024551574 -0.024590002 3.182579 0.5
12.970476 8.0358331 -0.016320494 -0.042360176 5.999337 0.5
19.295565 4.6945969 -0.011449034 0.0074131468 0.712677 0.5
24.012741 8.9086103 -0.0082299463 -0.063881287 1.70588 0.5
23.130228 13.435227 -0.06556489 -0.016439121 5.092516 0.5
14.220272 4.5654345 -0.13782909 -0.12329766 0.506989 0.5
10.756786 23.456058 -0.0046194733 0.0099198829 4.452103 0.5
8.8164285 8.1865782 -0.0046768855 -0.033754332 3.429354 0.5
9.0960657 14.976599 -0.039542149 0.033144043 5.942963 0.5
6.3044996 16.491896 -0.00040566471 0.00042460397 2.062723 0.5
14.589116 14.34063 -0.043828753 0.0030036486 2.598321 0.5
8.4122488 24.119465 -0.0012279086 0.0010790102 6.159219 0.5
24.604301 7.8950676 0.0045659579 -0.019756782 1.488917 0.5
9.5344947 24.445787 -0.00078980214 -0.00014345373 1.927238 0.5
14.862098 18.06148 -0.0036470087 -0.03563638 3.98558 0.5
26.647519 18.478219 -0.065908335 -0.0053707903 3.515453 0.5
17.833397 20.282677 0.025143799 0.016792197 3.362574 0.5
13.163572 16.33418 0.021426041 0.0080041177 2.617045 0.5
17.972314 23.280706 0.013890115 -0.054100186 4.416501 0.5
22.390818 10.019715 -0.095677611 0.027615567 2.357123 0.5
16.058112 27.262817 -0.061537399 0.034407143 0.027213 0.5
17.962724 19.124685 -0.081122637 0.025110555 3.270335 0.5
17.388754 16.43936 -0.051722944 0.0046710721 5.133302 0.5
27.262144 13.513992 0.037174103 0.00055624137 4.163048 0.5
6.9993499 3.2536471 -0.022321729 -0.057881925 3.93618 0.5
10.779592 21.373087 0.004197933 -0.0039648984 5.951127 0.5
15.79888 24.087109 -0.068220926 0.047582903 4.082451 0.5
20.315028 18.251924 0.015381323 0.022339562 1.780305 0.5
19.553027 13.202614 -0.008299404 0.0027596 2.847882 0.5
5.3932039 9.317411 -0.0016658295 -0.00012959806 1.767937 0.5
14.885102 27.345029 -0.04776336 -0.0053987133 0.00135 0.5
26.949177 10.997852 0.023887612 -0.0044523775 5.312468 0.5
10.40458 8.0218588 -0.019869679 0.052720091 0.320289 0.5
14.448773 21.122319 -0.048073746 0.047979512 0.581132 0.5
16.986733 12.405319 -0.064477067 -0.047039732 3.087421 0.5
22.386016 12.596799 0.0015332004 0.042388646 3.560403 0.5
18.846416 24.153289 0.059785745 -0.0041152355 0.555117 0.5
10.320151 14.04074 -0.08898631 -0.040304828 6.220608 0.5
2.7428242 18.914758 -0.0021388809 0.00038421009 5.652715 0.5
24.674241 12.627234 -0.0032163381 -0.025225574 0.827952 0.5
8.4503029 5.8159369 0.40880138 0.37059685 1.054048 0.5
26.975617 17.095692 0.067692442 0.08529816 0.319962 0.5
8.9078528 17.718959 -0.012712579 0.058411934 2.464344 0.5
26.654984 14.836813 -0.021966337 -0.03987347 3.780782 0.5
11.769301 2.5193702 -0.084274672 0.21974772 0.745414 0.5
7.2007374 10.475869 -0.00010157464 0.00038259556 3.348875 0.5
20.170429 22.716137 -0.030800937 0.020189384 5.365761 0.5
9.0213049 16.40443 -0.011728494 -0.0040539088 0.445642 0.5
12.89997 13.226639 -0.10517432 -0.045787924 2.979068 0.5
20.057156 23.832542 -0.050857141 -0.016442129 2.813895 0.5
25.772006 17.700585 0.012822352 -0.016199545 4.039246 0.5
15.536038 19.163441 -0.043878806 0.022812789 4.602055 0.5
14.632071 8.3978995 -0.13514554 0.017297312 1.676583 0.5
10.115349 12.826403 -0.01092829 -0.016154563 1.207935 0.5
27.266131 15.890755 -0.067444625 0.1012394 6.164191 0.5
12.546948 27.303413 -0.11462258 -0.013309955 1.491784 0.5
4.08721 15.930639 -0.00075341054 0.0011313419 6.269379 0.5
7.6850554 19.355107 -0.00096610067 -0.00087292201 0.35856 0.5
21.073685 12.713207 0.032036615 -0.014859694 0.326238 0.5
17.231417 26.987409 -0.013009927 0.0067383715 1.608548 0.5
15.497956 22.97119 -0.076657823 0.06042018 2.616667 0.5
5.711647 7.7527032 -0.00011858771 0.0013177207 0.410672 0.5
25.579063 8.9911061 -0.016380551 0.0090820591 3.210668 0.5
19.568504 26.219992 0.010624251 0.068495967 0.309541 0.5
16.918929 23.680439 -0.050055462 0.021807109 1.761874 0.5
15.899789 11.900255 -0.020736098 -0.077623185 4.731547 0.5
21.951807 15.608587 -0.052038155 -0.026281 0.313065 0.5
5.3209285 6.5569616 -0.00056974299 0.002100575 0.087229 0.5
25.10216 21.282376 -0.10341069 -0.0077724673 5.713071 0.5
10.676259 24.749856 -0.00027913497 -0.00024306303 0.34983 0.5
24.392723 14.02218 -0.028201428 -0.049468933 2.015368 0.5
17.303698 15.071647 -0.02173121 -0.10095727 0.42176 0.5
20.964098 20.190163 -0.034138106 0.00066424376 5.580866 0.5
8.9272347 19.291896 -0.00064261638 0.0007917486 4.066321 0.5
19.536667 11.938882 -0.089794704 -0.0051928801 5.863794 0.5
7.7995573 13.557885 -0.046895658 -0.0019766471 5.355125 0.5
11.224682 14.765156 -0.17092136 0.084069702 5.404824 0.5
13.512075 24.426693 -0.0052102135 0.0023829394 1.361005 0.5
18.647655 21.065956 -0.077976264 0.030300513 5.19755 0.5
17.558873 25.765681 0.010883359 -0.028378309 5.853071 0.5
2.5574328 11.997591 -2.9908945e-05 -4.8945816e-05 2.830697 0.5
2.8884005 6.7306198 0.0010225985 0.0012365801 3.251414 0.5
24.925707 11.522488 -0.012288358 0.01654462 3.305262 0.5
24.489845 22.330471 -0.027193512 0.095588001 3.841898 0.5
14.149366 26.363785 -0.043158773 -0.0093337764 4.917041 0.5
13.864853 18.77001 -0.060868238 -0.049781288 1.726803 0.5
16.79444 22.494763 -0.039787252 -0.053367726 2.534849 0.5
13.657532 8.9685817 -0.085005621 -0.01672009 1.985571 0.5
22.529372 6.0552234 0.052426299 -0.043655724 5.636684 0.5
22.289063 7.2485227 -0.067975577 0.15825203 0.642493 0.5
24.299956 19.205766 -0.041709451 0.06214587 5.796573 0.5
23.67581 12.02816 0.016493844 0.029450582 4.738871 0.5
24.405779 6.3036626 -0.010340457 -0.093112959 1.568073 0.5
21.435731 3.6867964 0.020984514 -0.088394169 2.749741 0.5
19.781066 20.518969 0.025104294 -0.018343478 1.171823 0.5
12.225465 15.649431 -0.0339313 0.030853108 2.226958 0.5
1.8661757 10.132744 0.00048735074 0.00016593716 1.548545 0.5
22.752304 20.922126 -0.02161927 -0.047339316 3.653333 0.5
16.654125 21.254215 -0.024002676 -0.031834891 4.394256 0.5
7.5011607 5.1568462 -0.42308135 0.47408294 0.605652 0.5
18.363069 26.598531 0.018145878 -0.0053584342 3.106146 0.5
11.252692 25.729504 -0.0080166392 0.00030849923 3.095002 0.5
22.88387 24.078226 -0.070822248 0.014106221 1.841384 0.5
17.149326 13.648947 -0.042623194 0.079427738 6.034028 0.5
7.4679294 22.14817 -0.0013788736 0.001045207 1.857551 0.5
10.275668 16.890592 0.016722132 0.072110064 1.702664 0.5
5.0032231 14.849328 -0.0012171643 0.00082665652 1.16125 0.5
19.805256 9.6084409 -0.054653183 0.040114363 4.720586 0.5
25.379242 18.82328 -0.076777965 0.011747226 0.205718 0.5
16.727341 24.973109 -0.020376336 0.016038195 5.820667 0.5
20.58156 25.693021 -0.055969957 0.0010325569 3.894129 0.5
12.245438 24.467571 0.0046300477 0.070615601 3.074393 0.5
14.576043 19.820967 -0.041998573 0.065515417 0.467747 0.5
23.418171 17.054998 -0.072107434 -0.011646849 5.60533 0.5
16.644334 9.1594659 -0.00038219494 -0.0072512134 6.227367 0.5
21.138728 23.508088 0.011284777 -0.073014425 5.177094 0.5
20.133 5.8896114 0.03335577 -0.11444707 0.203779 0.5
16.073106 17.473919 -0.12391691 0.098245366 6.095105 0.5
21.591521 11.338942 -0.065694092 -0.048979285 5.150288 0.5
25.155505 15.093196 0.011790797 -0.038479505 3.059892 0.5
23.949102 18.076631 -0.078451245 -3.8090636e-06 3.692189 0.5
12.58367 14.309605 -0.083160327 -0.018150829 3.246869 0.5
13.56471 21.808682 0.017339452 0.030338821 2.032293 0.5
23.686464 5.0375912 0.29444571 -0.31688019 6.136396 0.5
13.021693 11.781737 -0.039111518 0.043079542 4.563161 0.5
12.371904 20.672179 -0.060752394 0.010579925 5.916686 0.5
11.330505 26.905382 -0.0013666379 0.0038567828 1.344992 0.5
8.9756981 22.933281 -0.042310469 0.02471143 3.633442 0.5
19.710914 24.96533 -0.061527098 -0.020877246 2.78777 0.5
8.5556956 10.276249 -0.00034700952 0.00028583051 1.483056 0.5
5.8030017 20.880655 -5.1875598e-06 -6.0744303e-05 0.879468 0.5
22.282232 14.365273 -0.051998686 0.015329877 4.923104 0.5
12.045628 11.015514 -0.012798254 0.030995592 5.350229 0.5
14.758286 16.717259 -0.033055124 0.019642328 1.508644 0.5
13.395857 23.062136 -0.041182809 0.021675093 4.32761 0.5
9.5329356 7.1135979 0.0015097392 0.00088619663 1.3724 0.5
6.349267 14.604833 -0.0014093244 -0.00024096322 2.64206 0.5
12.111691 23.279155 -0.026458923 0.00024203278 2.466218 0.5
15.86456 13.839869 -0.038966436 0.0036792829 0.69625 0.5
18.743421 16.191614 0.011295851 0.029247175 0.502972 0.5
14.618515 23.957421 -0.029607111 -0.000250203 4.066135 0.5
15.108911 15.584874 -0.046096877 0.029848601 3.026607 0.5
21.126857 10.037553 -0.081352045 -0.058616883 6.171553 0.5
20.728478 8.5640314 -0.087500068 -0.039555118 3.767955 0.5
21.159765 17.377115 0.0087791708 0.01298145 5.349705 0.5
7.8541725 18.150041 -0.0018098976 -0.00040049697 3.28374 0.5
7.8889584 2.1845227 0.069199246 0.65755392 1.964272 0.5
5.7270091 3.4474765 -0.71341528 0.12473427 1.170799 0.5
5.4161808 19.03364 0.00011327081 0.00083382665 0.802835 0.5
18.930092 17.397979 0.0036793135 -0.045902982 5.063896 0.5
18.86876 19.843938 0.022434954 0.0060603901 2.243796 0.5
22.008337 24.790345 -0.0048206791 0.036673396 5.270568 0.5
18.611936 14.992982 -0.040332654 -0.01580607 5.757172 0.5
17.73399 24.445079 0.021168565 0.063246036 5.271397 0.5
12.294052 26.176256 -0.040712555 0.018322383 3.151318 0.5
8.9833329 21.381792 -0.00043244769 0.00099942344 0.221595 0.5
22.246698 23.023979 0.00075414637 0.01506385 1.510648 0.5
2.4666584 14.075986 -0.0013502885 -0.00014132631 5.29405 0.5
16.490752 26.104229 -0.011610692 -0.0020693077 2.737677 0.5
13.670263 15.058355 -0.055127216 -0.033300735 4.134415 0.5
21.308561 22.315901 -0.071484527 -0.083644814 1.432456 0.5
9.6817145 20.41198 -0.080684746 0.011413408 2.840655 0.5
15.031548 9.8806712 -0.048584705 0.031160472 2.899005 0.5
22.888421 22.047466 -0.057457175 0.022910503 4.137855 0.5
13.863116 17.395565 -0.078757277 -0.045799051 1.992807 0.5
12.704488 17.389092 -0.088213305 0.032854154 0.375558 0.5
25.583383 13.969513 0.095554033 0.072286882 0.629977 0.5
23.156389 19.25971 0.00470768 0.078430823 5.301885 0.5
20.003475 10.911437 -0.042309611 -0.0099979785 1.197725 0.5
12.835839 19.437653 -0.13214919 0.059582506 2.939026 0.5
22.96792 11.120656 0.040393479 0.012498036 3.912909 0.5
18.601605 25.343845 -0.061954029 0.026498178 3.115045 0.5
22.682954 18.195019 0.014565369 -0.031128417 1.662001 0.5
9.96574 22.373605 0.0086488193 0.015898698 0.131507 0.5
