# x y vx vy theta radius
11.340173 12.472701 -0.80927913 -0.57658085 3.282425 0.5
26.677675 15.457816 -0.0005894949 -0.00044977 1.764168 0.5
20.774338 12.781847 0.19363634 0.14852495 3.951996 0.5
17.319686 22.261067 0.054027023 0.041929859 4.259518 0.5
10.651131 9.7775136 -0.017062886 -0.0013950532 1.882067 0.5
15.161116 23.42963 -0.17392701 0.10908826 0.92276 0.5
6.4346036 23.807256 -0.010126483 0.01476051 4.981497 0.5
1.355747 9.8164326 0.026022189 -0.058872733 0.663689 0.5
11.330406 18.844445 0.063702415 0.0016346129 4.599871 0.5
12.559135 19.916227 0.10709719 -0.015170961 3.315122 0.5
25.458044 18.153434 -0.00019879776 0.00074382061 5.224588 0.5
17.809738 24.851021 0.02235719 0.10859671 4.739779 0.5
10.074681 26.829966 -0.074554414 0.071446322 0.624425 0.5
21.585679 20.085388 0.037651977 -0.034700856 0.734434 0.5
10.706066 2.4588733 -0.0075037848 0.027613458 4.989084 0.5
17.954126 18.525125 0.035244268 0.024733959 2.508867 0.5
10.146197 16.950837 -0.03476976 0.023338233 5.939565 0.5
1.1843445 15.551134 0.31920879 0.10389024 0.028815 0.5
23.525805 11.956289 -0.0020416584 -0.0016982065 3.449449 0.5
8.8460928 19.844749 0.0098882526 0.033824895 0.592282 0.5
14.93789 12.561474 0.09579954 -0.0091265955 6.045768 0.5
21.568948 17.750736 0.18876605 -0.10977769 0.890473 0.5
17.512045 26.082619 -0.0020951759 0.043587598 2.353219 0.5
22.291658 14.410106 0.20403237 0.058270014 1.672869 0.5
20.418802 15.23858 0.00070421473 -0.010062988 4.21507 0.5
1.0337055 14.192514 0.077772486 -0.093247135 0.4829 0.5
15.902889 26.058925 -0.098701727 0.021109964 6.274711 0.5
20.425591 20.350218 -0.00023597001 0.029438 1.301021 0.5
21.454467 13.665612 0.081409982 -0.11481995 3.538852 0.5
6.4646194 5.355756 0.057945129 -0.020078441 1.72413 0.5
22.275692 5.2602223 0.01377507 -0.011117006 0.779811 0.5
20.488717 18.100324 0.0034384383 0.06156805 1.209651 0.5
7.7038146 23.268279 -0.052095718 0.021067583 5.377079 0.5
26.312989 19.129046 0.00010073778 0.00060926008 3.122843 0.5
6.3611299 11.14457 0.10001591 0.064127235 4.105439 0.5
25.022632 15.845073 -0.00035208911 -0.00017278753 2.246795 0.5
14.790249 15.686114 0.1146886 -0.025823506 3.468535 0.5
1.9408691 16.472833 -0.11103318 -0.1577285 5.532293 0.5
24.731969 12.981004 -0.0013291773 -0.0010978633 0.531572 0.5
18.87279 6.4223308 0.058262105 -0.032711528 5.261584 0.5
14.161939 21.453789 -0.034409084 0.075950154 0.040113 0.5
7.5070636 24.408893 -0.01843838 -0.026358766 4.576591 0.5
24.820834 19.250786 0.0016856247 -0.0024529765 0.209824 0.5
19.699251 19.231644 -0.0037091947 -0.032672024 1.770879 0.5
24.246319 14.527089 0.0010175416 -0.0020857633 4.791815 0.5
3.1452753 8.7056243 0.018159946 0.050067975 2.522673 0.5
10.547201 18.010516 0.054263328 0.012017152 3.232151 0.5
2.9328906 21.432371 0.052793165 -0.010635153 0.943125 0.5
11.316404 1.3864701 -0.0035641982 -0.032389502 1.031271 0.5
20.920323 21.388047 0.031748029 0.00099733876 1.523797 0.5
21.353839 16.538336 -0.00065283941 -1.790719e-05 1.787492 0.5
10.781752 24.449327 0.05627472 0.020631752 3.056837 0.5
13.988479 11.925889 0.055845327 0.1286084 3.332967 0.5
14.435789 24.356069 0.0099066261 0.017077595 3.889918 0.5
23.379054 15.367148 0.22389106 0.17189645 1.775857 0.5
5.3490658 24.267647 0.073754545 0.012972886 4.33857 0.5
12.512712 27.360889 0.00059659626 -0.071061976 2.652322 0.5
23.144311 21.695644 0.054292112 0.024532747 1.360759 0.5
19.892534 23.758756 0.022176013 0.076120838 1.350476 0.5
11.783663 22.412009 0.062882065 -0.022121113 3.139709 0.5
7.1025804 21.200499 -0.0010811797 -0.052615903 3.877928 0.5
2.0785671 20.206728 -0.043831459 0.02491599 4.111005 0.5
8.4318145 25.058585 -0.10367134 0.022936879 4.354529 0.5
5.4144556 16.29207 0.0026164155 0.027631049 1.958136 0.5
19.11394 8.3647654 0.003445349 0.0027380905 1.935129 0.5
6.9516298 16.663673 -0.042222914 0.12451862 0.983243 0.5
14.685381 9.1763995 0.068796029 -0.2157355 4.524452 0.5
22.971183 17.570761 -0.00038824472 -0.0005692939 4.628506 0.5
3.584276 22.464827 -0.02373072 -0.088714221 4.619789 0.5
5.0826862 10.404564 0.054379539 0.035072309 6.246698 0.5
4.1766018 19.378634 -0.02942585 -0.15430217 2.597917 0.5
8.8547128 22.755713 -0.05208367 -0.054344373 5.540445 0.5
9.5105172 24.701304 -0.010627116 0.036272391 1.135786 0.5
19.280939 20.531094 0.014893277 -0.0039106074 0.649744 0.5
11.299658 27.145928 0.0078830744 0.037892293 4.647872 0.5
19.422508 12.088129 0.073279435 -0.099562889 3.116928 0.5
18.12513 20.598149 0.088198321 0.017294401 1.058365 0.5
20.318943 2.4707704 0.015312948 0.015838516 1.223223 0.5
17.598433 14.563276 0.0044888473 -0.11427576 6.185729 0.5
19.196478 15.131392 -0.0040267663 -0.0091210555 5.03693 0.5
15.956312 24.319747 -0.056279609 -0.010889297 0.158334 0.5
18.504984 26.632236 0.039851941 -0.061781255 0.09489 0.5
6.9772394 17.928007 -0.086454295 -0.033796969 3.182579 0.5
13.655453 19.162836 0.097759618 -0.064929263 5.999337 0.5
18.071779 4.4329262 -0.0082894991 -0.010035923 0.712677 0.5
7.0318475 6.4677964 0.014920706 0.058484996 1.70588 0.5
17.898185 17.280193 -0.046019636 0.020258272 5.092516 0.5
11.114699 16.20117 -0.16728141 0.10811921 0.506989 0.5
16.74459 25.216987 -0.037718272 -0.023426934 4.452103 0.5
16.548331 16.43537 0.15853347 -0.031582656 3.429354 0.5
22.773623 20.25329 0.0758773 -0.095645983 5.942963 0.5
26.084064 12.744846 0.0008254298 -0.0014018133 2.062723 0.5
21.600178 22.293264 0.031300488 -0.014405887 2.598321 0.5
7.9277426 17.326458 -0.071804564 -0.081280789 6.159219 0.5
25.729127 20.201387 0.058961878 -0.04879986 1.488917 0.5
20.872672 24.289231 -0.029485732 -0.014176285 1.927238 0.5
21.771998 15.48449 0.15424497 0.084396324 3.98558 0.5
2.5870831 15.401156 -0.18304241 0.029377066 3.515453 0.5
12.755566 3.3251686 0.0072926943 -0.163262 3.362574 0.5
17.920559 7.7237144 0.040866511 0.10501597 2.617045 0.5
5.8032431 6.72984 0.045279163 0.021288599 4.416501 0.5
20.568957 4.5944567 0.014973562 0.010961892 2.357123 0.5
22.107344 21.296297 0.040807337 0.021031094 0.027213 0.5
4.4326411 23.2891 0.10285757 -0.067356428 3.270335 0.5
3.8632836 16.747896 -0.0053241602 -0.018037294 5.133302 0.5
6.4287598 24.944919 -0.056909271 0.061084436 4.163048 0.5
5.1030035 20.055852 -0.0095758928 0.084133376 3.93618 0.5
25.350673 7.587065 -0.0014745719 -0.00051693441 5.951127 0.5
15.867205 27.212667 0.031984206 0.042319588 4.082451 0.5
19.906399 24.880679 -0.00057875291 0.029220502 1.780305 0.5
15.672042 19.804998 0.014322124 -0.050393317 2.847882 0.5
8.7903782 2.3355932 -0.018572275 0.0026639515 1.767937 0.5
2.2550371 11.189007 -0.033680692 -0.047345313 0.00135 0.5
13.187524 22.018272 0.016753645 0.067529857 5.312468 0.5
4.1506081 12.748562 0.051348134 -0.019059694 0.320289 0.5
12.600158 16.649337 0.063167447 -0.0058228393 0.581132 0.5
24.304618 22.080209 0.098524397 0.033944038 3.087421 0.5
24.209558 17.896792 -0.00077449876 -0.00023374487 3.560403 0.5
16.087816 22.031654 0.080628361 0.028569393 0.555117 0.5
20.800982 25.581805 -0.0054666582 -0.011183084 6.220608 0.5
16.086531 11.34755 0.13362287 0.0062110777 5.652715 0.5
1.584938 19.04709 0.026355786 -0.019223361 0.827952 0.5
24.569191 11.389363 0.0044170755 -0.0022242694 1.054048 0.5
25.921484 10.252624 -0.0007056065 -0.0027090829 0.319962 0.5
24.823044 21.000168 0.061096391 0.062906909 2.464344 0.5
14.669359 16.796264 0.10303043 -0.12663255 3.780782 0.5
17.983224 23.254336 0.10855168 0.038675553 0.745414 0.5
9.4836969 25.851885 0.012885301 -0.010767981 3.348875 0.5
5.81889 21.593531 0.049597055 -0.035650963 5.365761 0.5
16.693489 5.0881582 0.29059589 0.0045576816 0.445642 0.5
9.7239121 19.031946 -0.094377913 -0.0020787923 2.979068 0.5
8.474763 20.902873 0.021477244 -0.06157079 2.813895 0.5
6.4060535 20.255628 0.072731366 -0.043176977 4.039246 0.5
20.422906 22.717181 0.027149161 0.011378533 4.602055 0.5
12.080658 24.235025 0.046549017 0.023318696 1.676583 0.5
12.106153 26.291784 -0.0092631602 0.057393928 1.207935 0.5
10.872043 21.01906 -0.11165019 0.069704132 6.164191 0.5
12.121944 21.304387 -0.014528422 -0.030917948 1.491784 0.5
8.6245285 23.939084 -0.055278721 0.043701283 6.269379 0.5
15.179636 1.9747339 -0.0067054405 0.0006784409 0.35856 0.5
22.601567 16.231049 0.0089576075 0.0013572872 0.326238 0.5
6.3762983 3.9792823 0.0036526775 0.024924877 1.608548 0.5
19.623277 26.132053 0.074906131 -0.052585683 2.616667 0.5
18.482601 21.957651 -0.023084095 -0.078050743 0.410672 0.5
11.784053 17.703304 0.013358348 0.027852227 3.210668 0.5
13.989099 23.123059 -0.011328911 0.0090190175 0.309541 0.5
10.34968 22.296365 0.11376035 0.058147156 1.761874 0.5
23.190372 9.3287014 0.0016535102 -0.001646103 4.731547 0.5
19.889957 7.2397666 0.020024812 0.026910346 0.313065 0.5
27.227455 12.749866 0.00031375325 -0.0015054483 0.087229 0.5
14.760882 27.391091 0.0044852196 -0.02479823 5.713071 0.5
25.36521 14.773978 -0.00037041681 -0.0018003851 0.34983 0.5
7.5826544 20.15102 -0.10159827 -0.0094163713 2.015368 0.5
9.9193428 23.501489 0.056316671 0.096278075 0.42176 0.5
14.795084 18.905528 0.09697026 0.026331182 5.580866 0.5
21.562925 11.50132 0.21082397 -0.20238746 4.066321 0.5
17.642728 10.672568 0.036555466 -0.056587522 5.863794 0.5
13.260905 14.678233 0.076488893 0.2251404 5.355125 0.5
26.221687 13.869926 -0.00043187258 0.0017141196 5.404824 0.5
16.244596 23.150563 0.018271149 -0.048780811 1.361005 0.5
16.815768 12.754713 0.28045054 -0.11904536 5.19755 0.5
14.974856 22.283508 0.10249384 -0.0051585316 5.853071 0.5
17.032394 24.026643 -0.21791696 0.070263223 2.830697 0.5
5.1732813 13.957962 -0.027107898 0.1376381 3.251414 0.5
19.20594 17.568292 0.0062781791 0.013163025 3.305262 0.5
19.275549 22.820519 -0.065656703 -0.014169556 3.841898 0.5
2.8285916 19.315892 -0.042256961 -0.022041517 4.917041 0.5
23.316496 10.654685 0.0026780523 0.00011237653 1.726803 0.5
22.66362 22.801842 0.014395572 -0.059828331 2.534849 0.5
23.370762 13.581649 -0.001675387 0.003638131 1.985571 0.5
2.9010317 7.1036664 0.001258051 0.0078138999 5.636684 0.5
12.705529 23.212304 0.046683581 -0.038197583 0.642493 0.5
9.7941585 20.557341 -0.022048735 -0.036481807 5.796573 0.5
7.7421441 15.638614 -0.0013118461 -0.085720824 4.738871 0.5
12.750484 25.349146 0.089647013 0.036271623 1.568073 0.5
16.538349 18.446173 -0.038504323 0.052620824 2.749741 0.5
0.89841567 11.021819 0.02712772 0.1009404 1.171823 0.5
0.91002814 16.916506 -0.037122555 0.028212293 2.226958 0.5
3.4572308 20.299766 -0.025662168 0.024987224 1.548545 0.5
9.1766793 17.797538 0.0059516017 -0.068661185 3.653333 0.5
12.112893 15.579943 0.072177492 0.092640833 4.394256 0.5
15.507835 20.908972 -0.059944435 -0.039159466 0.605652 0.5
11.128648 23.299496 -0.036408331 0.037863852 3.106146 0.5
15.863087 14.782361 0.80271916 0.015522604 3.095002 0.5
4.9875142 18.606052 -0.038775288 0.03033829 1.841384 0.5
16.731931 20.655015 0.073128246 -0.093709486 6.034028 0.5
19.796671 21.720468 0.0056967839 0.044766662 1.857551 0.5
21.820595 23.594449 0.0049316427 0.0056913814 1.702664 0.5
22.517711 12.604623 -3.7437013e-06 0.00020734349 1.16125 0.5
13.235018 20.803817 -0.053868398 -0.031079488 4.720586 0.5
3.3309494 18.156205 0.0011500371 0.16427427 0.205718 0.5
15.298911 17.735477 0.050865465 -0.091697365 5.820667 0.5
11.638493 25.254833 0.033708944 -0.14357234 3.894129 0.5
22.981716 23.968692 0.064246245 -0.054752761 3.074393 0.5
18.591503 19.437193 -0.0092111723 -0.013093167 0.467747 0.5
14.506724 14.557598 0.087524472 -0.06289983 5.60533 0.5
23.04155 6.4848819 0.015970593 0.016183719 6.227367 0.5
8.3518088 26.199617 0.072469315 0.022026636 5.177094 0.5
17.146831 2.2781951 0.10984249 -0.47160187 0.203779 0.5
24.297623 16.767337 0.0004326605 -0.0012241393 6.095105 0.5
7.9130787 22.021872 0.03871017 -0.16055649 5.150288 0.5
14.475828 20.085376 -0.022107973 -0.06680391 3.059892 0.5
18.733582 16.537279 -0.0054838452 -0.0078623984 3.692189 0.5
13.254815 26.360222 0.063438505 0.049760105 3.246869 0.5
8.2431905 18.480019 -0.0052842392 0.091944552 2.032293 0.5
7.4200561 25.523475 -0.017225965 0.097506208 6.136396 0.5
17.053928 0.9866964 0.0076325185 0.0036634547 4.563161 0.5
26.185353 8.8382459 -0.00073950027 -0.00092685348 5.916686 0.5
7.2230936 19.050474 0.021808318 0.029703718 1.344992 0.5
24.575013 9.8037689 -0.0021812671 -0.0016893413 3.633442 0.5
9.3872949 21.62099 0.05451899 -0.091098704 2.78777 0.5
23.752833 23.118179 0.049193328 -2.9510493e-05 1.483056 0.5
2.4501301 12.286068 -0.042076042 -0.08966881 0.879468 0.5
23.543573 19.058663 0.077490159 -0.08332292 4.923104 0.5
4.1245764 21.207401 0.044753119 -0.13690287 5.350229 0.5
17.19498 19.586297 0.061541509 -0.046543534 1.508644 0.5
6.0792879 18.869681 0.0023897621 0.043632235 4.32761 0.5
19.734714 13.754257 -0.054611635 -0.056518312 1.3724 0.5
1.0498155 12.392024 -0.016869014 0.01206422 2.64206 0.5
6.7503568 22.700654 0.014171185 -0.0018458555 2.466218 0.5
20.158561 16.360539 0.0024785953 -0.00018604 0.69625 0.5
10.510276 14.540659 -0.064132604 -0.17302313 0.502972 0.5
12.618976 18.469234 -0.10369473 0.054297038 4.066135 0.5
20.226762 5.6986851 0.0027277342 0.039570043 3.026607 0.5
20.829783 19.256162 0.0020036178 -0.020400857 6.171553 0.5
8.7284693 15.007029 -0.039169929 -0.015605032 3.767955 0.5
10.603399 19.745849 0.001476895 0.0040731267 5.349705 0.5
10.6412 25.829701 0.025419683 0.050179251 3.28374 0.5
17.492124 15.803874 0.022112867 -0.094799851 1.964272 0.5
18.691529 25.522436 0.18296828 -0.061654607 1.170799 0.5
18.854558 24.399883 0.075956628 -0.03089737 0.802835 0.5
21.382088 3.3839346 -0.0083360458 0.0033102597 5.063896 0.5
13.241619 24.246666 -0.063050874 -0.073427976 2.243796 0.5
26.757084 18.009288 0.00036209488 -0.00055762357 5.270568 0.5
22.019641 24.767054 -0.027553433 -0.036891535 5.757172 0.5
5.5933341 22.942176 0.038412721 -0.051327914 5.271397 0.5
4.7664376 22.173552 0.039362689 -0.0026926872 3.151318 0.5
7.0102089 13.661936 -0.051095051 -0.099775929 0.221595 0.5
13.636837 27.433982 0.037793518 -0.048656796 1.510648 0.5
5.3440337 17.529427 0.039663398 -0.044838641 5.29405 0.5
26.759806 16.829632 -0.0011693012 -0.001202266 2.737677 0.5
27.396651 14.296694 -0.00043476782 -0.0021096026 4.134415 0.5
25.624159 16.893506 0.0011693441 0.00036407715 1.432456 0.5
2.2895151 13.786825 -0.15090952 -0.075523411 2.840655 0.5
20.504611 8.7461608 -0.010023356 0.0018335431 2.899005 0.5
4.5144781 15.430432 0.10432963 -0.047873761 4.137855 0.5
15.218229 25.170566 0.010483232 -0.038674142 1.992807 0.5
16.988906 27.089311 0.15118865 -0.049394808 0.375558 0.5
13.997604 25.423699 -0.048370776 0.021697571 0.629977 0.5
23.987499 20.206434 -0.024901821 0.02352622 5.301885 0.5
22.204852 18.755706 0.036204472 -0.023398308 1.197725 0.5
8.8259529 16.197971 -0.098888677 -0.11190766 2.939026 0.5
17.849 12.211647 -0.045576192 -0.081480069 3.912909 0.5
14.798791 26.248967 0.05050154 -0.083742811 3.115045 0.5
21.324016 10.392162 -0.0015400598 0.0040076661 1.662001 0.5
22.264853 7.5131724 0.044477495 0.014608748 0.131507 0.5
