# x y vx vy theta radius
17.39742 5.1846327 -0.70349404 -0.62359639 4.9286926 0.5
23.990297 5.894124 -0.021287528 0.23680537 1.764168 0.5
12.736957 24.130894 0.0090969919 0.027573188 3.951996 0.5
21.281672 12.118006 -0.06715804 0.024778544 4.259518 0.5
8.0344168 8.3036578 -0.071221476 0.19202344 1.882067 0.5
5.8922379 8.39391 0.013495233 0.0017292665 0.92276 0.5
17.40619 18.461139 -0.048273526 0.021019133 4.981497 0.5
14.80984 25.05469 5.4453177e-05 1.8083543e-05 0.663689 0.5
22.69306 20.999892 -0.010952821 0.0045825828 4.599871 0.5
20.590444 25.633347 -0.031523306 -0.021928836 3.315122 0.5
21.511008 13.292778 -0.037344882 -0.023817832 5.224588 0.5
16.305188 22.488012 -0.020624635 0.030991404 4.739779 0.5
19.646983 9.3992364 -0.063896306 0.0086668008 0.624425 0.5
4.028185 16.624534 -0.0021405769 -0.0038618929 0.734434 0.5
12.266095 5.9547908 -0.15673648 0.13479417 4.989084 0.5
10.570837 8.968311 -0.044018965 0.10326966 2.508867 0.5
18.575722 21.957339 -0.065351538 -0.039492997 5.939565 0.5
14.750286 12.592683 0.0073991997 -0.031645033 0.028815 0.5
26.954188 17.55445 -0.062924204 0.052992861 3.449449 0.5
16.367706 10.792703 0.0058749651 -0.023402342 0.592282 0.5
14.960632 27.253056 -0.047091891 0.012230707 6.045768 0.5
19.425857 1.8430523 -0.10130431 -0.0083300118 0.890473 0.5
10.502509 5.4156826 -0.23774777 0.0051540491 2.353219 0.5
16.364973 23.704399 0.0045846838 0.057050325 1.672869 0.5
18.748962 24.284144 -0.019121006 0.030160751 4.21507 0.5
22.489352 12.463167 -0.041469341 0.0081929121 0.4829 0.5
4.8224237 9.0032527 0.021488489 -0.0064789819 6.274711 0.5
18.02593 4.0620365 0.14047746 0.12430819 1.301021 0.5
19.738051 23.638197 -0.037693327 0.00396464 3.538852 0.5
16.115646 26.989014 0.0069204049 0.023604943 1.72413 0.5
18.232984 20.859701 -0.058169768 0.022871632 0.779811 0.5
16.519913 14.172598 -0.047393357 0.02936319 1.209651 0.5
26.372501 18.569903 -0.045341914 0.048295998 5.377079 0.5
19.900306 5.2964877 -0.077663671 0.028850604 3.122843 0.5
26.180134 15.049789 -0.05845993 -0.035365265 4.105439 0.5
14.003136 15.850445 -0.037210636 -0.00042700474 2.246795 0.5
15.267542 15.762577 0.0017362477 -0.014065163 3.468535 0.5
13.788268 27.352064 -6.3854002e-05 -0.00020849117 5.532293 0.5
9.6171802 4.6968583 0.038340108 0.17036201 0.531572 0.5
15.478379 13.671087 -0.12570832 -0.046021488 5.261584 0.5
24.404031 12.537199 -0.052910205 0.038388006 0.040113 0.5
5.0903982 13.955916 0.023109026 0.019381666 4.576591 0.5
15.978941 25.43827 -0.027579886 -0.018170317 0.209824 0.5
12.510233 0.79512581 -0.20663625 0.063104294 1.770879 0.5
11.189559 21.904827 -0.007624293 0.01752211 4.791815 0.5
15.065508 18.635393 -0.017057802 0.059347105 2.522673 0.5
18.385042 17.724501 -0.041219197 -0.021525852 3.232151 0.5
24.951079 10.974767 -0.0031491838 0.090763732 0.943125 0.5
22.207773 18.778265 0.0035412951 -0.022358056 1.031271 0.5
25.044425 6.3664702 0.00052224486 0.22463205 1.523797 0.5
1.0000211 13.194719 0.0055601803 3.3296745e-05 1.787492 0.5
17.341215 21.534291 0.014164455 0.056978789 3.056837 0.5
6.8911212 17.031731 -0.0024690188 0.013342613 3.332967 0.5
13.950993 10.887553 0.069416907 0.10410703 3.889918 0.5
10.673154 23.759833 0.012605152 0.02373467 1.775857 0.5
14.4314 20.767361 -0.048606697 0.041345422 4.33857 0.5
21.74503 3.1040097 -0.02604703 0.15736865 2.652322 0.5
13.865579 6.4748818 0.0033518004 -0.00065891311 1.360759 0.5
1.4321103 18.059356 0.00042268625 0.00029510205 1.350476 0.5
13.564225 3.1415091 -0.099486976 0.027355543 3.139709 0.5
14.639846 0.60118351 -0.18773279 -0.13458725 3.877928 0.5
24.683534 8.6318422 -0.14858037 0.22673083 4.111005 0.5
22.939022 19.846958 -0.025917307 0.028158475 4.354529 0.5
19.368253 17.140805 -0.12453605 -0.013201061 1.958136 0.5
9.3946866 3.6102718 -0.19994599 0.16469751 1.935129 0.5
8.1453327 16.155883 0.0034229494 -0.0029236533 0.983243 0.5
22.458404 5.8957794 0.27194225 -0.038124973 4.524452 0.5
12.605268 26.096047 7.892262e-08 -3.5605641e-07 4.628506 0.5
22.049462 4.2792371 0.091449452 0.0046272528 4.619789 0.5
10.378881 17.090575 0.0033288029 -0.011351273 6.246698 0.5
13.961856 23.879157 -7.8874875e-05 7.8722025e-05 2.597917 0.5
8.281127 10.752143 0.033506229 0.025995775 5.540445 0.5
14.945534 3.9656537 -0.14112541 -0.025339471 1.135786 0.5
20.536177 13.876224 -0.041482376 0.10908573 0.649744 0.5
3.1251747 18.87656 0.011407158 0.01064567 4.647872 0.5
21.333481 14.73 -0.047143264 -0.017707569 3.116928 0.5
20.69876 24.261742 -0.035625803 0.035505629 1.058365 0.5
23.357062 11.647851 -0.04583899 0.026075967 1.223223 0.5
19.771901 22.430996 -0.04775167 -0.01262903 6.185729 0.5
2.8820644 15.356731 0.0010404334 -0.020065732 5.03693 0.5
19.229201 3.3167188 -0.0018110678 0.12245186 0.158334 0.5
7.3963685 3.2149344 -0.039766669 -0.062564638 0.09489 0.5
18.308236 1.5600269 -0.051492062 -0.055117726 3.182579 0.5
14.933974 21.838658 -0.034425695 0.013255953 5.999337 0.5
17.61994 23.798132 0.025601835 -0.0062350364 0.712677 0.5
25.261794 21.088149 -0.020520442 0.016174394 1.70588 0.5
24.778161 9.878293 -0.03636055 0.24862325 5.092516 0.5
5.3721093 5.8035667 -0.075132873 -0.030628026 0.506989 0.5
12.391616 22.938118 -0.016318657 0.02655458 4.452103 0.5
22.782743 13.62402 -0.027340005 -0.036735668 3.429354 0.5
7.257273 19.224026 0.024610085 -0.0091368688 5.942963 0.5
3.2546821 20.222242 -0.013520207 -0.00075538964 2.062723 0.5
13.208671 1.9358598 -0.23716817 0.11920301 2.598321 0.5
19.324638 7.522651 -0.096781592 -0.099397635 6.159219 0.5
12.626225 7.1029203 -0.11981121 0.05958455 1.488917 0.5
22.594082 22.982376 0.0021744386 0.023379107 1.927238 0.5
21.394203 7.622755 -0.074369573 0.016383126 3.98558 0.5
17.95533 19.59283 -0.016227928 0.044093946 3.515453 0.5
17.048767 15.471774 -0.006854222 -0.020118548 3.362574 0.5
17.991118 26.685792 -0.064705942 -0.048258096 2.617045 0.5
26.109465 19.708841 -0.027742282 -0.013455622 4.416501 0.5
20.621046 2.4237754 -0.12577039 -0.19459462 2.357123 0.5
18.746101 16.079613 0.0048622162 -0.015446172 0.027213 0.5
14.188252 26.130176 -2.2079862e-05 -1.6923308e-05 3.270335 0.5
13.409811 25.056157 6.1463533e-05 9.5264001e-05 5.133302 0.5
1.7975475 19.166303 0.01348921 -0.012497887 4.163048 0.5
3.6357844 22.228022 0.016919077 -0.00064221486 3.93618 0.5
21.08884 22.810361 -0.061486678 0.043498568 5.951127 0.5
26.321765 16.570972 -0.027367487 0.026454717 4.082451 0.5
7.3399755 24.749346 -0.0040067641 0.016088877 1.780305 0.5
17.179246 12.902082 -0.022285971 0.026421946 2.847882 0.5
19.593328 26.175685 0.0082946942 0.039375021 1.767937 0.5
25.623189 17.665429 -0.071904133 0.052021593 0.00135 0.5
18.039984 8.1267058 0.06815971 0.048146494 5.312468 0.5
26.983576 12.020012 0.059965836 0.027723973 0.320289 0.5
24.735115 16.915832 -0.057653086 0.025183526 0.581132 0.5
2.9635494 13.821668 0.012895123 -0.003610081 3.087421 0.5
23.959156 14.42784 -0.077516297 -0.045005622 3.560403 0.5
27.404253 14.306505 -0.031907201 -0.0077535734 0.555117 0.5
21.706474 24.891508 0.031309591 0.053549153 6.220608 0.5
16.976389 17.341378 0.010086367 -0.0011006717 5.652715 0.5
19.606295 25.044178 -0.053478211 0.0064835319 0.827952 0.5
16.198523 16.446361 0.0011138092 -0.0062520099 1.054048 0.5
2.1765547 12.44427 0.026323729 0.011714295 0.319962 0.5
23.645139 10.494403 -0.028738036 0.01108289 2.464344 0.5
23.332828 8.5006974 -0.039644637 0.078017288 3.780782 0.5
16.072084 3.8417251 -0.027642121 -0.041937333 0.745414 0.5
4.2876621 20.792987 0.0071469077 -0.019927962 3.348875 0.5
8.5792973 23.003214 -0.06070289 0.058294132 5.365761 0.5
11.850658 8.4093244 -0.12469059 0.090174046 0.445642 0.5
8.4868285 4.734316 -0.085085038 0.0010285279 2.979068 0.5
17.458141 24.93733 -0.066358072 -0.0016666403 2.813895 0.5
12.325295 4.7220704 -0.15757183 0.090133621 4.039246 0.5
11.700211 11.350112 -0.094948593 0.079283027 4.602055 0.5
10.683066 15.614346 -0.0063259333 -0.0055898091 1.676583 0.5
15.138025 10.683975 -0.103326 0.035008504 1.207935 0.5
25.892186 11.584612 0.0018469878 -0.032870675 6.164191 0.5
16.420183 2.1507733 -0.77173972 -0.11708387 1.491784 0.5
11.28649 2.6463278 -0.16793507 0.037511918 6.269379 0.5
16.122015 20.841139 -0.0073531218 -0.005931578 0.35856 0.5
2.8423274 16.654995 -0.0011930786 0.0063001863 0.326238 0.5
24.02309 19.214081 -0.070091248 -0.03024421 1.608548 0.5
15.289651 24.020086 -0.071070223 0.10701732 2.616667 0.5
21.58853 19.779438 -0.035322314 -0.0044618007 0.410672 0.5
21.054852 18.268382 0.0080659022 0.0043117534 3.210668 0.5
23.858885 20.749569 -0.012696876 0.034438824 0.309541 0.5
22.362164 16.167942 -0.037314528 0.066966924 1.761874 0.5
9.668746 22.357629 0.033470836 -0.012689187 4.731547 0.5
12.350238 3.4393593 -0.02200305 -0.0039821377 0.313065 0.5
15.293861 19.952512 -0.042405092 -0.0011860951 0.087229 0.5
26.985679 10.846117 -0.015816377 -0.022042445 5.713071 0.5
22.837437 24.094318 -0.048832766 0.026030604 0.34983 0.5
5.0052779 19.906267 0.026385206 -0.0033876953 2.015368 0.5
11.634318 24.450577 1.0819945e-05 2.5906862e-05 0.42176 0.5
16.139649 18.134657 -0.04285156 0.010747228 5.580866 0.5
22.045933 22.005295 -0.041373056 0.0056934581 4.066321 0.5
25.025677 14.779572 -0.059032989 0.037385072 5.863794 0.5
18.722125 23.142445 0.042158821 0.0081927338 5.355125 0.5
10.106888 14.547676 -0.0022835467 -0.0053674431 5.404824 0.5
19.698068 12.690017 -0.021854547 -0.026083492 1.361005 0.5
6.3945812 20.869349 0.010132231 0.023904582 5.19755 0.5
15.297988 2.0752476 -0.18843031 -0.00040747565 5.853071 0.5
25.973937 10.380182 -0.065978979 0.058683761 2.830697 0.5
20.619858 17.132056 0.0092206302 -0.011470051 3.251414 0.5
17.818255 14.439031 -0.044324094 0.12619422 3.305262 0.5
9.0198567 24.136917 0.0039105582 0.012203168 3.841898 0.5
8.980301 21.264005 -0.0037516103 0.021204079 4.917041 0.5
19.548809 21.314764 -0.053323527 -0.014228102 1.726803 0.5
23.731171 22.973653 0.00028516523 0.026201468 2.534849 0.5
6.97115 15.879881 0.00078205942 -0.0017638916 1.985571 0.5
6.0115578 23.469462 -0.024220171 -0.0069587828 5.636684 0.5
20.243899 10.745755 -0.099630268 -0.072713832 0.642493 0.5
9.2789639 19.976692 -0.0068003016 0.0072670683 5.796573 0.5
20.709829 21.703538 -0.062789105 0.011163953 4.738871 0.5
7.7632646 13.242751 0.006164889 0.042809641 1.568073 0.5
3.4846519 10.871179 0.015946014 0.0071958571 2.749741 0.5
10.547102 18.996899 -0.064996843 -0.050074207 1.171823 0.5
11.802375 27.115947 1.0941437e-07 -8.0446024e-08 2.226958 0.5
16.728452 19.369274 -0.077950282 0.023832587 1.548545 0.5
21.497683 20.894382 -0.027874197 -0.02712473 3.653333 0.5
17.177298 20.398916 -0.015771901 0.0060529508 4.394256 0.5
9.7429147 7.5907704 -0.054452088 -0.019050466 0.605652 0.5
1.5704124 16.78064 0.0033835501 0.018543697 3.106146 0.5
24.624226 22.146079 -0.032939909 0.067901862 3.095002 0.5
27.154864 13.140363 0.038887995 0.020465344 1.841384 0.5
20.693896 3.7956993 -0.24206836 -0.15712229 6.034028 0.5
16.504165 0.93696357 -0.031155517 0.14430263 1.857551 0.5
13.329233 20.546119 -0.021861866 0.013895746 1.702664 0.5
24.128564 7.3270878 -0.029939793 0.19224876 1.16125 0.5
20.117779 19.061133 -0.089827607 0.03163114 4.720586 0.5
6.5080486 22.204305 0.0067085412 -0.024512209 0.205718 0.5
1.5174138 15.145842 0.0082839416 3.4945314e-05 5.820667 0.5
23.8323 15.757909 -0.050244221 -0.031768144 3.894129 0.5
19.843985 15.810329 -0.002547037 -0.020557627 3.074393 0.5
10.47415 1.8761724 -0.21096825 0.18380689 0.467747 0.5
22.286336 17.502631 -0.02169526 0.014672309 5.60533 0.5
16.979236 26.214332 -0.000478858 0.0051897713 6.227367 0.5
11.885371 19.725843 -0.0054714947 -0.0024755006 5.177094 0.5
10.202709 24.914222 -0.00014733451 6.4528608e-05 0.203779 0.5
24.398959 18.098864 0.005935059 0.0068097641 6.095105 0.5
5.1914274 15.796021 0.0037462396 -9.0851381e-05 5.150288 0.5
3.6721608 12.741006 0.020946633 0.001654322 3.059892 0.5
22.991078 7.3074049 -0.031968744 0.11077223 3.692189 0.5
10.878308 7.3311811 -0.20759842 0.032333019 3.246869 0.5
10.940276 3.980625 -0.075417173 0.033426625 2.032293 0.5
18.959142 19.002343 -0.024839841 0.023690842 6.136396 0.5
25.913059 13.010729 0.04000866 0.039345887 4.563161 0.5
23.458588 21.814882 -0.0062477046 0.022183419 5.916686 0.5
12.879759 14.118886 -0.05913529 -0.013907274 1.344992 0.5
15.094583 5.2668212 -0.10115873 -0.017039913 3.633442 0.5
23.257051 18.165221 0.023166162 0.062456984 2.78777 0.5
7.3485703 22.949999 0.017491956 0.02259644 1.483056 0.5
22.549655 14.95511 -0.047155327 0.025865755 0.879468 0.5
14.267116 17.749566 -0.012183521 0.0014599667 4.923104 0.5
18.525363 25.658736 -0.025579512 -0.013571655 5.350229 0.5
5.323601 22.239605 -0.01145895 -0.029885541 1.508644 0.5
22.296283 11.234326 -0.053385825 0.096847834 4.32761 0.5
21.749769 23.718466 -0.016542405 -0.030259011 1.3724 0.5
6.0093456 19.154366 0.016895873 0.0047595911 2.64206 0.5
24.856181 19.980799 0.011135902 0.066535784 2.466218 0.5
16.26869 12.120436 -0.065590187 -0.050519923 0.69625 0.5
21.036425 15.883355 -0.046333742 -0.015067173 0.502972 0.5
25.230378 18.867604 0.037109927 0.014954803 4.066135 0.5
17.638924 22.630413 -0.022120547 0.028156993 3.026607 0.5
8.7587677 26.337655 0.058848835 0.013083456 6.171553 0.5
23.41622 16.825313 -0.04992832 -0.026725906 3.767955 0.5
20.484614 8.6606821 -0.16031171 0.052417572 5.349705 0.5
12.334438 12.95232 -0.067604736 -0.036338208 3.28374 0.5
13.366501 5.1218298 -0.061311289 0.19668457 1.964272 0.5
20.509128 20.154058 -0.03521975 0.044260577 1.170799 0.5
14.819098 8.533706 -0.09145113 0.071683839 0.802835 0.5
6.9986559 4.8795028 0.0044580376 0.0054473568 5.063896 0.5
6.6282863 13.853444 0.026800272 -0.015969296 2.243796 0.5
9.277846 1.6817384 -0.18016226 -0.12721695 5.270568 0.5
13.302706 22.178613 0.051870626 0.026381593 5.757172 0.5
17.53927 2.3737984 0.16187573 -0.96143939 5.271397 0.5
16.298428 7.0828067 -0.043506933 0.015553359 3.151318 0.5
4.3234927 18.893504 -0.0097823332 -0.0064211406 0.221595 0.5
14.755894 23.023355 -0.0080541375 0.0038173122 1.510648 0.5
21.480976 10.176808 -0.0094516416 0.054862138 5.29405 0.5
13.665696 19.447311 -0.0024899657 0.026592392 2.737677 0.5
25.967107 9.0073796 0.11005451 0.077628992 4.134415 0.5
11.83443 15.936702 0.00083763297 0.0051137691 1.432456 0.5
18.529592 12.854607 -0.062890367 -0.083507694 2.840655 0.5
18.504079 11.502471 -0.013501929 0.02150225 2.899005 0.5
27.208873 15.792695 -0.055779221 0.025079129 4.137855 0.5
24.92314 13.641515 0.017378501 0.021510717 1.992807 0.5
10.685469 12.641824 0.018594744 -0.018159845 0.375558 0.5
19.190865 20.231234 -0.023182829 -0.049793143 0.629977 0.5
12.39574 17.337899 0.0082977727 0.001626212 5.301885 0.5
19.447569 14.670793 0.017392218 0.049964071 1.197725 0.5
15.197875 16.983049 -0.027345199 -0.056548337 2.939026 0.5
2.9096917 21.354796 0.0024963257 -0.00067425292 3.912909 0.5
25.405451 15.927451 -0.04334086 0.072530329 3.115045 0.5
25.597239 7.8174179 0.30643194 0.18865769 1.662001 0.5
6.8912773 6.8390491 -0.19069053 -0.080383652 0.131507 0.5
