# x y vx vy theta radius
13.786908 11.522286 0.89637028 0.13753625 0.60335618 0.5
9.445798 1.5065982 -0.017978933 -0.016518236 1.764168 0.5
22.45435 13.452913 0.066258283 -0.072807836 3.951996 0.5
19.306082 26.091385 -0.00013919341 0.00019654787 4.259518 0.5
21.061916 17.446835 -0.012897762 0.041072925 1.882067 0.5
23.692696 9.7893315 0.0075361574 0.0013847753 0.92276 0.5
18.990205 18.574387 0.20592392 0.12006202 4.981497 0.5
17.828284 5.7657073 0.051220011 0.09252887 0.663689 0.5
20.579669 3.7035 -0.038576833 0.024502908 4.599871 0.5
24.079607 18.465112 0.031739322 -0.022041345 3.315122 0.5
12.791746 14.079348 -0.0098481336 0.014033002 5.224588 0.5
17.877785 2.5830702 0.035379563 0.0087766149 4.739779 0.5
19.835364 25.023199 -0.00017528874 -2.4324278e-05 0.624425 0.5
13.354043 5.7425588 -0.18386316 -0.52976664 0.734434 0.5
23.500626 15.067485 0.13037205 0.067562494 4.989084 0.5
19.989053 17.979381 0.27251447 -0.029806403 2.508867 0.5
18.629552 24.433228 0.072913126 0.026743347 5.939565 0.5
9.5481668 7.2844636 -0.0087249446 -0.055285434 0.028815 0.5
17.230669 26.262092 0.00071434001 9.7617151e-05 3.449449 0.5
16.104326 6.5705152 0.090719206 -0.0452602 0.592282 0.5
1.9894713 12.468455 -0.029439393 0.018716609 6.045768 0.5
19.575322 4.2420566 0.078590164 -0.020239596 0.890473 0.5
13.225986 1.7576297 0.025665684 0.027510862 2.353219 0.5
10.517639 2.4624549 0.0954726 -0.043946241 1.672869 0.5
4.3542033 14.872048 -0.056602231 -0.004265448 4.21507 0.5
3.4158569 8.2215234 0.041014603 -0.022514432 0.4829 0.5
13.106909 21.147004 -0.0026074841 0.0066314865 6.274711 0.5
17.576617 8.9507772 -0.14651097 0.16864709 1.301021 0.5
21.208704 22.997609 -0.082005224 0.032297036 3.538852 0.5
5.1169362 7.1096406 -0.005031875 0.003332523 1.72413 0.5
16.711993 5.4791505 0.0094809408 -0.16597498 0.779811 0.5
17.191136 14.032269 0.023199995 0.067093004 1.209651 0.5
15.385084 12.186765 0.0090436917 -0.017748979 5.377079 0.5
8.997684 12.923695 -0.030373477 -0.034754472 3.122843 0.5
18.196956 12.922499 0.4249842 0.16336456 4.105439 0.5
10.180545 4.8800227 0.053633911 0.079989412 2.246795 0.5
21.436929 18.88515 0.017006965 0.0080859446 3.468535 0.5
13.744068 7.0448466 0.032441362 -0.012931023 5.532293 0.5
24.517856 17.074848 0.030056665 -0.010024603 0.531572 0.5
13.989711 14.743632 -0.044825496 0.039182619 5.261584 0.5
19.306234 2.813528 0.02123244 0.022074524 0.040113 0.5
18.736915 14.392353 -0.0035808147 -0.027231954 4.576591 0.5
20.028017 11.885124 0.064272657 -0.1497505 0.209824 0.5
15.440494 14.659223 0.014673032 -0.097802958 1.770879 0.5
18.598437 4.8408447 0.010237454 0.029009752 4.791815 0.5
24.703776 21.958805 0.0069464684 0.03994369 2.522673 0.5
16.033721 7.7245183 0.065307834 -0.02468301 3.232151 0.5
7.1708272 17.277055 0.018181701 0.055018605 0.943125 0.5
10.683537 7.5562355 -0.064492458 -0.028686034 1.031271 0.5
12.137118 18.888724 0.040847934 0.10603382 1.523797 0.5
2.5226136 10.014029 0.083385637 -0.19780792 1.787492 0.5
26.413238 10.461915 -0.00019794829 -2.2368324e-05 3.056837 0.5
17.887909 7.7921995 0.17938395 -0.09798364 3.332967 0.5
19.271526 12.935125 0.16575048 -0.058300131 3.889918 0.5
16.031576 25.864781 0.05198126 0.020179586 1.775857 0.5
19.536408 21.672512 0.026491509 0.044049668 4.33857 0.5
16.296921 23.184332 -0.013710084 0.079330874 2.652322 0.5
19.25208 1.6949456 -0.0029000913 0.015910752 1.360759 0.5
24.309183 14.124712 0.17644692 -0.032049757 1.350476 0.5
16.842897 3.5272969 0.013676538 -0.052646476 3.139709 0.5
14.148084 9.7026814 -0.030452888 0.00096602461 3.877928 0.5
13.191893 4.4022015 -0.13247123 0.046152268 4.111005 0.5
26.315136 9.1560865 0.019005306 0.059093328 4.354529 0.5
5.927759 13.729711 -0.098220765 0.25015288 1.958136 0.5
17.791112 15.144996 0.033523418 0.0090177405 1.935129 0.5
14.760126 3.8107998 0.0064306278 -0.010452163 0.983243 0.5
20.573324 7.6343087 0.017743327 0.019890918 4.524452 0.5
13.902616 2.8531865 -0.024991078 -0.030041732 4.628506 0.5
13.23281 22.569255 0.00018142097 0.0011987623 4.619789 0.5
16.291163 10.1531 0.10148564 -0.050655066 6.246698 0.5
15.029686 13.420836 -0.05194762 0.10555428 2.597917 0.5
15.598804 3.0143696 0.0410778 -0.030904957 5.540445 0.5
17.044972 0.91955497 0.020349361 -0.014788882 1.135786 0.5
23.62666 13.196883 0.035590009 0.019002192 0.649744 0.5
27.088066 16.372974 -0.00017047505 -0.00020237389 4.647872 0.5
19.94736 6.671872 0.42064441 -0.27386627 3.116928 0.5
20.066931 5.2959874 -0.0841085 -0.032548993 1.058365 0.5
11.785076 4.1009882 0.0054188463 0.062348156 1.223223 0.5
27.03816 15.083339 0.00016401092 0.00011249929 6.185729 0.5
11.389954 6.4097769 -0.0019756432 -0.050988334 5.03693 0.5
13.180119 24.259774 0.052399419 0.049902959 0.158334 0.5
21.855583 19.925924 0.016533341 -0.0075604565 0.09489 0.5
27.393174 13.150756 0.013920866 -0.0091397615 3.182579 0.5
25.962859 15.814 0.075475434 0.083109349 5.999337 0.5
24.491228 8.3272578 -0.095624723 0.023196756 0.712677 0.5
24.008149 5.0510857 0.0034773924 0.046833601 1.70588 0.5
11.595001 2.9652162 -0.0038857693 -0.041400828 5.092516 0.5
22.628119 16.37839 0.053895619 0.025738553 0.506989 0.5
24.783901 10.64933 0.031164018 -0.021544419 4.452103 0.5
7.273942 10.762016 0.0021724875 -0.024306449 3.429354 0.5
17.358683 10.429998 0.144939 -0.020903683 5.942963 0.5
22.388402 5.1475493 0.040355173 0.025821027 2.062723 0.5
19.643819 22.974006 0.00019130279 -0.00020132206 2.598321 0.5
10.562783 8.8222003 0.049156025 0.043046929 6.159219 0.5
25.652911 16.981242 0.020558371 0.0056708849 1.488917 0.5
8.7143523 22.962618 -0.0894796 0.15258653 1.927238 0.5
22.273564 14.693495 0.057447667 0.025208811 3.98558 0.5
24.738343 6.047088 -0.0032081419 -0.0012615563 3.515453 0.5
22.143068 3.6154809 -0.0024303781 -0.06150273 3.362574 0.5
23.05794 7.3976678 0.052462744 -0.030210996 2.617045 0.5
12.578882 6.9781507 0.0090501533 -0.052521654 4.416501 0.5
26.037296 19.419332 0.011563094 -0.025090781 2.357123 0.5
16.308494 24.433512 -0.061834302 0.087012582 0.027213 0.5
23.25668 17.508393 -0.00029471341 0.00079693715 3.270335 0.5
10.086596 6.2742311 0.0081081741 0.09452675 5.133302 0.5
23.548879 6.1461988 -0.039660414 0.023358098 4.163048 0.5
18.34074 22.350041 0.030856086 0.0089471621 3.93618 0.5
23.429176 19.960117 0.003120338 0.018688464 5.951127 0.5
5.3932413 22.962482 -0.005768964 0.0026626453 4.082451 0.5
19.999907 15.318694 0.038944836 0.0028236243 1.780305 0.5
11.882956 21.303205 0.0045984761 0.054273776 2.847882 0.5
17.75138 11.728091 -0.018141481 -0.094783439 1.767937 0.5
24.710298 15.309912 0.046596802 -0.0014537193 0.00135 0.5
23.131475 4.2030748 0.018242318 0.030135311 5.312468 0.5
15.359661 16.195576 -0.068492481 0.14266167 0.320289 0.5
8.6339119 5.2613177 -0.0047929129 -0.0052325834 0.581132 0.5
21.575762 21.343486 -0.016279861 0.020412244 3.087421 0.5
14.095059 19.697457 -0.065614389 0.063588097 3.560403 0.5
16.964509 12.755785 -0.021922516 0.12126963 0.555117 0.5
7.8044025 9.2196782 -0.030601046 -0.011752331 6.220608 0.5
18.867039 9.4712572 -0.0534301 -0.16457916 5.652715 0.5
18.597594 20.930579 0.075125623 0.0061215759 0.827952 0.5
17.572981 24.0618 -0.0343781 0.097113599 1.054048 0.5
5.8147534 11.777957 -0.11163438 -0.036720149 0.319962 0.5
2.254452 8.5568569 -0.026662378 0.019304026 2.464344 0.5
14.370141 4.876318 -0.034311313 -0.03955896 3.780782 0.5
15.822039 0.73781255 0.0026655116 -0.0034744313 0.745414 0.5
21.55263 15.889542 0.002031454 0.055654593 3.348875 0.5
11.751127 7.9698576 0.046495442 -0.1597912 5.365761 0.5
7.6956487 3.6013354 -0.056396479 -0.049156938 0.445642 0.5
23.847366 16.112999 0.066412994 0.16866627 2.979068 0.5
14.187869 21.489827 0.0047383327 0.0013721177 2.813895 0.5
15.996843 18.234759 -0.25912136 0.11976087 4.039246 0.5
12.754251 3.3682643 -0.059207528 -0.15277646 4.602055 0.5
17.274908 17.72931 0.010918927 -0.040154408 1.676583 0.5
14.685668 0.70536635 0.014920597 0.009725165 1.207935 0.5
19.463171 10.507371 0.10914353 0.03083054 6.164191 0.5
16.170282 17.079686 0.11317007 0.15354745 1.491784 0.5
7.4814304 5.2308717 0.019985234 -0.060062712 6.269379 0.5
5.128023 20.125843 -0.048368263 -0.01573157 0.35856 0.5
22.291224 22.325214 0.01486247 0.019338115 0.326238 0.5
12.063343 5.4357602 -0.00026176145 -0.0050776791 1.608548 0.5
22.099748 17.855674 0.059075995 -0.011051655 2.616667 0.5
21.619674 9.1676004 0.16071542 -0.45776391 0.410672 0.5
4.2138937 10.013807 -0.040709667 -0.0078292015 3.210668 0.5
24.146418 12.185601 0.029531772 0.01984354 0.309541 0.5
11.152139 25.10187 0.092984542 0.083349454 1.761874 0.5
13.743578 26.609041 -0.097965705 0.10298449 4.731547 0.5
9.4344871 25.686513 0.011971878 0.029517527 0.313065 0.5
5.7320758 10.305022 -0.21104679 -0.074588362 0.087229 0.5
10.689198 3.8652434 -0.016822249 -0.075321148 5.713071 0.5
11.666524 9.1951878 0.086901515 -0.024309032 0.34983 0.5
18.309035 3.6200205 0.00438737 0.009120699 2.015368 0.5
20.6146 10.298767 0.10396861 0.080661302 0.42176 0.5
6.4022078 15.971228 -0.079067389 0.11184323 5.580866 0.5
19.885221 14.033525 -0.049165368 0.041390743 4.066321 0.5
21.431638 5.7247758 0.021466309 -0.042097563 5.863794 0.5
12.272886 0.72158023 -0.019977482 -0.02988337 5.355125 0.5
15.066082 10.579248 0.91033284 -0.71878987 5.404824 0.5
12.377249 10.149803 -0.11688707 -0.0024225827 1.361005 0.5
13.220598 18.364177 0.11798549 -0.035844814 5.19755 0.5
14.396749 8.2221052 -0.17125757 -0.021781843 5.853071 0.5
10.649102 10.822308 0.0082237557 -0.037809136 2.830697 0.5
4.7173918 12.835686 -0.22174299 -0.081423911 3.251414 0.5
25.647695 14.631775 0.015427098 0.0087083626 3.305262 0.5
19.215046 8.3190529 0.058070384 -0.22136542 3.841898 0.5
7.5548109 24.171494 -0.07422596 0.021645284 4.917041 0.5
18.936752 5.9512951 0.032698296 -0.029704562 1.726803 0.5
23.002276 10.867047 0.011773867 0.073496177 2.534849 0.5
3.9265842 5.1564267 0.005594841 -0.0028974472 1.985571 0.5
26.73563 18.13 9.4310477e-05 0.00023221975 5.636684 0.5
14.849177 25.654073 0.043441088 0.038339768 0.642493 0.5
26.595047 11.991959 -0.003334687 -0.0032139793 5.796573 0.5
20.373153 16.406604 -0.057597705 -0.0080436558 4.738871 0.5
20.277344 19.185998 0.020271963 0.078595215 1.568073 0.5
14.895221 6.5391566 -0.12460923 -0.059338858 2.749741 0.5
2.7357324 6.8158469 0.0076640819 0.010522258 1.171823 0.5
21.238442 4.6008719 0.016792391 0.022860108 2.226958 0.5
25.429716 11.681954 0.040198682 -0.032484153 1.548545 0.5
17.498302 4.5434136 -0.023051189 -0.061331434 3.653333 0.5
26.391642 13.683798 0.025353284 0.026978875 4.394256 0.5
17.210384 6.7065815 0.10691899 0.085729096 0.605652 0.5
23.469823 21.680886 -0.0084279071 -0.026698509 3.106146 0.5
17.379933 16.240972 -0.10454199 0.12057891 3.095002 0.5
24.197343 7.2362122 0.017619817 0.0038771251 1.841384 0.5
5.2475692 4.729361 -0.030275296 -0.034957671 6.034028 0.5
22.457672 6.4185902 -0.015217197 -0.024997636 1.857551 0.5
22.664158 20.860541 0.0086902103 0.014057181 1.702664 0.5
6.5008161 9.4888536 -0.00050754761 -0.12548707 1.16125 0.5
8.5266387 2.4380993 -0.036933201 -0.04757468 4.720586 0.5
23.035715 18.881911 -0.037555883 0.018075487 0.205718 0.5
20.318651 2.2229286 0.03604505 0.019331943 5.820667 0.5
12.232076 20.151408 -0.047916743 0.012672197 3.894129 0.5
8.8212973 4.1239726 -0.028798099 -0.017826807 3.074393 0.5
6.9135311 8.4185865 -0.01740964 -0.055994216 0.467747 0.5
16.037471 4.4732446 0.24329762 -0.45910043 5.60533 0.5
7.7469574 7.2752571 -0.18131978 -0.05837889 6.227367 0.5
25.196585 9.3830114 0.0033476895 -0.017548553 5.177094 0.5
9.3646036 22.04525 -0.07174571 -0.0019856659 0.203779 0.5
9.5347098 10.217874 -0.029938055 -0.082654728 6.095105 0.5
6.6621092 2.7526364 0.0014604015 -0.0088185656 5.150288 0.5
16.391499 20.662775 -0.042564219 0.056566133 3.059892 0.5
11.071299 1.1358972 -0.0041771805 0.0024097284 3.692189 0.5
14.889459 1.8853132 -0.01692258 0.070684019 3.246869 0.5
15.734308 8.7745243 -0.09795499 -0.1104423 2.032293 0.5
18.372719 19.602672 -0.15706919 0.26839869 6.136396 0.5
13.415727 0.63690141 0.023097562 -0.014466449 4.563161 0.5
9.1040949 8.4041341 0.024409954 0.01993247 5.916686 0.5
13.479629 17.074358 0.017582119 -0.0022774854 1.344992 0.5
21.769009 7.4262535 -0.029917979 0.0013048499 3.633442 0.5
23.39924 8.5796193 0.0017302623 0.0048202191 2.78777 0.5
25.597463 20.475305 0.035505462 0.016291527 1.483056 0.5
20.609278 21.988712 0.0113837 0.0034719531 0.879468 0.5
20.628121 13.156803 0.092101249 0.20977658 4.923104 0.5
20.680704 20.601533 -0.036239129 -0.016514678 5.350229 0.5
2.3789503 16.632284 0.0016519789 0.0014432865 1.508644 0.5
21.702406 12.520125 0.15501987 -0.075960574 4.32761 0.5
15.407654 5.4739932 0.0034117426 -0.11703907 1.3724 0.5
4.0784176 6.5434916 -0.0051292514 0.032839581 2.64206 0.5
17.287426 18.958176 0.049805821 0.052243503 2.466218 0.5
8.7682446 6.4102304 0.035690397 0.0042812379 0.69625 0.5
10.36018 12.024502 -0.023013601 0.030652938 0.502972 0.5
19.61623 20.125674 0.00033559092 -0.0018977155 4.066135 0.5
25.89581 8.1171803 0.033764545 0.045696801 3.026607 0.5
17.440662 20.2761 0.16410285 0.1614323 6.171553 0.5
19.287587 16.881902 0.012700752 -0.030033695 3.767955 0.5
6.7020117 6.4151795 -0.11002632 -0.032699795 5.349705 0.5
10.420067 23.399737 0.10806794 0.23449597 3.28374 0.5
11.590454 23.810802 -0.10549386 0.027839173 1.964272 0.5
8.6683193 11.664958 -0.069265269 -0.090776764 1.170799 0.5
12.043559 1.9173405 -0.052696505 0.0045617415 0.802835 0.5
24.869446 13.114521 0.010847655 0.0071764832 5.063896 0.5
9.5101773 3.1001723 0.0023013769 -0.048494157 2.243796 0.5
21.7079 24.024994 0.0075430733 0.019360851 5.270568 0.5
5.3806792 8.8168004 0.0027738777 -0.013251187 5.757172 0.5
16.688018 2.3686987 0.014148379 0.0082392479 5.271397 0.5
21.019261 14.514293 0.11720814 0.080578454 3.151318 0.5
18.928547 7.2335329 0.011368239 0.0033050669 0.221595 0.5
1.3724306 9.8486025 -0.33721447 -0.035939923 1.510648 0.5
6.047145 3.8224644 0.0091738271 0.0031410276 5.29405 0.5
23.962085 22.862055 0.00020651538 0.00039972013 2.737677 0.5
21.364438 2.7647624 0.019559573 -0.050420117 4.134415 0.5
24.466011 20.70569 0.0046381138 0.028386865 1.432456 0.5
25.340534 7.0355378 0.065348077 0.052597818 2.840655 0.5
21.825945 10.7021 0.11862799 0.01353268 2.899005 0.5
18.104468 1.3024007 0.00075467382 -0.039598113 4.137855 0.5
8.9733117 24.346074 0.01177055 0.078609608 1.992807 0.5
17.303154 21.359701 0.059148804 0.15067942 0.375558 0.5
25.212668 18.232424 0.052161032 0.051300663 0.629977 0.5
20.30212 8.7433219 0.053558185 -0.007166888 5.301885 0.5
24.751787 19.481098 0.0098527712 -0.025849625 1.197725 0.5
6.7849182 12.815248 -0.35871777 -0.12231811 2.939026 0.5
3.4358686 13.950472 -0.11552812 0.057152756 3.912909 0.5
13.102267 9.1120345 -0.038986088 -0.010356067 3.115045 0.5
22.833255 12.376435 -0.026479322 -0.025527806 1.662001 0.5
22.582989 9.8279712 0.10598312 -0.040895026 0.131507 0.5
