# x y vx vy theta radius
13.20138 24.54583 -0.0047350739 -1.0261445 3.206841 0.5
17.755652 26.841324 0.43412232 -0.38040766 1.764168 0.5
0.91999533 16.937006 0.0033687597 0.010087746 3.951996 0.5
6.4747602 22.907094 -0.23294992 -0.27203426 4.259518 0.5
5.7718518 24.594341 0.03273826 -0.094606434 1.882067 0.5
9.0773955 8.9334268 0.0023634888 -0.0019094192 0.92276 0.5
5.396433 20.6916 0.089437538 -0.15597014 4.981497 0.5
12.794887 3.0215984 0.00031158986 0.00028026234 0.663689 0.5
3.4411934 10.602396 0.018520566 -0.014792386 4.599871 0.5
5.749041 4.8434234 0.019813007 -0.030382723 3.315122 0.5
6.1051956 14.213873 0.0035042138 -0.0070225772 5.224588 0.5
24.660424 17.505979 -0.019182078 -0.033074677 4.739779 0.5
11.696316 14.841864 -0.035708241 -0.11221285 0.624425 0.5
19.19202 8.5321332 0.042301196 -0.068679818 0.734434 0.5
23.453216 8.760283 0.00028975941 0.00030905517 4.989084 0.5
19.925599 6.1580332 -0.00070078131 -0.0013257278 2.508867 0.5
20.6017 20.841895 0.016513211 -0.02124688 5.939565 0.5
10.313954 18.809508 0.020365825 -0.026442011 0.028815 0.5
22.988617 7.7335267 0.00099707695 -0.00067667874 3.449449 0.5
15.414106 15.891606 -0.018991426 -0.087162322 0.592282 0.5
25.540191 8.5275308 0.021596868 -0.001519162 6.045768 0.5
19.832057 25.32292 0.004562439 0.017569264 0.890473 0.5
13.604304 21.186885 -0.054641656 -0.41782938 2.353219 0.5
19.371979 7.227797 0.0090312737 -0.0010332043 1.672869 0.5
20.888573 10.414617 0.00086848064 -0.00059949801 4.21507 0.5
21.241886 25.113786 0.007349879 0.0066445817 0.4829 0.5
18.585796 1.7223876 -0.0020961683 0.00040576054 6.274711 0.5
6.0521827 8.2541904 0.006677968 0.0015510642 1.301021 0.5
26.531344 9.2265384 -0.012876179 -0.032238495 3.538852 0.5
14.888843 18.594836 0.0079709141 -0.0041659507 1.72413 0.5
2.3730751 20.365283 -0.060907532 -0.18931053 0.779811 0.5
14.248952 8.4888286 0.00066766533 0.00044886367 1.209651 0.5
11.244769 17.308222 0.026230652 -0.0025683381 5.377079 0.5
19.162595 21.375914 -0.0051126832 -0.042754928 3.122843 0.5
9.847243 23.636511 -0.24203161 -0.11781381 4.105439 0.5
27.182094 16.606702 -0.04237839 -0.041898957 2.246795 0.5
0.78918471 14.045224 -0.092480936 -0.08573591 3.468535 0.5
7.8827078 7.8336391 0.00099667557 -0.0074644732 5.532293 0.5
9.4008203 20.898455 0.037410479 -0.049345295 0.531572 0.5
16.266885 2.172823 0.0008384533 -0.0001895737 5.261584 0.5
25.55147 20.778793 0.0015274936 -0.00066543069 0.040113 0.5
8.7145514 15.208932 0.011169643 -0.013187525 4.576591 0.5
23.865366 23.015221 -0.011032358 -0.0064197539 0.209824 0.5
12.437972 19.349806 0.048141284 0.0039707136 1.770879 0.5
26.823949 18.016548 0.024705656 -0.0018502418 4.791815 0.5
5.7163394 9.3639105 0.00079892003 -0.014735676 2.522673 0.5
26.248375 14.896263 -0.0013358918 0.0023270378 3.232151 0.5
27.152724 11.747646 0.0017357329 -0.0017374149 0.943125 0.5
26.871552 10.317735 -0.061230379 0.021534477 1.031271 0.5
24.252969 7.9718289 -0.0022749446 0.0018624643 1.523797 0.5
21.119251 2.7355969 -0.0010274562 -0.00066603875 1.787492 0.5
24.649305 12.550906 0.027387052 0.016483384 3.056837 0.5
15.089522 0.75026804 -0.00068436139 -0.0012830395 3.332967 0.5
18.129196 7.0966526 0.003665484 -0.016181927 3.889918 0.5
12.28649 13.624865 0.00058426106 0.00035331855 1.775857 0.5
10.500146 6.2870398 -0.00029335614 0.00066549395 4.33857 0.5
15.62254 23.991619 -0.059915025 0.075455698 2.652322 0.5
24.595632 18.726823 -0.020657949 -0.071415153 1.360759 0.5
16.101785 4.9334672 -0.0014177056 0.0009160623 1.350476 0.5
25.162955 13.85198 0.011523002 -0.044390908 3.139709 0.5
15.874342 6.0935031 -0.00075148739 -0.00065663325 3.877928 0.5
20.014825 18.370109 -0.005107802 -0.03126566 4.111005 0.5
7.7488021 22.450755 0.018154015 -0.0091323864 4.354529 0.5
14.000915 3.2752456 -0.0009342318 0.00060641155 1.958136 0.5
20.109885 9.5267004 -0.0029328626 1.6719324e-05 1.935129 0.5
22.434414 22.336763 0.046882074 0.010662346 0.983243 0.5
19.352865 20.258349 -0.0058712953 -0.009805541 4.524452 0.5
8.9432544 16.703561 0.014381659 0.011207387 4.628506 0.5
25.642787 10.01541 0.040757849 -0.023876155 4.619789 0.5
18.762968 16.28201 -0.013599609 -0.028450367 6.246698 0.5
22.27901 18.366948 0.0066007255 -0.041233514 2.597917 0.5
21.598062 16.398859 0.010641147 -0.022736457 5.540445 0.5
21.084989 18.756543 -0.0075243566 -0.011405909 1.135786 0.5
19.980875 11.219071 0.011387485 -0.051652972 0.649744 0.5
19.168221 24.341302 -0.0021160711 -0.0575444 4.647872 0.5
14.254128 27.237258 -0.27961722 0.096885869 3.116928 0.5
4.012556 17.19444 -0.052913482 -0.079974009 1.058365 0.5
20.003333 14.753122 -0.032408164 -0.055136004 1.223223 0.5
25.069863 15.035122 -0.0007100192 0.03011783 6.185729 0.5
15.637657 27.26239 -0.23605568 -0.29659541 5.03693 0.5
20.950889 14.038191 0.014777015 0.0013517182 0.158334 0.5
18.180403 24.849135 0.89204982 -0.72097641 0.09489 0.5
3.6818446 11.74388 0.002902649 0.018129766 3.182579 0.5
26.062861 12.588488 0.00079519482 -0.0010527292 5.999337 0.5
14.46185 14.050251 -0.003635931 -0.0014781843 0.712677 0.5
14.207007 4.4834196 -0.0011481336 0.0026559999 1.70588 0.5
7.4340305 9.3019164 -0.0057707895 0.00059768275 5.092516 0.5
8.5118702 26.060498 0.069669234 -0.19523709 0.506989 0.5
24.46534 22.060447 0.0058184033 -0.025403841 4.452103 0.5
7.1904949 17.406154 0.06061269 -0.13195435 3.429354 0.5
22.781757 23.4103 -0.024103658 0.010329904 5.942963 0.5
1.937715 8.9737704 0.0050268595 0.006900204 2.062723 0.5
18.653362 12.230718 -0.016020363 -0.0071233943 2.598321 0.5
23.073031 4.1644615 0.001494248 0.0011728343 6.159219 0.5
9.1545903 6.8207596 -0.0010539824 0.00073968573 1.488917 0.5
22.06495 24.329448 0.054171381 0.067742861 1.927238 0.5
13.666768 6.3879127 -0.00019187885 0.00056167126 3.98558 0.5
3.8797554 22.078525 -0.055861055 0.038410396 3.515453 0.5
5.1391316 5.8535603 0.012337028 0.0094184231 3.362574 0.5
26.069132 19.658364 0.004082553 -0.039051542 2.617045 0.5
14.859257 26.179108 -0.11706329 0.22186657 4.416501 0.5
6.7737741 12.769268 0.012551561 -0.0073735713 2.357123 0.5
14.696469 7.0573239 -0.0018504486 0.0025421693 0.027213 0.5
7.2005047 19.063501 -0.074671339 0.025854763 3.270335 0.5
17.488483 5.5418268 0.0003134395 0.00037341961 5.133302 0.5
22.411457 17.233 0.0011376207 0.019499204 4.163048 0.5
15.35247 3.9757679 -0.0017527511 -0.0013310067 3.93618 0.5
7.5971518 16.322898 0.0050336985 -0.03832832 5.951127 0.5
22.986763 20.197857 0.015972253 -0.0091760608 4.082451 0.5
17.267617 25.561406 0.14753337 0.1083492 1.780305 0.5
12.492831 5.0747091 -0.00066182222 0.00070162555 2.847882 0.5
5.1045576 11.705318 0.013390524 -0.007525018 1.767937 0.5
8.476569 12.503236 0.025106076 -0.023271186 0.00135 0.5
20.932139 7.1027346 -0.0023900533 0.0013634786 5.312468 0.5
6.8337703 5.9480328 -0.00072241166 0.0023283061 0.320289 0.5
6.6201687 21.61409 0.0067416479 -0.10534459 0.581132 0.5
18.013473 20.545091 -0.033857721 -0.020690435 3.087421 0.5
11.016611 16.048603 -0.03985831 -0.021375312 3.560403 0.5
13.956217 0.586986 -0.00021333295 5.1590866e-05 0.555117 0.5
18.880281 26.108873 -0.0098285512 0.0089384671 6.220608 0.5
22.522223 6.3852093 0.00029764424 -0.0014869047 5.652715 0.5
17.153173 15.917269 -0.0045063899 -0.091172455 0.827952 0.5
4.5037601 15.598302 0.02339322 -0.042414717 1.054048 0.5
12.030363 6.5667656 0.00060521508 0.0011193249 0.319962 0.5
2.8448472 16.264789 0.0064575185 -0.0034305884 2.464344 0.5
19.063578 4.0376817 -0.00094510317 0.0012052465 3.780782 0.5
18.447354 14.070559 -0.034723408 0.013268678 0.745414 0.5
19.935462 2.3308588 -0.0016326269 5.2808336e-05 3.348875 0.5
23.949673 4.9980609 0.00022598851 0.0007031908 5.365761 0.5
8.1621315 11.247022 0.0057802229 -0.014847198 0.445642 0.5
1.4767741 18.590805 0.0048118485 -0.026104731 2.979068 0.5
15.945225 13.889499 0.010340209 -0.060137654 2.813895 0.5
4.0633653 4.9798398 -0.00026788904 0.00071388478 4.039246 0.5
10.178222 17.687778 -0.0095276581 -0.053240775 4.602055 0.5
22.811305 14.477594 -0.0077412508 -0.019384354 1.676583 0.5
18.345687 17.802532 -0.0093463894 -0.011712126 1.207935 0.5
21.796461 21.293664 0.054429586 0.041590158 6.164191 0.5
22.324607 5.1251785 -0.001183938 0.00052918869 1.491784 0.5
17.460053 1.2857978 4.3015523e-05 0.00030032335 6.269379 0.5
5.79364 19.632853 -0.054073098 -0.071358003 0.35856 0.5
6.8727362 24.984219 0.018706797 -0.1531393 0.326238 0.5
18.660963 2.8480205 -0.0027507107 -0.00222679 1.608548 0.5
11.404619 1.2269735 -0.0031443578 -0.00017709078 2.616667 0.5
19.394397 17.359756 -0.012962931 -0.028155572 0.410672 0.5
24.883989 19.869371 0.031390477 -0.021179612 3.210668 0.5
8.6509611 24.595674 0.20904218 -0.09109809 0.309541 0.5
8.4287829 4.3467704 0.0012860449 0.0013515707 1.761874 0.5
19.797168 4.9941182 -0.0012846142 -0.0031616264 4.731547 0.5
21.206003 12.798531 -0.003862576 0.0012884314 0.313065 0.5
10.095252 4.5452828 0.00015130088 0.00050944523 0.087229 0.5
16.346787 18.777354 -0.19400062 -0.22368225 5.713071 0.5
16.544951 23.209774 0.29039739 -0.22795715 0.34983 0.5
21.631743 8.4870967 -0.00086338804 0.00096411974 2.015368 0.5
23.540072 17.76428 0.038955793 -0.039941088 0.42176 0.5
12.463094 11.683041 0.0057559907 0.0016362427 5.580866 0.5
24.704691 11.331989 -0.0029989183 -0.0046623791 4.066321 0.5
18.127967 15.310946 -0.023776443 0.0015477364 5.863794 0.5
15.989081 12.151744 -0.07291679 -0.018889143 5.355125 0.5
13.529858 26.216187 -0.15108624 -0.23751593 5.404824 0.5
16.467406 24.838474 0.25923451 -0.40445194 1.361005 0.5
11.153078 24.25777 -0.03774516 -0.085883602 5.19755 0.5
27.323135 13.037914 -0.0038546958 -0.0017026811 5.853071 0.5
9.835966 13.978681 0.020373925 -0.018578373 2.830697 0.5
23.265554 13.360755 -0.0042103045 0.024650365 3.251414 0.5
21.351537 5.8232143 -0.00034060896 0.00099560353 3.305262 0.5
20.372427 19.712832 -0.0074558615 -0.047066324 3.841898 0.5
17.13501 14.69061 -0.011618124 -0.033480169 4.917041 0.5
4.0703848 8.1402003 0.012523251 0.0032410765 1.726803 0.5
6.6614473 10.709439 0.012707274 0.010866763 2.534849 0.5
27.232303 15.484032 -0.0043265349 -0.00515137 1.985571 0.5
17.509978 2.564647 -0.001675745 0.00194564 5.636684 0.5
10.645626 2.3557527 -0.0010982956 1.3586083e-06 0.642493 0.5
8.9825206 18.378294 0.069855915 -0.034629453 5.796573 0.5
22.130122 13.445731 0.013712046 -0.031473083 4.738871 0.5
17.052967 19.647924 0.16489559 -0.023437012 1.568073 0.5
21.266401 4.0970899 -0.00031786841 -0.00086194235 2.749741 0.5
3.1035744 14.559166 0.0075054377 -0.11465351 1.171823 0.5
18.912556 18.833247 -0.026562649 -0.023745498 2.226958 0.5
1.7907864 11.246344 -0.0021152716 -0.01366154 1.548545 0.5
19.746451 22.448704 0.077254783 0.11179869 3.653333 0.5
25.87859 11.216431 0.0025619951 0.02452454 4.394256 0.5
10.807519 26.949144 -0.52587666 0.21643584 0.605652 0.5
17.638163 18.712159 0.052320768 -0.19571116 3.106146 0.5
6.9791347 3.572984 0.0010205704 -0.00061989306 3.095002 0.5
2.3882629 12.786478 0.0065607862 -0.0070208402 1.841384 0.5
26.206428 16.019748 0.029366095 -0.045323319 6.034028 0.5
8.548579 2.3291922 0.00059939462 0.0008389553 1.857551 0.5
23.768509 15.361118 -0.013464031 -0.072613075 1.702664 0.5
17.432037 21.888605 -0.0075420181 -0.073082115 1.16125 0.5
9.5576499 3.4640087 -0.00048195067 0.00013978969 4.720586 0.5
3.8361972 20.751634 0.032861389 -0.036265357 0.205718 0.5
1.6553955 14.772042 -0.052719713 0.055165899 5.820667 0.5
23.232689 21.508721 -0.012287551 0.015432524 3.894129 0.5
23.634805 11.995279 0.0057971831 -0.023953809 3.074393 0.5
16.62769 26.648675 0.51199867 -0.21926177 0.467747 0.5
21.92376 9.7995453 -0.0037471116 -0.029849992 5.60533 0.5
23.359707 10.594945 -0.001968513 0.0011031051 6.227367 0.5
21.298809 23.514098 0.10340621 -0.052294248 5.177094 0.5
16.898413 7.0051827 -0.0095564293 -0.00033860926 0.203779 0.5
2.937864 7.0647619 -0.01048422 -0.011500083 6.095105 0.5
3.9972639 6.449362 0.0033447839 -0.021249543 5.150288 0.5
24.935741 16.333494 -0.048121525 0.027108366 3.059892 0.5
19.451117 13.478076 0.0013664959 -0.0031412153 3.692189 0.5
16.355999 3.3981604 -0.0028934413 -0.00062914174 3.246869 0.5
18.550864 22.346126 0.015486646 0.033160362 2.032293 0.5
15.84665 9.4847282 -0.0072912249 -0.0050508698 6.136396 0.5
20.122743 23.531103 0.0081208354 -0.086095729 4.563161 0.5
7.4879225 23.886832 0.024166998 -0.16749103 5.916686 0.5
22.275734 12.250149 -0.0014648965 0.0004493011 1.344992 0.5
6.8126448 20.267294 -0.012975271 0.043665701 3.633442 0.5
23.740695 16.597864 -0.0065520591 -0.047993077 2.78777 0.5
25.720877 18.494591 6.9304561e-05 0.0038506954 1.483056 0.5
25.291028 7.0533788 -0.013155782 -0.10803052 0.879468 0.5
5.9124589 6.9209007 -0.0014001961 -0.018576731 4.923104 0.5
14.048264 1.9766858 -0.00060270505 -0.0026962243 5.350229 0.5
16.36758 0.92374879 -0.0031192904 -0.00090530255 1.508644 0.5
21.869043 15.154509 0.012515591 0.0037930612 4.32761 0.5
3.3352789 9.145104 0.010779567 -0.0029337684 1.3724 0.5
21.081237 11.673273 0.028475039 0.0022809082 2.64206 0.5
8.6628977 5.8116476 -0.00067994553 0.0013100287 2.466218 0.5
14.967569 20.54805 -0.016032063 0.0097997376 0.69625 0.5
22.023315 10.927466 -0.005607276 0.00097599593 0.502972 0.5
12.832172 1.4974966 0.00087190398 0.00035296467 4.066135 0.5
23.997339 6.4783151 -0.0016069888 0.0010360328 3.026607 0.5
24.402731 20.932658 0.019337077 -0.034078238 6.171553 0.5
20.71749 15.655689 0.0026448262 -0.026471311 3.767955 0.5
20.212986 3.4284541 0.0010714819 0.00058736947 5.349705 0.5
2.6896969 18.832957 7.4362245e-05 -0.037594294 3.28374 0.5
24.088452 14.286813 -0.0020108974 0.0019688133 1.964272 0.5
21.327844 17.60498 -0.063768457 -0.0028395704 1.170799 0.5
18.38128 23.46783 0.33488518 0.022865861 0.802835 0.5
21.883649 19.845059 -0.0017389902 0.0046273378 5.063896 0.5
20.402939 16.857933 0.025496669 -0.0082970846 2.243796 0.5
9.6930409 26.183728 0.22218234 0.059121191 5.270568 0.5
23.248366 19.068367 -0.027084667 -0.040601277 5.757172 0.5
16.995813 9.9076074 -0.058519508 -0.078950671 5.271397 0.5
4.5165494 18.390866 -0.022966455 -0.012994296 3.151318 0.5
17.83613 4.291937 -0.0022184584 0.0010483812 0.221595 0.5
18.591094 9.5692249 0.037390031 0.026394594 1.510648 0.5
11.039948 3.9067968 -0.00091177478 0.00077395489 5.29405 0.5
22.753464 16.051513 0.01768104 -0.022475232 2.737677 0.5
26.346269 13.732147 0.028148662 -0.0016585646 4.134415 0.5
4.7287619 23.732504 -0.14396765 -0.26563321 1.432456 0.5
14.993632 5.3511848 -0.00058963174 0.00087960877 2.840655 0.5
20.736773 21.949401 0.15158606 -0.093484348 2.899005 0.5
9.6155748 12.514455 0.0003091826 0.0002964169 4.137855 0.5
13.036371 14.668504 -0.060064562 -0.026490441 1.992807 0.5
17.757116 8.5328842 0.0032986512 -0.0034125435 0.375558 0.5
2.2953597 17.571442 -0.015539211 -0.02141851 0.629977 0.5
15.466898 8.1884368 -0.00014091677 7.5320271e-05 5.301885 0.5
22.208017 3.4086331 1.318411e-06 0.0011202774 1.197725 0.5
27.39665 14.295183 0.019417122 -0.072198562 2.939026 0.5
10.678626 25.446199 -0.19895287 -0.16763691 3.912909 0.5
18.330391 10.803524 -0.014645877 -0.049592066 3.115045 0.5
25.767202 17.308031 0.00095999468 0.015315181 1.662001 0.5
5.5179078 16.685162 0.042081235 -0.021478603 0.131507 0.5
