# x y vx vy theta radius
25.925818 18.14712 0.64146089 2.4472082 1.56508 0.5
5.8023132 5.1066756 -0.00033240196 -0.0023247463 1.764168 0.5
26.424007 11.080191 0.088956624 -0.054304725 3.951996 0.5
19.5475 12.125746 -0.0057014239 -0.018240281 4.259518 0.5
11.132809 5.6438314 -0.050578648 0.050935929 1.882067 0.5
12.695914 9.1301751 0.013559437 0.016149038 0.92276 0.5
17.09225 24.953913 0.082004809 0.089207297 4.981497 0.5
23.376786 22.637027 -0.0083988403 -0.0012682844 0.663689 0.5
20.966227 9.9353408 0.039384121 0.20899342 4.599871 0.5
13.438441 5.3203215 0.014554397 -0.027898441 3.315122 0.5
3.4938479 13.49169 -0.11655047 -0.043379401 5.224588 0.5
9.8402021 22.976104 -0.20071206 -0.02155608 4.739779 0.5
0.97872883 12.308513 -7.945475e-05 -2.9516713e-05 0.624425 0.5
14.870736 9.9374157 -0.017091556 -0.023952004 0.734434 0.5
5.1953529 20.06512 9.9462617e-05 -0.00052962741 4.989084 0.5
22.690653 6.0999773 -0.010824905 -0.0054244075 2.508867 0.5
6.4313879 15.320238 -0.035878784 0.029342388 5.939565 0.5
15.968447 3.4102643 0.027897671 0.0011336337 0.028815 0.5
17.130088 9.5004249 -0.035894357 0.0038049896 3.449449 0.5
16.215919 20.582408 -0.16259221 0.16193524 0.592282 0.5
4.8734625 12.90781 -4.5745489e-05 -0.00033356751 6.045768 0.5
11.182552 12.765398 0.031184408 -0.009757133 0.890473 0.5
7.7611221 25.902593 -0.15203416 0.015993271 2.353219 0.5
13.945193 10.998704 -0.10198617 0.034895622 1.672869 0.5
14.37332 19.027184 0.070781932 0.038557684 4.21507 0.5
4.7548635 16.721127 -0.036361588 0.11705093 0.4829 0.5
23.166546 9.2008366 0.00069825303 0.032530166 6.274711 0.5
3.7144921 7.3003018 -0.0011847743 0.00098141871 1.301021 0.5
7.5801019 12.579342 -0.013460017 -0.085657658 3.538852 0.5
16.554238 4.9438095 0.0016914914 0.03166765 1.72413 0.5
13.461854 6.4410645 -0.039257456 -0.046091495 0.779811 0.5
4.6771543 6.4987047 -5.9389805e-05 0.00028877323 1.209651 0.5
15.301751 4.6620191 -0.088633129 0.15644353 5.377079 0.5
2.0508184 8.7346188 9.4746508e-05 -6.8990864e-05 3.122843 0.5
14.778503 17.654159 0.032514908 -0.043642529 4.105439 0.5
2.1473983 11.019025 -0.00078681072 -0.0003974962 2.246795 0.5
14.991499 2.809511 -0.035436365 0.016857141 3.468535 0.5
16.801684 23.064949 -0.015509851 0.066550345 5.532293 0.5
17.957827 23.825101 0.10748584 -0.028947862 0.531572 0.5
11.774633 8.1708394 0.01703906 -0.00035196593 5.261584 0.5
7.3126786 21.096163 6.9375695e-05 0.00053397451 0.040113 0.5
10.081176 15.278127 -0.075213237 -0.21164238 4.576591 0.5
6.7351325 11.440241 -0.058204758 0.019287498 0.209824 0.5
18.602827 3.9983816 -0.038520202 -0.014151558 1.770879 0.5
25.722065 9.4703534 0.071186403 -0.070675359 4.791815 0.5
1.1084755 16.230936 -0.00013077637 -9.6019338e-05 2.522673 0.5
13.065394 7.8259113 -0.0014761841 -0.055256615 3.232151 0.5
25.535225 19.578543 -0.00042260585 -0.0096981352 0.943125 0.5
16.962173 15.666121 -0.050360051 -0.083939624 1.031271 0.5
13.139922 0.78004925 0.014497867 -0.0094325072 1.523797 0.5
8.7307234 9.6120458 -0.0078602145 -0.0077376152 1.787492 0.5
8.0410004 10.918299 -0.035493283 0.015682576 3.056837 0.5
20.257505 25.264273 0.0065316638 -0.011739065 3.332967 0.5
11.016313 9.0167584 0.0031001253 0.032369208 3.889918 0.5
2.6402788 17.893703 6.879598e-05 0.00010814759 1.775857 0.5
21.154691 8.7874857 0.052288336 -0.012445624 4.33857 0.5
8.1702836 19.089896 0.00020671839 0.0012132393 2.652322 0.5
1.6129048 14.433334 0.00015485445 -0.00025344658 1.360759 0.5
18.333741 7.8284537 0.097413902 -0.028647657 1.350476 0.5
7.0035871 7.4599198 -0.011032698 0.00029694962 3.139709 0.5
2.3645429 18.992602 0.0001339155 -0.00033226769 3.877928 0.5
5.3515142 14.413476 -0.024014507 0.073355173 4.111005 0.5
4.0697514 19.404282 0.00012532515 -0.00063136099 4.354529 0.5
24.195429 9.6975498 -0.0058406773 0.035608987 1.958136 0.5
13.867245 16.954152 -0.037353024 0.11054483 1.935129 0.5
12.510722 20.649067 -0.1136912 -0.056702324 0.983243 0.5
9.2893148 20.061216 -0.1426473 0.086211098 4.524452 0.5
2.3726593 12.260984 -0.00044818704 -0.00021157565 4.628506 0.5
4.9874275 4.2082011 -0.053940258 0.008196985 4.619789 0.5
22.122841 9.655346 -0.024167106 -0.10089987 6.246698 0.5
3.2787695 11.152635 -4.0268064e-05 8.1773873e-05 2.597917 0.5
13.665106 20.750448 0.0067834883 0.22046735 5.540445 0.5
7.9438075 13.853058 0.067915508 -0.0090386152 1.135786 0.5
6.2095661 13.378833 -0.031478933 -0.037436558 0.649744 0.5
9.2909995 18.927082 -0.24744354 0.095939668 4.647872 0.5
0.65038844 15.114906 -0.00010606112 5.0437143e-05 3.116928 0.5
8.3576108 22.689433 0.00029564146 -0.00021741709 1.058365 0.5
10.669736 6.7788225 -0.0021446009 -0.083633989 1.223223 0.5
4.3430177 9.0830226 1.5849221e-05 -0.00035911638 6.185729 0.5
6.6700069 24.243377 -0.00057913878 -0.00019313475 5.03693 0.5
20.999658 19.401309 0.12549743 0.047862281 0.158334 0.5
8.462824 21.475516 0.00046052794 -0.00055602828 0.09489 0.5
15.304363 14.02132 -0.013425514 0.051391156 3.182579 0.5
7.3080131 3.9315417 0.0022091492 0.0088177797 5.999337 0.5
16.291463 24.191062 0.094167099 0.010973497 0.712677 0.5
4.7495897 11.772536 0.00010971217 -3.2554756e-05 1.70588 0.5
12.711101 11.86176 -0.054545286 -0.076183378 5.092516 0.5
3.2225593 8.3654987 6.110911e-05 -5.4946494e-05 0.506989 0.5
11.656083 25.96147 -0.0053670811 -0.043292785 4.452103 0.5
15.221679 7.0388376 -0.0050706305 -0.0077622687 3.429354 0.5
13.985555 4.3156403 -0.038740844 -0.048696386 5.942963 0.5
9.3888223 2.4403751 -0.048509627 -0.017909897 2.062723 0.5
10.57684 25.49988 -0.028965773 -0.023281345 2.598321 0.5
9.7216282 21.633381 -0.12817292 0.15150333 6.159219 0.5
18.242257 5.2878963 0.041797969 0.16072672 1.488917 0.5
17.887028 12.938491 0.079025169 0.048159599 1.927238 0.5
2.0923774 20.103216 0.00047530226 -0.00074343132 3.98558 0.5
23.861846 13.04128 -0.048959674 0.13360998 3.515453 0.5
9.1838251 12.814778 -0.064777539 -0.054389753 3.362574 0.5
20.580965 23.146159 0.026648965 0.11491183 2.617045 0.5
5.1432175 21.301658 0.00028920324 0.00011605286 4.416501 0.5
22.432954 7.8151026 0.019407669 0.032311819 2.357123 0.5
10.629867 23.853896 -0.079682211 0.091771734 0.027213 0.5
18.03647 18.179611 -0.078068826 -0.12186609 3.270335 0.5
20.169896 3.3957741 0.10724959 -0.011828546 5.133302 0.5
16.981526 2.3693007 -0.028101012 -0.016363839 4.163048 0.5
21.845111 3.9408223 -0.0052959317 0.060208356 3.93618 0.5
10.489944 19.05192 -0.18598098 -0.089323883 5.951127 0.5
23.215335 5.0861661 0.10693656 0.052277833 4.082451 0.5
5.3687222 18.693283 0.00022989006 -0.00014979946 1.780305 0.5
12.011097 21.727702 -0.092042875 -0.0029408565 2.847882 0.5
9.4530316 7.8029058 -0.031219425 -0.0032925729 1.767937 0.5
12.510236 26.974988 -0.13575309 0.047484993 0.00135 0.5
7.6506756 17.87779 -5.29223e-05 0.0008792656 5.312468 0.5
5.6702319 7.073684 0.0010858929 0.00046226713 0.320289 0.5
14.008808 12.676333 -0.0060169266 0.026769873 0.581132 0.5
10.795016 1.0915675 0.00075229832 -0.037113842 3.087421 0.5
5.7192803 23.280856 0.00027047936 0.00023041336 3.560403 0.5
14.233939 8.6093339 -0.053761418 0.081354453 0.555117 0.5
17.489139 26.857686 0.01435253 -0.038869852 6.220608 0.5
18.171038 14.575347 0.019529278 -0.12943578 5.652715 0.5
22.851155 20.841892 0.1619609 0.22368459 0.827952 0.5
16.440056 12.431245 0.034785824 0.027006279 1.054048 0.5
6.7197405 6.2373842 -0.0021750457 0.0074885558 0.319962 0.5
8.4843837 3.7293822 -0.080182114 -0.022651472 2.464344 0.5
12.71009 18.266225 -0.060003453 0.0063932696 3.780782 0.5
5.3247026 8.1418303 9.3274748e-05 4.7095151e-05 0.745414 0.5
0.95529771 11.1698 4.0757621e-05 4.844496e-05 3.348875 0.5
12.844086 25.515921 -0.23545493 0.17145496 5.365761 0.5
23.758296 7.4140034 -0.15276367 -0.07384945 0.445642 0.5
13.906124 1.608861 -0.15932173 0.054078368 2.979068 0.5
9.0991597 25.706407 -0.067527617 -0.007392825 2.813895 0.5
10.805657 2.4590505 -0.087924885 0.072400061 4.039246 0.5
17.987954 2.8470875 0.010190865 -0.034969192 4.602055 0.5
7.8513911 2.711474 -0.027164765 0.02163797 1.676583 0.5
18.248766 6.626723 -0.022393155 0.054269319 1.207935 0.5
21.437387 6.1452334 0.17166228 -0.068637983 6.164191 0.5
12.309618 22.975403 -0.13985252 -0.082564331 1.491784 0.5
7.0019182 18.847531 7.6534676e-05 -0.0003780113 6.269379 0.5
15.744483 5.9509786 -0.091380585 -0.079679583 0.35856 0.5
1.3615247 10.086114 3.1056367e-05 2.7588472e-05 0.326238 0.5
8.5248286 1.7376719 -0.054620037 0.0003387372 1.608548 0.5
7.1709613 16.276314 -0.16959805 0.16786743 2.616667 0.5
25.853145 12.98092 0.10819338 0.20902899 0.410672 0.5
19.242815 22.929881 -0.02632678 -0.019662137 3.210668 0.5
13.255317 19.426049 -0.16768575 -0.08903281 0.309541 0.5
15.435332 8.5723801 -0.15096177 -0.041590062 1.761874 0.5
12.375008 24.082357 -0.0328834 0.088776468 4.731547 0.5
13.689303 9.8207806 -0.046327415 0.11290788 0.313065 0.5
2.2068353 15.531449 -3.1049969e-05 5.8128616e-05 0.087229 0.5
4.3112554 18.226304 0.00017265533 -0.00061139555 5.713071 0.5
4.4641254 5.2461215 -0.0025167699 -0.0077350415 0.34983 0.5
2.148763 16.731678 -4.8775848e-05 -0.00014091102 2.015368 0.5
25.211505 6.6541522 -0.083816677 -0.011675724 0.42176 0.5
14.527665 0.68745623 -0.0069041171 0.13062853 5.580866 0.5
7.7448025 8.5103158 -0.0030279824 0.0067771247 4.066321 0.5
9.2595838 11.124127 -0.0071334342 0.045020813 5.863794 0.5
9.1348697 5.120911 -0.018570878 0.038540594 5.355125 0.5
10.219786 13.592401 -0.082787819 0.010348034 5.404824 0.5
9.024028 17.745525 -0.24579706 -0.021540583 1.361005 0.5
18.390693 9.3555003 -0.060275517 0.064529175 5.19755 0.5
11.212321 10.543175 -0.071353073 -0.049253829 5.853071 0.5
9.9161516 5.9553749 -0.058002978 0.021435536 2.830697 0.5
9.3782938 16.469733 0.055180193 -0.01675403 3.251414 0.5
4.1661659 14.654115 -0.080802852 0.06035207 3.305262 0.5
20.675168 6.9837522 -0.0059176561 0.045825286 3.841898 0.5
18.07417 1.3224107 0.051609724 -0.062030502 4.917041 0.5
16.856651 8.2543774 -0.017841332 -0.093421437 1.726803 0.5
12.101578 4.6726828 -0.056400674 0.033569975 2.534849 0.5
5.6262317 10.94655 -0.08623933 -0.036128635 1.985571 0.5
3.485693 20.519071 5.1858455e-05 -2.1682491e-05 5.636684 0.5
19.110685 2.9672101 0.017218167 -0.013249951 0.642493 0.5
19.246194 16.160329 0.14144621 -0.12963468 5.796573 0.5
15.421601 11.43877 0.02693792 0.013129587 4.738871 0.5
18.480302 10.94446 0.0034358064 0.0056496739 1.568073 0.5
11.753143 1.8392836 -0.1650421 0.044783897 2.749741 0.5
6.6648222 2.9965622 -0.022735723 0.045426531 1.171823 0.5
18.672779 24.760342 0.026436934 -0.052475584 2.226958 0.5
10.607426 7.898043 -0.048521555 0.042705838 1.548545 0.5
6.9301623 5.1145475 -0.011175319 0.00087440423 3.653333 0.5
19.925117 10.456565 0.025258687 0.027892576 4.394256 0.5
7.5161158 9.8167322 -0.070819425 -0.022208878 0.605652 0.5
17.267602 5.8160751 -0.13148235 0.058370176 3.106146 0.5
1.3683203 17.716981 0.00020074256 3.2191647e-05 3.095002 0.5
9.2186148 14.59945 -0.028316661 -0.036894133 1.841384 0.5
6.2430577 9.8283044 0.063581988 -0.1413061 6.034028 0.5
10.508932 26.63235 -0.0024435767 -0.031360338 1.857551 0.5
14.608544 5.6565582 -0.017361389 0.01210862 1.702664 0.5
17.339441 10.597418 0.022835209 0.078390163 1.16125 0.5
11.939201 7.0201961 -0.0032132008 0.01802682 4.720586 0.5
12.771911 3.667335 -0.015811329 -0.014536819 0.205718 0.5
17.172648 13.962959 0.051997032 0.058582614 5.820667 0.5
19.407215 5.4489361 -0.079762 0.06984005 3.894129 0.5
15.83463 25.492222 0.013671255 -0.0041015206 3.074393 0.5
3.0167225 14.660833 -0.0010496031 0.0010386742 0.467747 0.5
9.0509765 6.666331 -0.034316212 0.026394766 5.60533 0.5
16.87454 0.97396522 0.017447958 0.05686063 6.227367 0.5
10.833702 22.245597 0.14475133 0.11930001 5.177094 0.5
8.0129591 4.8084749 -0.075269257 0.042159513 0.203779 0.5
25.143472 11.304495 0.026821293 0.010250686 6.095105 0.5
19.624008 7.6166837 -0.072264499 0.056323475 5.150288 0.5
24.36824 5.7450763 -0.062749563 0.032024238 3.059892 0.5
16.514639 19.094803 -0.057912415 0.11235575 3.692189 0.5
12.748619 2.4806212 -0.1154099 0.11723058 3.246869 0.5
7.8959924 6.1388148 0.00014024051 0.00121397 2.032293 0.5
11.907289 15.995751 -0.010353656 0.040360626 6.136396 0.5
0.58683088 13.379034 -0.00011091314 -0.00042790097 4.563161 0.5
2.9352768 9.9552004 9.2872639e-05 -3.1868638e-05 5.916686 0.5
21.160497 2.7148304 0.035150765 -0.017294189 1.344992 0.5
9.7053442 1.3741935 0.021146103 -0.071988227 3.633442 0.5
10.729951 16.837435 -0.037380549 -0.1075966 2.78777 0.5
22.190304 12.448789 -0.03253139 0.012544023 1.483056 0.5
4.925448 15.52615 -0.088706991 0.064721176 0.879468 0.5
11.368902 14.034718 -0.004633288 0.045340538 4.923104 0.5
17.735309 21.067853 -0.00053803747 -0.05468042 5.350229 0.5
11.743105 3.1195421 -0.085214629 -0.020303052 1.508644 0.5
11.97921 0.71117272 0.052963224 0.051628854 4.32761 0.5
1.7540937 13.254583 0.00030866029 -0.00023881596 1.3724 0.5
15.244561 1.689228 -0.055681807 -0.01122282 2.64206 0.5
3.6079193 17.121934 -0.00055155568 -0.00011123439 2.466218 0.5
12.5844 10.665892 -0.077984289 0.0070689785 0.69625 0.5
8.2668823 15.676281 -0.023470637 -0.15758706 0.502972 0.5
10.256868 4.8690985 -0.0014642829 -0.016572533 4.066135 0.5
14.186602 26.126384 -0.062874556 0.01866375 3.026607 0.5
19.526783 24.014168 0.015902996 -0.052416692 6.171553 0.5
15.794162 0.69148575 0.027379407 0.068004719 3.767955 0.5
3.9535067 22.81862 0.00017301132 0.00034219764 5.349705 0.5
22.350564 16.804592 0.14672876 -0.24332394 3.28374 0.5
6.175046 4.0254014 -0.017793516 -6.4262762e-05 1.964272 0.5
13.867745 27.281286 -0.038849078 0.020147057 1.170799 0.5
3.3652433 6.0330127 0.014744648 0.011373724 0.802835 0.5
17.063856 3.7576785 0.081708341 0.036221527 5.063896 0.5
10.26274 11.893487 -0.039646396 0.0086900399 2.243796 0.5
16.507047 6.9523252 -0.015089818 0.025830864 5.270568 0.5
20.348526 4.6773898 -0.1346282 0.067808726 5.757172 0.5
3.5091112 12.382573 0.001089614 -0.11993109 5.271397 0.5
12.34656 5.9636303 -0.087152429 0.098022749 3.151318 0.5
11.540516 24.845184 -0.051917318 -0.012325088 0.221595 0.5
15.467409 21.979165 0.029475875 -0.053530505 1.510648 0.5
6.0095957 17.427807 -0.00054728774 0.00069949776 5.29405 0.5
9.8325226 9.2986569 -0.035919628 -0.061939375 2.737677 0.5
3.2828058 15.996226 -0.00014902086 -0.0001360318 4.134415 0.5
2.5991264 6.9212747 -0.018294029 0.022638037 1.432456 0.5
10.967662 3.9611671 -0.061593014 -0.10324748 2.840655 0.5
6.5041297 8.4833776 -1.5524283e-05 -5.4180058e-05 2.899005 0.5
5.7898994 12.222856 -0.046921787 0.0083122466 4.137855 0.5
6.9368253 23.033588 -2.4426015e-05 -0.00042190442 1.992807 0.5
8.1879947 7.4652457 0.0027172359 0.0022759158 0.375558 0.5
25.767633 8.3435973 -0.073038762 0.076307017 0.629977 0.5
14.182966 7.4631584 0.083830668 -0.059343632 5.301885 0.5
8.4704396 24.493067 0.00025231282 1.1721313e-05 1.197725 0.5
10.964471 20.838661 -0.09507558 0.0081312621 2.939026 0.5
4.1503565 10.266669 -0.00059163178 -0.0010532371 3.912909 0.5
9.7804635 3.6588844 0.035368637 0.018354301 3.115045 0.5
13.932243 3.1891532 0.0048870805 0.0066392816 1.662001 0.5
11.413516 11.662997 0.0031368135 -0.054928659 0.131507 0.5
