# x y vx vy theta radius
17.044998 2.3627215 -0.33891097 1.2410228 2.6808878 0.5
21.720601 18.924108 -0.0050276874 0.022051943 1.764168 0.5
21.727831 7.1705499 -0.037663867 -0.012402657 3.951996 0.5
7.6503957 13.954785 -0.014107344 -0.034326548 4.259518 0.5
22.776942 18.517711 -0.009148258 0.0038093835 1.882067 0.5
22.685997 10.772358 -0.045755771 -0.012283943 0.92276 0.5
6.5918096 19.244974 0.00069892399 -0.00048636944 4.981497 0.5
5.9527941 3.283539 -0.055163611 -0.17774597 0.663689 0.5
18.802132 18.917794 0.0033773793 0.0063479865 4.599871 0.5
18.221082 20.948659 -0.012169863 -0.020676104 3.315122 0.5
13.567824 26.279474 -0.0053920897 -0.00063546765 5.224588 0.5
9.0421692 13.88105 0.00098749663 -0.033301434 4.739779 0.5
23.786951 21.407181 -0.0053340319 0.020128277 0.624425 0.5
16.627376 19.25731 0.048919637 -0.019654668 0.734434 0.5
16.551549 23.853294 -0.0066428437 -0.00059361374 4.989084 0.5
19.130026 26.402567 -0.0057957317 0.012809644 2.508867 0.5
2.5186182 17.907045 -0.00088917463 -0.00077037443 5.939565 0.5
20.237115 10.279392 -0.022465383 -0.024245848 0.028815 0.5
14.23206 18.700911 -0.0045785238 -0.03053077 3.449449 0.5
17.863424 19.714109 0.0084996085 -0.021717307 0.592282 0.5
19.619925 16.708028 -0.0040594429 -0.011722006 6.045768 0.5
6.6910481 23.749254 -3.3120243e-05 0.00064066382 0.890473 0.5
7.6572862 9.4888492 -0.029801921 -0.045820636 2.353219 0.5
19.140954 20.18259 -0.0084591679 -0.0091437074 1.672869 0.5
27.373509 14.51267 -0.00070775835 -0.0076491261 4.21507 0.5
10.856958 23.716402 -0.012872206 0.0069720235 0.4829 0.5
20.145615 11.700596 -0.010672243 -0.025224354 6.274711 0.5
8.5705426 2.7321423 -0.12564656 0.30731132 1.301021 0.5
26.028965 16.544657 0.0052423472 0.0032580813 3.538852 0.5
9.8654722 26.593961 -0.00017047801 0.0023220521 1.72413 0.5
25.011525 17.087609 0.0052959811 -0.011505143 0.779811 0.5
14.703722 17.201555 -0.010108118 0.032309573 1.209651 0.5
18.462802 8.5449792 0.28544682 0.44324212 5.377079 0.5
4.7492128 13.723526 0.00045446762 -0.00093427137 3.122843 0.5
2.7887054 7.2056341 -0.10608095 -0.1799734 4.105439 0.5
2.6942873 20.770824 -0.00050842961 0.00023367725 2.246795 0.5
21.955777 16.533062 -0.023072495 -0.0017882039 3.468535 0.5
9.5000564 16.62153 -0.078474825 0.0050163221 5.532293 0.5
6.2118701 4.7289162 0.040620493 -0.18090615 0.531572 0.5
26.849028 10.281506 -0.033211556 0.010495197 5.261584 0.5
15.404751 24.167768 0.0032383731 -0.0085460732 0.040113 0.5
5.8984802 6.1644638 -0.19626029 0.16852888 4.576591 0.5
12.028379 23.185536 -0.013613272 0.014782674 0.209824 0.5
22.799423 22.385773 -0.018504442 0.00096857907 1.770879 0.5
6.0379889 20.485035 -0.00022621704 0.00081746982 4.791815 0.5
7.7366591 24.468452 -0.029107152 0.012829049 2.522673 0.5
20.785446 16.779289 -0.0013082043 -0.0032383931 3.232151 0.5
24.503252 9.1748891 -0.021054639 -0.014494114 0.943125 0.5
5.4431036 24.237563 0.00096280702 0.00016777412 1.031271 0.5
17.623766 18.422017 0.050105359 0.0281384 1.523797 0.5
17.274227 22.885807 -0.014876539 -0.0056135266 1.787492 0.5
8.7928859 23.942585 -0.0018346672 -0.0056079485 3.056837 0.5
13.567023 21.102093 -0.0068036531 0.0062185938 3.332967 0.5
17.58951 24.405702 -0.0044024142 0.0017322964 3.889918 0.5
17.025811 26.142902 0.013741858 -0.0065980396 1.775857 0.5
10.725956 16.646358 0.020811984 0.031480818 4.33857 0.5
12.437542 20.762455 0.0024207225 0.073763155 2.652322 0.5
2.5017329 15.023234 0.00048633402 -0.00014291375 1.360759 0.5
10.052998 20.498498 0.064479815 0.1670089 1.350476 0.5
24.48706 11.008193 -0.0094638722 0.0015902527 3.139709 0.5
12.309265 4.9655056 -0.027776681 0.059520767 3.877928 0.5
10.316776 25.555635 -0.021100027 0.0013007021 4.111005 0.5
8.7905779 1.6673353 -0.56974683 -0.16182351 4.354529 0.5
9.7465612 23.238815 0.0070409882 0.0082152223 1.958136 0.5
17.078627 13.529735 -0.012192857 -0.010825505 1.935129 0.5
11.820288 24.339015 0.004287877 0.00061587674 0.983243 0.5
26.099945 13.934527 0.0065441373 0.0017053134 4.524452 0.5
14.712129 26.354899 -0.011822709 0.00081314017 4.628506 0.5
14.984543 25.252424 0.00059330934 -0.0079123183 4.619789 0.5
8.1515433 11.315209 0.013732803 0.012198214 6.246698 0.5
16.572794 25.070189 -0.0149972 0.0045460177 2.597917 0.5
16.370839 27.07088 -0.004664281 0.0041919546 5.540445 0.5
21.595338 13.977018 -0.039686551 -0.00061307514 1.135786 0.5
22.321961 23.511073 -0.0017972495 0.013576237 0.649744 0.5
22.017595 15.107642 -0.0096830342 -0.003561729 4.647872 0.5
4.7390161 19.07439 0.001706479 0.0007631858 3.116928 0.5
19.447333 23.695987 -0.0030646011 0.014610932 1.058365 0.5
5.3470946 17.805523 -0.00044686523 0.00044750774 1.223223 0.5
26.17466 12.690194 -0.0074827724 0.0082499346 6.185729 0.5
15.775241 10.205143 0.015075307 0.004196334 5.03693 0.5
14.508849 12.164166 0.003366816 0.00079826321 0.158334 0.5
24.313953 22.445198 -0.0012993395 0.012124006 0.09489 0.5
20.194168 24.654457 0.0063844825 -0.017261689 3.182579 0.5
24.936633 12.801693 0.0054571304 0.0091605016 5.999337 0.5
13.078987 16.836687 0.013471761 0.00610134 0.712677 0.5
9.9310929 14.90032 0.01412402 -0.0058927369 1.70588 0.5
22.747171 9.1549537 -0.026066299 -0.004528103 5.092516 0.5
4.5404772 8.6781617 -0.098825862 0.37706771 0.506989 0.5
19.44008 3.2819697 -0.019508564 0.00062702649 4.452103 0.5
2.0914587 16.651401 -0.00064221835 0.00065899954 3.429354 0.5
22.660033 21.139865 -0.0024351461 0.007117636 5.942963 0.5
10.017044 12.467942 0.012558339 -0.061422278 2.062723 0.5
12.808135 22.022904 -0.0032449546 -0.0069539288 2.598321 0.5
20.139705 25.851887 -0.022767663 -0.0063550157 6.159219 0.5
3.4521206 16.113183 -0.017385776 0.0012087685 1.488917 0.5
13.120374 12.047206 0.018608606 0.058172674 1.927238 0.5
27.027059 11.947677 -0.012166 0.018663536 3.98558 0.5
15.918482 21.969966 -0.017659669 0.0079869121 3.515453 0.5
3.6380591 22.374063 0.00035475865 2.7931576e-05 3.362574 0.5
21.15409 25.354342 0.0097479899 0.020606291 2.617045 0.5
18.701071 15.387255 -0.032111958 -0.012821717 4.416501 0.5
6.9325593 16.349908 -0.01149079 0.023331993 2.357123 0.5
10.209717 11.336418 -0.12011836 -0.061311829 0.027213 0.5
7.5629678 22.985901 -0.0072603037 0.0032756705 3.270335 0.5
24.195717 14.961 -0.0071767137 0.010509243 5.133302 0.5
11.377696 11.773121 0.034859771 -0.095584987 4.163048 0.5
24.392262 20.350911 0.0013960422 -0.010571004 3.93618 0.5
17.601106 12.240662 -0.0046485471 -0.0030152429 5.951127 0.5
19.329755 12.541661 -0.015280117 -0.018060254 4.082451 0.5
23.663835 10.016902 0.0076955693 -0.01032011 1.780305 0.5
14.580742 5.373371 0.065758907 0.26721955 2.847882 0.5
14.348032 23.702572 -0.014639319 -0.0057045477 1.767937 0.5
4.1346578 17.690589 0.00029561526 0.00070820594 0.00135 0.5
8.9219683 25.087698 -0.027614574 -0.0057706929 5.312468 0.5
1.5853114 10.180766 -0.00013528463 6.3365549e-06 0.320289 0.5
7.6869203 7.3300952 -0.11807824 0.0061480991 0.581132 0.5
22.020328 12.450346 -0.0098386594 0.0092657535 3.087421 0.5
17.043164 21.634774 -0.02785169 -0.0064687552 3.560403 0.5
18.271023 23.483096 0.0048356924 0.014551127 0.555117 0.5
22.330717 3.5701677 0.39091733 0.036149752 6.220608 0.5
6.7351861 17.721907 -0.13100383 0.067639419 5.652715 0.5
8.2702536 17.143252 -0.039131551 -0.021176741 0.827952 0.5
8.7283747 26.250774 -0.0081855649 0.0342673 1.054048 0.5
12.675751 25.098993 -0.00088975052 0.0025284793 0.319962 0.5
25.595107 18.104485 0.0055809148 -0.016461297 2.464344 0.5
24.871684 13.954094 0.0061597073 0.026756984 3.780782 0.5
6.0973661 22.790149 0.00071431981 -0.00030894526 0.745414 0.5
27.343095 13.122112 0.016937882 0.012523026 3.348875 0.5
12.371856 26.184901 -0.020980217 0.033916975 5.365761 0.5
15.165675 1.0344244 0.130019 0.088645413 0.445642 0.5
4.8466775 22.049816 0.00011260694 -2.6903983e-05 2.979068 0.5
13.773465 27.384357 0.00070887407 -0.00023059131 2.813895 0.5
7.7901186 18.437477 -0.033440606 0.012495427 4.039246 0.5
17.116177 9.4325202 -0.0009068874 0.0030746631 4.602055 0.5
9.8782592 24.394389 0.0080847876 0.0091965376 1.676583 0.5
9.5250456 5.0329714 -0.047503844 -0.2067885 1.207935 0.5
4.1166689 11.683414 -0.00089596467 -0.0014852551 6.164191 0.5
9.6603523 19.237235 0.034733928 -0.0074898114 1.491784 0.5
15.404883 22.993669 0.0013958037 -0.0018405279 6.269379 0.5
8.1612777 12.803444 -0.0029550012 -0.0012686454 0.35856 0.5
25.101527 21.422463 0.0012529789 0.005551491 0.326238 0.5
11.398126 6.6048096 0.035492571 -0.013044157 1.608548 0.5
23.500124 23.432981 0.0036674664 -0.0074384165 2.616667 0.5
26.123927 19.110885 0.012878254 -0.01137261 0.410672 0.5
1.9210629 19.726629 3.4325371e-05 -0.00027156275 3.210668 0.5
25.63123 8.5195542 -0.006355675 -0.01759223 0.309541 0.5
22.914216 17.284686 -0.010418606 -0.0029753887 1.761874 0.5
15.64496 11.522098 -0.029209109 -0.01520657 4.731547 0.5
18.066268 14.30898 0.095498543 -0.056625358 0.313065 0.5
13.588754 14.567238 -0.0058876082 -0.0098498821 0.087229 0.5
15.85609 26.045096 -0.012113779 0.015219897 5.713071 0.5
12.187714 10.577731 -0.048873557 -0.001560324 0.34983 0.5
4.9066202 20.707159 -0.0003458885 0.00054074766 2.015368 0.5
19.900301 1.9885031 0.021000642 -0.055295847 0.42176 0.5
11.302708 27.010612 0.0016467851 -0.0019492618 5.580866 0.5
4.3904702 23.313626 -0.00014090305 0.00022738971 4.066321 0.5
20.17994 19.164151 0.0027260123 0.00060723964 5.863794 0.5
25.640047 11.506837 -0.02261791 -0.0014492996 5.355125 0.5
6.6315065 10.410224 -0.085181426 0.062865679 5.404824 0.5
10.807731 22.474249 0.031368737 0.0028254017 1.361005 0.5
18.204826 22.137424 -0.0093784835 0.0026585506 5.19755 0.5
1.3772861 18.246368 -0.0005149712 -0.00046174839 5.853071 0.5
13.821012 25.170974 0.031791347 0.004523544 2.830697 0.5
21.465942 24.267883 -0.023414235 0.01608452 3.251414 0.5
26.210029 15.164736 0.00087604537 0.0072813951 3.305262 0.5
18.58782 17.516683 -0.0089171763 -0.0057289189 3.841898 0.5
17.919834 26.835611 -0.013973083 0.0027977035 4.917041 0.5
3.3145123 13.117578 -0.00010585846 0.00023103333 1.726803 0.5
15.601583 13.730175 -0.023223515 -0.027035556 2.534849 0.5
14.549132 8.3083098 0.0050800476 0.003304479 1.985571 0.5
19.911064 17.861156 -0.010925349 -0.003547755 5.636684 0.5
20.297577 14.453464 0.005402249 0.0010785448 0.642493 0.5
22.292895 19.8957 -0.022515392 -0.0034667627 5.796573 0.5
11.018078 4.3456481 0.10462632 0.31505945 4.738871 0.5
11.517748 18.054188 -0.0033284902 0.011862169 1.568073 0.5
19.019676 5.577548 0.0078971762 0.061758537 2.749741 0.5
11.56666 21.536381 -0.019276277 0.014120211 1.171823 0.5
6.5301763 12.483719 -0.1282933 0.10284769 2.226958 0.5
11.169996 13.937138 0.042862474 0.10123903 1.548545 0.5
13.077013 18.528126 0.010201744 -0.019726566 3.653333 0.5
3.2340503 19.057021 -0.00040647963 0.00027282786 4.394256 0.5
24.634423 19.237696 0.0055028731 -0.0079058073 0.605652 0.5
9.6886428 21.60187 -0.042539767 0.025466116 3.106146 0.5
9.0844303 18.223748 0.013426453 -0.012492085 3.095002 0.5
21.528534 21.051722 0.0029104287 0.012534507 1.841384 0.5
11.991716 19.33836 -0.061722701 0.032822811 6.034028 0.5
7.6596523 25.770173 -0.00095867317 -0.00070703039 1.857551 0.5
4.6783107 16.020135 0.00037719325 0.00013351115 1.702664 0.5
13.387154 19.737195 -0.0038620067 0.016477255 1.16125 0.5
10.364486 17.744922 -0.0175708 0.041864289 4.720586 0.5
24.029129 17.774884 -0.0062260654 0.012231001 0.205718 0.5
13.475773 5.5438677 -0.077045509 0.0065484536 5.820667 0.5
15.75372 20.806996 -0.022552374 0.10174728 3.894129 0.5
17.634851 7.6621765 -0.39093626 0.23031443 3.074393 0.5
5.902858 8.5448477 0.15033791 0.037949746 0.467747 0.5
14.743133 21.714699 -0.022787134 -0.0060040299 5.60533 0.5
5.7782331 15.736744 -0.063259378 -0.034617661 6.227367 0.5
23.424208 16.259837 -0.0047055938 -0.011070608 5.177094 0.5
1.0661365 14.202622 0.00022252671 0.00063750753 0.203779 0.5
20.513245 21.901571 -0.0034783992 0.0098798125 6.095105 0.5
24.730145 15.968137 -0.019319753 -0.0053403047 5.150288 0.5
17.4313 17.22368 -0.013843049 -0.0071710797 3.059892 0.5
18.154598 10.300988 -0.042903817 0.13846877 3.692189 0.5
17.081075 16.139274 0.066771028 0.080947955 3.246869 0.5
18.099099 25.698057 -0.0123215 0.0079807465 2.032293 0.5
11.844623 16.632108 -0.087131762 0.0022492183 6.136396 0.5
13.018098 0.92293847 0.070648723 0.072420678 4.563161 0.5
6.3745797 14.771853 -0.073450437 0.035685473 5.916686 0.5
12.446766 27.3118 0.00056988877 0.012825756 1.344992 0.5
2.2923628 11.594588 -6.9220148e-05 -2.8842319e-05 3.633442 0.5
14.598781 20.564727 -0.015979818 0.0015493863 2.78777 0.5
17.039816 20.509067 -0.012484193 -0.021365642 1.483056 0.5
7.5676623 21.416371 0.0067652792 0.024074859 0.879468 0.5
2.0731607 13.082573 -1.7817952e-05 -0.00099476987 4.923104 0.5
10.99744 15.479343 -0.01515083 -0.00044800529 5.350229 0.5
21.668827 17.749136 -0.0095989638 0.026048439 1.508644 0.5
11.853642 8.8927502 -0.065483627 -0.017684738 4.32761 0.5
4.7257644 4.7162977 -0.19150407 0.34266499 1.3724 0.5
13.042651 23.981708 -0.020664081 0.0043428586 2.64206 0.5
19.452279 22.574494 -0.0058833097 0.053287131 2.466218 0.5
23.589913 6.1263656 -0.034978424 0.012981638 0.69625 0.5
6.3794482 21.625241 -0.080375779 0.016095322 0.502972 0.5
15.232726 27.354466 -0.0063595535 0.0043878687 4.066135 0.5
26.951902 17.567761 0.025570715 0.0059178612 3.026607 0.5
0.72552625 12.813359 -0.00018319025 0.00022731013 6.171553 0.5
19.333511 21.422246 0.062129075 -0.01505787 3.767955 0.5
13.682391 22.780899 -0.0074258727 -0.010105253 5.349705 0.5
16.558217 17.985451 -0.0073777263 -0.0097015731 3.28374 0.5
23.496043 19.563727 0.022701339 0.01421782 1.964272 0.5
16.235263 3.8627657 0.080778477 -0.050791228 1.170799 0.5
23.482009 13.496324 0.019963125 0.014975241 0.802835 0.5
8.7613596 20.649823 -0.020654867 -0.004374491 5.063896 0.5
20.577667 23.348423 -0.0028649807 0.0018139797 2.243796 0.5
27.322647 15.673278 0.010689746 0.013831778 5.270568 0.5
14.247606 10.136037 0.03709241 0.034265622 5.757172 0.5
6.4673663 25.101439 -8.0715759e-05 0.00091662318 5.271397 0.5
23.669569 7.9807172 -0.020114496 -0.0034916796 3.151318 0.5
8.459566 19.472953 -0.0068075029 -0.015490976 0.221595 0.5
19.855174 4.661378 0.015432088 0.00050412556 1.510648 0.5
10.656254 2.8035577 0.037994493 0.21320408 5.29405 0.5
12.237374 15.189371 0.0038567942 0.047914502 2.737677 0.5
25.631683 9.958975 -0.0043677575 -0.0024139506 4.134415 0.5
15.275052 19.476538 -0.025558445 0.026205418 1.432456 0.5
10.824925 19.341337 -0.016956083 -0.028045197 2.840655 0.5
21.671312 22.219926 -0.0042557505 -0.00021709089 2.899005 0.5
3.8923784 20.06176 0.00062128527 -4.6225711e-05 4.137855 0.5
7.3655236 20.070511 0.00045884585 -0.0010486413 1.992807 0.5
8.8005804 15.255061 -0.067691454 0.026478562 0.375558 0.5
8.6504158 22.684252 -0.0015656173 -0.0059525494 0.629977 0.5
20.270829 20.768914 -0.0084171827 -0.0048620839 5.301885 0.5
1.8509986 8.8233983 0.066293783 0.42171287 1.197725 0.5
0.87951641 15.623837 -0.00013482455 0.00027635153 2.939026 0.5
11.452566 25.465718 -0.0081237252 -0.004451345 3.912909 0.5
25.77405 20.454691 -0.0069859889 -0.0097312189 3.115045 0.5
16.049083 12.63174 -0.010475068 -0.014712144 1.662001 0.5
18.760255 24.721518 -0.019970936 0.022284081 0.131507 0.5
