# x y vx vy theta radius
25.896449 7.9708809 -1.0810429 0.34679501 4.108985 0.5
14.382054 14.989446 -0.078969825 -0.40041271 1.764168 0.5
23.998191 12.350173 -0.17253912 0.071647075 3.951996 0.5
14.879286 26.282199 0.0003730746 -0.0024702794 4.259518 0.5
9.0714692 19.152439 -0.0071610294 -0.014412548 1.882067 0.5
15.379072 20.878677 0.021270058 -0.075330672 0.92276 0.5
3.9296189 22.419093 -0.019608555 0.0327757 4.981497 0.5
6.044656 20.621307 -0.018807788 0.0016088526 0.663689 0.5
25.677646 10.995853 -0.013267225 0.11467422 4.599871 0.5
6.2866364 14.497972 0.0080151579 -0.00815296 3.315122 0.5
2.8094393 21.28199 0.00035862558 -0.012797166 5.224588 0.5
23.953563 14.107286 0.04925169 -0.058917395 4.739779 0.5
24.132949 21.111009 0.010597853 -0.10133478 0.624425 0.5
22.398947 20.736981 -0.053553204 -0.035078815 0.734434 0.5
19.302339 25.084803 -0.075960149 -0.14664227 4.989084 0.5
12.508105 14.325135 0.00091471064 -0.018038442 2.508867 0.5
23.528664 4.5202323 -0.23932098 -0.33597693 5.939565 0.5
7.2135341 13.829288 -0.00037508479 -0.0060941846 0.028815 0.5
19.051729 2.1606073 -0.024318307 0.013235 3.449449 0.5
23.019587 15.162416 -0.062011642 -0.14900013 0.592282 0.5
16.380507 25.013623 -0.072578609 -0.012181531 6.045768 0.5
19.805442 14.407061 0.072101109 -0.42402105 0.890473 0.5
2.6615127 14.345527 0.00079151165 -0.0015627133 2.353219 0.5
23.824737 17.119158 0.10315696 -0.027021474 1.672869 0.5
1.1889971 15.734822 -0.0043788053 -0.014936485 4.21507 0.5
12.595382 21.42092 -0.012639117 -0.020490704 0.4829 0.5
20.850066 11.724282 0.020347079 0.035039659 6.274711 0.5
20.098443 21.066025 -0.09175923 -0.14279115 1.301021 0.5
24.119677 19.055906 -0.18242159 -0.14134836 3.538852 0.5
10.13959 6.5312188 0.010043242 -0.019022299 1.72413 0.5
16.43022 20.44597 0.0074427785 0.0043464669 0.779811 0.5
8.0329287 24.596683 -0.0019788656 -0.0050948129 1.209651 0.5
12.591198 19.218864 -0.025522493 0.003689633 5.377079 0.5
18.820244 26.486015 -0.023387 0.011396219 3.122843 0.5
13.712205 19.209076 -0.0090093784 -0.033735154 4.105439 0.5
5.1081821 22.390714 0.0047305247 0.0012877785 2.246795 0.5
1.261825 14.551942 0.019251798 -0.020375594 3.468535 0.5
23.534058 20.184778 -0.063517335 0.12199868 5.532293 0.5
15.708121 22.995349 -0.090969203 0.0016915317 0.531572 0.5
15.397946 9.5148693 -0.058489634 0.025903857 5.261584 0.5
9.1512212 23.965855 0.0057916814 -0.0059534454 0.040113 0.5
12.131886 12.001742 -0.014741383 0.00044381455 4.576591 0.5
2.2096306 20.308894 0.019671983 0.012567503 0.209824 0.5
18.988094 20.376522 0.044989168 0.15049513 1.770879 0.5
10.858986 11.901712 0.024583495 -0.0086474749 4.791815 0.5
3.0039852 7.27616 0.0014440565 -4.3348773e-05 2.522673 0.5
24.812794 13.127308 -0.2083056 0.12881371 3.232151 0.5
6.9803926 17.048747 0.031848635 0.009674875 0.943125 0.5
11.999862 1.1523146 0.00060738681 0.0016180528 1.031271 0.5
13.280479 23.185996 -0.047053893 0.0056889441 1.523797 0.5
11.966643 27.276387 0.0010696347 0.0056849729 1.787492 0.5
22.223886 13.091155 -0.21888926 -0.057608759 3.056837 0.5
13.648352 22.041872 -0.056675039 0.090667443 3.332967 0.5
13.14223 27.379064 -0.011486786 -0.026591221 3.889918 0.5
18.219992 22.281246 -0.18850564 0.0043325674 1.775857 0.5
21.559273 9.6267914 -0.16627373 -0.37143725 4.33857 0.5
15.851351 15.44242 -0.65326403 -0.40898649 2.652322 0.5
5.8379573 9.0126991 -0.01976725 -0.026081083 1.360759 0.5
14.128632 21.025322 -0.082206016 -0.034228173 1.350476 0.5
9.0804949 25.268317 -0.0028455116 0.003332457 3.139709 0.5
16.982747 21.423618 -0.18525282 -0.039136484 3.877928 0.5
8.1667947 14.534402 -0.017091983 0.0090491815 4.111005 0.5
4.482832 12.447139 0.00022710426 -0.035685627 4.354529 0.5
1.1621525 17.804042 0.007517969 0.0016030133 1.958136 0.5
12.405564 17.996583 0.00065059976 -0.018483771 1.935129 0.5
17.85129 23.36757 -0.057544768 0.060260361 0.983243 0.5
21.821488 24.866311 -0.0046254695 0.032969139 4.524452 0.5
11.610428 13.244774 -0.0011410968 -0.0009281509 4.628506 0.5
6.6374242 10.70645 -0.013823738 -0.0015987032 4.619789 0.5
4.4748741 21.093194 -0.033110981 0.027208223 6.246698 0.5
18.224442 25.45935 -0.084198784 0.031111652 2.597917 0.5
18.456232 14.628883 -0.0029958925 -0.042497145 5.540445 0.5
11.278907 18.105194 0.0076873378 -0.0059374154 1.135786 0.5
7.7968994 22.34795 -0.011330624 0.0006262501 0.649744 0.5
16.368342 17.009615 -0.20386233 -0.029483827 4.647872 0.5
5.6148983 16.621343 0.0046883423 -0.029062195 3.116928 0.5
21.541862 7.8960492 -0.46966265 0.18203724 1.058365 0.5
13.081144 0.61831856 0.0049656957 -0.0023373248 1.223223 0.5
22.196059 21.833731 0.11228158 0.0270526 6.185729 0.5
5.554137 13.433296 0.016446211 -0.01831839 5.03693 0.5
17.321851 14.704682 -0.1028598 -0.024714296 0.158334 0.5
9.1697854 17.710514 -0.013311765 -0.013020295 0.09489 0.5
6.5742618 19.554265 -0.0051376193 -0.0064294401 3.182579 0.5
17.630075 15.781432 0.080539036 0.011990536 5.999337 0.5
2.3598122 17.87114 -0.0080491174 -0.016489205 0.712677 0.5
5.5257462 10.170826 -0.011698384 0.0074339474 1.70588 0.5
18.314608 19.255681 -0.12075581 -0.078401691 5.092516 0.5
18.013094 11.004403 -0.011654774 -0.00039992843 0.506989 0.5
11.458811 19.343346 -0.00039644738 0.0053670515 4.452103 0.5
11.451085 16.683248 -0.0039678979 -0.0067239895 3.429354 0.5
13.205331 24.308022 -0.011876473 0.015873456 5.942963 0.5
10.157943 21.932722 0.016333717 -0.00011006924 2.062723 0.5
22.801434 18.978821 -0.040808439 0.12399283 2.598321 0.5
17.610235 20.134076 -0.088750477 -0.10534441 6.159219 0.5
10.458275 9.9575885 0.0028655029 -0.0032723502 1.488917 0.5
19.827993 12.198425 -0.018428586 0.0080937886 1.927238 0.5
3.2039565 15.6966 0.036246341 0.0019283523 3.98558 0.5
26.557011 15.653468 -0.076132499 -0.099095878 3.515453 0.5
18.742293 15.733119 -0.43800407 -0.19796906 3.362574 0.5
10.103542 16.826038 -0.011197364 0.0068239254 2.617045 0.5
19.524438 18.151667 0.084398815 0.033745657 4.416501 0.5
25.935766 20.016268 0.096530006 -0.080079074 2.357123 0.5
16.765591 19.380766 0.023263189 0.21229117 0.027213 0.5
21.971207 10.788564 -0.061861989 0.01907447 3.270335 0.5
14.854081 16.292457 -0.12060136 -0.016191596 5.133302 0.5
17.086528 18.27186 -0.16752937 -0.0014842054 4.163048 0.5
15.084915 25.160073 -0.0012877658 0.011733322 3.93618 0.5
6.793198 23.650861 0.0064672353 0.0068246355 5.951127 0.5
23.290247 22.18937 0.072327799 0.24908523 4.082451 0.5
15.933061 18.20398 -0.27125511 -0.012603793 1.780305 0.5
12.985085 7.5823369 0.018130603 -0.020657379 2.847882 0.5
7.6680668 19.816424 -0.0028001577 -0.0010937151 1.767937 0.5
4.1700474 19.011871 0.0075188758 -0.021986009 0.00135 0.5
21.836228 19.768102 -0.0609473 -0.20940139 5.312468 0.5
11.851402 20.452687 0.0019487453 -0.00045021314 0.320289 0.5
1.0613559 12.304693 -0.01642093 -0.019668653 0.581132 0.5
26.301126 14.559813 0.077302811 0.081818829 3.087421 0.5
20.882274 25.468223 -0.076158885 0.089777637 3.560403 0.5
22.538739 5.440751 -0.029011402 -0.0032332803 0.555117 0.5
17.376295 24.525984 -0.11924094 0.081098279 6.220608 0.5
18.373433 18.125245 -0.33841347 0.11880393 5.652715 0.5
8.1641866 16.556078 -0.017230901 -0.010483043 0.827952 0.5
12.633295 26.17114 -0.00020711591 -0.012237845 1.054048 0.5
19.935883 26.053059 0.028450663 0.035624045 0.319962 0.5
21.616254 23.739298 0.031547821 -0.036333822 2.464344 0.5
14.353908 27.365559 0.015011862 0.01477948 3.780782 0.5
20.995156 6.0417463 -0.016272966 0.049156695 0.745414 0.5
4.7025474 17.488434 0.027163608 -0.021220121 3.348875 0.5
25.994352 13.11273 -0.21409736 0.092313873 5.365761 0.5
12.265893 25.094729 0.0021215994 0.0066027695 0.445642 0.5
20.098127 22.182402 -0.052584089 0.098647505 2.979068 0.5
20.495816 23.251911 -0.14127242 0.049362706 2.813895 0.5
26.390696 9.6629562 -0.14625562 -0.05665313 4.039246 0.5
7.9837157 7.8590804 -0.011870047 -0.020306174 4.602055 0.5
25.067733 11.945015 -0.068182677 -0.22117065 1.676583 0.5
10.312234 19.4933 -0.015175354 -0.0010115515 1.207935 0.5
17.775114 26.859678 -0.12957963 0.050272312 6.164191 0.5
10.436041 26.939611 0.017503166 -0.032960151 1.491784 0.5
1.7281933 13.502238 0.0041016795 -0.013457241 6.269379 0.5
26.449958 18.457636 0.064880398 0.069351453 0.35856 0.5
15.482792 27.254297 0.0048459145 -0.0036079869 0.326238 0.5
1.711655 19.277755 0.025379981 0.001765677 1.608548 0.5
11.084497 24.024392 0.002733956 0.012854465 2.616667 0.5
10.261548 14.0471 0.0083100515 -0.018572078 0.410672 0.5
16.073158 11.451928 -0.0024210886 -0.0028688066 3.210668 0.5
22.613981 17.831862 -0.24001609 0.11142102 0.309541 0.5
12.251008 15.806835 -0.047098416 0.019823965 1.761874 0.5
14.005772 13.663908 -0.0025444459 -0.010574387 4.731547 0.5
5.635416 23.410337 -0.0097906518 -0.0078904174 0.313065 0.5
21.012314 18.668436 0.036322606 0.040357797 0.087229 0.5
9.2637908 26.515569 -0.0076011926 0.0063659085 5.713071 0.5
7.0230586 25.47742 -0.0039349664 -0.0019932901 0.34983 0.5
17.594799 17.118531 0.0098315827 -0.053987246 2.015368 0.5
19.557684 23.969816 0.0045624012 0.032029259 0.42176 0.5
19.150993 22.867021 -0.15149081 -0.16064656 5.580866 0.5
25.307872 21.106893 -0.0070145411 -0.1493055 4.066321 0.5
24.523152 15.722081 -0.27381862 -0.26715738 5.863794 0.5
22.712443 16.549436 0.0072797326 -0.16526935 5.355125 0.5
20.554785 3.9363836 -0.066789733 -0.022955125 5.404824 0.5
23.672668 23.278029 -0.17418197 -0.012816311 1.361005 0.5
4.4517715 15.74284 -0.017283168 -0.030435634 5.19755 0.5
23.732085 11.221632 0.039530777 -0.029544082 5.853071 0.5
14.344886 24.180149 -0.015417617 -0.0066324645 2.830697 0.5
11.23433 22.86229 0.0026115197 0.0043639253 3.251414 0.5
16.602342 23.711607 -0.036384535 0.053192837 3.305262 0.5
2.6890233 10.570128 0.048717144 0.023520755 3.841898 0.5
21.585339 17.287571 -0.036985593 -0.029453084 4.917041 0.5
5.3191226 18.971206 0.025296668 -0.0060121276 1.726803 0.5
12.837388 16.930918 0.018563327 0.0073887401 2.534849 0.5
20.406596 10.558901 0.021531364 -0.0070042969 1.985571 0.5
8.0071076 23.466602 0.0069634444 0.005500428 5.636684 0.5
20.677957 20.001497 0.10094315 0.2794743 0.642493 0.5
17.168468 25.819473 -0.1256821 0.078998464 5.796573 0.5
9.4286211 15.896253 -0.0080121692 -0.0075774325 4.738871 0.5
18.523246 12.18029 0.027589776 -0.032713021 1.568073 0.5
10.143039 25.79786 -0.0091174538 -0.00077256305 2.749741 0.5
14.557212 19.976797 -0.052969394 0.02694386 1.171823 0.5
23.135402 9.8161251 -0.72609102 0.039375584 2.226958 0.5
19.965256 16.052993 0.022848403 0.019829121 1.548545 0.5
4.7820772 19.976279 0.013956522 0.00090382283 3.653333 0.5
27.321196 13.445797 0.1119467 -0.22910183 4.394256 0.5
3.408286 20.240775 -0.002258814 0.002788762 0.605652 0.5
12.744322 13.215943 -0.0034180613 -0.0037070531 3.106146 0.5
20.526429 17.639953 -0.067649861 -0.011185453 3.095002 0.5
13.900942 12.520426 -0.006246788 0.0036682671 1.841384 0.5
7.9291532 17.80385 -0.031557748 -0.0071513982 6.034028 0.5
2.9000157 12.598837 0.0049275971 0.0083690638 1.857551 0.5
22.49434 22.955296 -0.27309951 0.022831713 1.702664 0.5
13.744103 26.393726 0.016141176 0.0020403621 1.16125 0.5
5.0328319 14.470953 -0.019542618 -0.052079761 4.720586 0.5
4.5087638 23.460468 -0.00063434845 -0.0091034235 0.205718 0.5
5.4575398 11.640027 -0.0028189409 -0.017023448 5.820667 0.5
6.3036841 22.395141 0.013034094 -0.00022379927 3.894129 0.5
5.6308106 6.7306421 -0.0007961351 -0.023865135 3.074393 0.5
21.292711 16.107984 -0.23811053 -0.14661554 0.467747 0.5
11.44115 26.280364 -0.0029231269 -0.0046394494 5.60533 0.5
6.9517933 6.144402 0.00020315857 -0.001043493 6.227367 0.5
9.5063458 20.322197 0.020935597 -0.018376465 5.177094 0.5
25.734477 16.394841 0.12321773 0.058058432 0.203779 0.5
17.423817 13.204261 0.028814745 0.0059586279 6.095105 0.5
13.966123 16.896484 -0.54559483 0.36193962 5.150288 0.5
13.877109 25.266918 -0.0001863771 -0.0035189796 3.059892 0.5
20.521455 13.394173 -0.055752389 -0.049746491 3.692189 0.5
11.477096 21.61097 0.011455276 0.010823297 3.246869 0.5
24.755626 20.134624 -0.077376241 -0.074055383 2.032293 0.5
13.300875 15.458016 -0.13316243 0.0324424 6.136396 0.5
24.787577 17.905017 -0.15157305 0.21112271 4.563161 0.5
26.699004 17.351959 0.13740686 0.1754341 5.916686 0.5
24.47885 22.261924 -0.13597183 0.036947067 1.344992 0.5
6.7870204 18.248841 -0.016121933 -0.00094125739 3.633442 0.5
15.973862 21.861193 -0.13298984 0.058123189 2.78777 0.5
1.989183 16.749372 -0.015939157 -0.041068658 1.483056 0.5
14.388459 23.039722 -0.0059149523 0.11550243 0.879468 0.5
14.801073 18.65185 0.0085775622 -0.0094799041 4.923104 0.5
10.074353 23.328274 0.0074522326 0.0015337202 5.350229 0.5
9.082479 21.482513 0.0097453092 0.0041435637 1.508644 0.5
16.394938 14.100671 -0.29652783 -0.16057397 4.32761 0.5
12.187571 23.772121 0.012204138 0.0025961803 1.3724 0.5
10.725647 20.680205 -0.0068211357 -0.0079673516 2.64206 0.5
19.658603 19.275685 -0.21861352 0.053252566 2.466218 0.5
18.477033 24.304057 -0.073514109 0.10934099 0.69625 0.5
8.8342408 8.9966134 0.027794482 -0.013287423 0.502972 0.5
6.7601322 15.786925 0.015485517 0.003624064 4.066135 0.5
16.987882 22.621285 -0.08265624 -0.10024685 3.026607 0.5
19.222652 16.920124 -0.10378487 -0.10107022 6.171553 0.5
19.112676 21.613094 0.0097367732 0.060368641 3.767955 0.5
18.990013 13.53318 0.017788116 -0.012843053 5.349705 0.5
22.690335 24.106174 -0.10980225 -0.027269756 3.28374 0.5
15.647732 19.472124 -0.075998934 -0.013349669 1.964272 0.5
2.8640527 9.1498816 -0.009326598 -0.052591869 1.170799 0.5
15.496565 24.104347 -0.0093738845 0.055048693 0.802835 0.5
6.9576425 21.350423 0.021230165 0.0030432593 5.063896 0.5
15.997211 26.11837 -0.0053277396 -0.0012118705 2.243796 0.5
3.4597457 17.27338 0.020289094 -0.022716443 5.270568 0.5
21.176163 21.419008 -0.1292233 0.053113104 5.757172 0.5
20.621303 24.394098 0.0016549317 0.066349418 5.271397 0.5
23.588645 5.9539795 -0.17638805 -0.16440707 3.151318 0.5
18.072446 21.178857 -0.049990118 -0.029359727 0.221595 0.5
15.19656 17.346639 0.037234087 0.12800413 1.510648 0.5
16.60447 27.164287 0.0066206794 -0.00084335926 5.29405 0.5
3.6908516 13.793232 -0.0052088728 0.013325485 2.737677 0.5
15.145122 14.072858 -0.00033686454 -0.0035577104 4.134415 0.5
4.3133195 10.358806 0.0035800833 -0.010690418 1.432456 0.5
10.098948 24.631993 -0.007107014 -0.0067828722 2.840655 0.5
8.9743133 22.768 0.022282071 -0.01822134 2.899005 0.5
12.373772 22.529072 0.0075666714 -0.032560358 4.137855 0.5
13.658143 18.071215 0.03157691 -0.00079893542 1.992807 0.5
8.1100416 6.5451876 -0.00041480695 -0.020095451 0.375558 0.5
21.406649 22.603447 -0.1674056 -0.011936481 0.629977 0.5
10.973277 15.135757 0.0083391276 -0.051684737 5.301885 0.5
8.2045173 26.072784 -0.0049046304 -0.0063698187 1.197725 0.5
11.14053 25.15416 -0.012014508 0.0021022855 2.939026 0.5
2.8580401 18.974748 0.024582569 0.0046087745 3.912909 0.5
14.862582 21.999177 -0.10883648 -0.012711719 3.115045 0.5
13.265723 20.328867 -0.050028538 -0.057839245 1.662001 0.5
6.0845211 24.613636 -0.0094016194 -0.001081685 0.131507 0.5
