# x y vx vy theta radius
12.558196 8.7844152 0.19704645 -1.0967209 5.2087632 0.5
6.6143377 18.77997 -0.032039683 -0.020369288 1.764168 0.5
21.641187 15.681259 -0.001751868 0.0052389728 3.951996 0.5
10.736289 17.961893 0.08571341 -0.092640802 4.259518 0.5
13.863784 17.32915 0.029358908 0.019651161 1.882067 0.5
18.808255 20.022215 0.030680207 0.023931654 0.92276 0.5
11.905783 20.573536 0.026611454 -0.019936894 4.981497 0.5
14.499693 26.582627 0.0019360824 -0.0058260894 0.663689 0.5
19.597278 17.364089 0.10581864 -0.033034696 4.599871 0.5
19.019136 25.047548 0.0081504773 0.027166229 3.315122 0.5
19.09568 7.6772239 -0.019929737 -0.082219937 5.224588 0.5
10.746536 25.232534 -0.0038370211 -0.0052834482 4.739779 0.5
22.402143 16.602944 0.0078189025 0.0074374181 0.624425 0.5
26.923386 17.607698 0.0061624884 -0.031899792 0.734434 0.5
23.731851 19.943907 -0.01990813 0.0086640562 4.989084 0.5
13.650109 22.598021 0.02099814 0.019493771 2.508867 0.5
22.13128 8.6157223 -0.00055824802 -0.0011646041 5.939565 0.5
17.558949 23.246543 0.0080634282 0.0004296069 0.028815 0.5
23.867527 18.8296 0.093309845 -0.035836457 3.449449 0.5
17.731134 4.0224888 -0.00019874694 0.00074398391 0.592282 0.5
16.819815 13.956271 0.018597006 0.078290266 6.045768 0.5
9.6347934 9.5761623 -0.016647357 -0.03250606 0.890473 0.5
21.835921 10.941988 0.13911108 0.07002954 2.353219 0.5
5.0546364 10.355511 0.15074818 0.023952135 1.672869 0.5
24.882495 19.807433 0.11037943 -0.020196416 4.21507 0.5
11.041564 26.865373 -0.0040910001 -0.002206183 0.4829 0.5
20.21878 7.4871493 0.023482327 -0.016163903 6.274711 0.5
15.026664 12.284003 -0.022227811 -0.18751286 1.301021 0.5
25.030033 15.618403 0.0015752476 0.005735104 3.538852 0.5
21.337077 20.614348 0.10840801 -0.013033819 1.72413 0.5
18.222759 11.07413 0.014954831 0.18029733 0.779811 0.5
6.8752798 21.943593 -0.069801453 -0.020341231 1.209651 0.5
15.891955 24.884525 -0.022228607 0.061957163 5.377079 0.5
20.271675 3.0005106 -0.0040940281 0.004628228 3.122843 0.5
13.900041 18.805491 0.039143434 -0.062662291 4.105439 0.5
22.10863 23.477014 -7.4116607e-05 -0.0021112743 2.246795 0.5
5.5633666 7.6053331 0.019564561 0.0059380609 3.468535 0.5
4.6659876 23.6126 0.0044493511 0.009980287 5.532293 0.5
14.13939 6.9950731 0.78454058 -0.5750388 0.531572 0.5
16.09241 4.8794718 0.27533907 -0.26906921 5.261584 0.5
13.778716 25.701713 -0.034200066 0.030796894 0.040113 0.5
12.937556 19.806738 -0.1375324 0.018656552 4.576591 0.5
21.886555 9.7621891 -0.0020955675 -0.0010599108 0.209824 0.5
22.840964 15.495675 0.0055557255 -0.024922629 1.770879 0.5
19.632213 22.3365 0.035572168 0.048591117 4.791815 0.5
7.5610259 25.233597 -0.20830608 0.2025019 2.522673 0.5
26.080525 12.492826 0.23610791 -0.050110082 3.232151 0.5
24.664437 11.597225 -0.019202201 -0.10696876 0.943125 0.5
25.76299 17.55749 -0.098442578 0.045002076 1.031271 0.5
22.885507 7.7153703 -0.0027873994 0.00037320634 1.523797 0.5
6.537451 8.3295147 -0.0052279681 0.00964491 1.787492 0.5
8.4337951 24.388944 -0.0094245512 0.025789819 3.056837 0.5
18.01883 25.561785 0.024587013 0.019056943 3.332967 0.5
15.163499 23.870115 0.0075295947 -0.015816702 3.889918 0.5
9.5841246 23.873714 -0.01896243 0.042826585 1.775857 0.5
25.503909 20.823176 -0.0017663511 0.0052266415 4.33857 0.5
10.48093 20.108483 -0.053660652 0.050594942 2.652322 0.5
19.821681 9.5992447 0.21633606 -0.37989694 1.360759 0.5
23.526772 14.604293 0.17205341 0.075244955 1.350476 0.5
13.156773 5.4967807 0.06067664 -0.82937694 3.139709 0.5
7.7944592 22.608107 -0.11925262 0.031160401 3.877928 0.5
20.623249 5.1737478 0.002332956 0.0039489582 4.111005 0.5
23.844954 13.403087 -0.06192021 -0.076816815 4.354529 0.5
20.692718 11.581578 -0.00075137602 0.0015642658 1.958136 0.5
9.3306036 2.5866791 -0.010740945 0.0046874279 1.935129 0.5
13.346327 0.83620894 -0.0024578643 -0.0041437278 0.983243 0.5
16.765447 0.84910177 -0.0068981564 0.008940905 4.524452 0.5
18.214452 16.585102 0.013174952 0.029287371 4.628506 0.5
13.254716 27.286736 0.0015444241 -0.0035455645 4.619789 0.5
26.012836 15.063927 0.02018055 -0.014041766 6.246698 0.5
27.143131 11.685487 -0.00104197 -0.00102414 2.597917 0.5
15.921178 15.613338 -0.010503845 0.013731271 5.540445 0.5
13.495959 4.2554942 -0.11670254 -0.21458243 1.135786 0.5
14.028577 23.871333 0.055336954 0.011066402 0.649744 0.5
16.091725 3.6524666 -0.0046413683 -0.00081845755 4.647872 0.5
2.1745057 19.684847 -0.0016651415 -0.012951951 3.116928 0.5
22.552059 20.991565 0.052295978 0.020378285 1.058365 0.5
20.036613 24.554349 0.018406849 -0.0084809286 1.223223 0.5
17.24171 11.763377 0.027642269 0.093069414 6.185729 0.5
21.007303 14.197999 0.1630864 -0.053809886 5.03693 0.5
20.037114 23.409013 -0.01063198 0.098432249 0.158334 0.5
21.408155 2.8992391 -0.0038505938 0.0013937433 0.09489 0.5
26.035795 13.842841 0.001362285 0.00093190949 3.182579 0.5
15.732928 10.529041 -0.056653353 0.051225614 5.999337 0.5
10.998598 9.3641397 -0.34277695 0.090614941 0.712677 0.5
14.47964 21.480011 0.054557327 0.05842898 1.70588 0.5
21.681565 21.711844 -0.032683271 0.019632071 5.092516 0.5
24.375436 20.893282 0.034479545 -0.019782801 0.506989 0.5
15.109625 22.68438 -0.01251796 0.0047978156 4.452103 0.5
26.458195 18.66501 -0.0034200269 -0.0027035492 3.429354 0.5
23.550176 21.681428 0.0078385459 -0.0078748054 5.942963 0.5
16.075977 7.526211 0.089771026 0.06344043 2.062723 0.5
16.649389 27.158986 -0.0017326597 -0.0036262736 2.598321 0.5
17.334645 22.130962 -0.089238953 0.019990221 6.159219 0.5
23.296971 4.3181132 -0.0019680178 -0.00040055699 1.488917 0.5
12.467542 3.1266785 0.053136562 -0.3608462 1.927238 0.5
13.369077 20.936272 -0.036389375 0.056765686 3.98558 0.5
23.333716 12.087787 0.00069704134 0.00091374459 3.515453 0.5
9.4186113 24.986321 0.10714268 0.096246389 3.362574 0.5
12.198196 18.865793 0.003458952 0.031275942 2.617045 0.5
17.937557 1.1921363 0.0091408459 0.0018234239 4.416501 0.5
16.103676 21.498865 -0.028201794 0.01394119 2.357123 0.5
26.089603 8.2552256 -0.0032803236 -0.00095597866 0.027213 0.5
11.676589 5.4871305 -0.0015563561 0.0042075301 3.270335 0.5
21.241453 25.288933 -0.0043710952 0.00038913899 5.133302 0.5
23.268438 17.389238 -0.0043894355 0.0010257872 4.163048 0.5
4.0870767 8.1403921 -0.010762292 0.0023356633 3.93618 0.5
16.510228 18.206569 -0.035038632 0.10369497 5.951127 0.5
16.987008 15.083477 0.058865936 0.055847818 4.082451 0.5
23.017703 9.6635315 -0.00050822606 0.00044597635 1.780305 0.5
5.9801385 16.953333 -0.055371063 0.037940871 2.847882 0.5
15.051481 2.443856 0.00026183844 0.0059940462 1.767937 0.5
18.501722 22.281626 0.00032073798 0.013445194 0.00135 0.5
18.974334 26.447791 0.0054624808 -0.0027454578 5.312468 0.5
4.7109533 19.980182 -0.0015209362 -0.0020395754 0.320289 0.5
11.565635 15.957714 0.018773299 -0.026346712 0.581132 0.5
7.7527786 19.233585 -0.0056631856 -0.0087613598 3.087421 0.5
17.765994 26.875399 -0.0022898481 0.0018075815 3.560403 0.5
11.747133 25.858719 -0.0035799665 -0.0021503394 0.555117 0.5
11.974082 22.830264 0.0026374093 0.037657583 6.220608 0.5
18.441707 14.975374 0.07292237 -0.055262101 5.652715 0.5
15.884422 16.925487 0.039175496 -0.040618172 0.827952 0.5
4.3285693 18.131995 0.001213099 -0.00016017783 1.054048 0.5
27.130351 16.477406 0.0048091833 -0.0023786078 0.319962 0.5
18.166612 17.826031 0.0094439808 0.16273049 2.464344 0.5
5.650766 21.67001 0.023685218 0.0005841875 3.780782 0.5
14.252901 5.735515 0.59049449 0.10241345 0.745414 0.5
21.613858 6.4167817 -0.0015308177 -0.00081038181 3.348875 0.5
21.922352 17.743313 0.0007747739 -0.022455514 5.365761 0.5
24.854783 12.698855 -0.011274774 0.00046165178 0.445642 0.5
25.140879 9.0466192 0.0005120193 0.0011859513 2.979068 0.5
2.7855264 17.925041 0.022467537 0.18428891 2.813895 0.5
10.718885 23.136475 0.051253558 -0.042251794 4.039246 0.5
23.12097 10.859126 -0.0017230073 0.0003659071 4.602055 0.5
20.77778 10.306393 0.048567645 -0.11000055 1.676583 0.5
24.871516 16.817807 0.0012771792 0.0036357486 1.207935 0.5
24.822815 6.3420775 0.0013030271 -0.0018698919 6.164191 0.5
10.836144 21.676384 -0.0055412515 -0.0010882066 1.491784 0.5
16.506895 23.895967 0.021239127 0.036131396 6.269379 0.5
16.292171 22.783942 -0.026941354 0.07247098 0.35856 0.5
14.756202 1.140428 -0.001576396 0.011306 0.326238 0.5
24.577686 8.0187859 0.0011078866 0.00037288649 1.608548 0.5
3.6354993 6.6557527 -0.0014429821 -0.0045396379 2.616667 0.5
14.774719 15.664249 -0.05095831 0.071682573 0.410672 0.5
9.9876483 4.6312365 0.10010597 -0.37027721 3.210668 0.5
10.985456 19.089473 -0.046378224 0.028077263 0.309541 0.5
14.636682 24.923537 0.013860544 0.0084896272 1.761874 0.5
19.784893 13.197048 0.072784684 0.074627807 4.731547 0.5
18.962939 6.5129515 0.18500485 -0.086249448 0.313065 0.5
23.975995 16.009665 -0.010175255 -0.022429465 0.087229 0.5
24.319519 17.809312 0.006474484 -0.013401625 5.713071 0.5
18.155118 13.573857 -0.078990112 0.0020577293 0.34983 0.5
12.930025 23.666426 -0.028617473 0.055946057 2.015368 0.5
7.6324877 20.536086 -0.010055132 0.14307453 0.42176 0.5
9.3804519 6.4444829 -0.012785249 0.002915492 5.580866 0.5
25.661807 10.103511 -0.0011537055 0.00071414736 4.066321 0.5
18.833816 23.353776 0.068062077 -0.0099168328 5.863794 0.5
26.882827 10.539066 0.0050866996 0.0014504004 5.355125 0.5
9.546773 22.432944 0.0018752135 -0.0038834205 5.404824 0.5
24.084377 5.2417298 -0.001526524 0.0015412466 1.361005 0.5
19.035451 18.529838 0.076130446 -0.041678547 5.19755 0.5
17.310994 8.0019319 0.19616277 -0.32057606 5.853071 0.5
17.994487 5.6814535 -0.0032234264 -0.00023475103 2.830697 0.5
18.825459 8.8443619 0.056048891 0.022400683 3.251414 0.5
21.075964 23.990693 0.064506039 0.040217917 3.305262 0.5
22.717227 18.576059 0.033389728 -0.0038777825 3.841898 0.5
12.433985 21.682682 -0.1218266 0.073519677 4.917041 0.5
27.294601 15.362718 -0.00076210039 5.0483445e-05 1.726803 0.5
11.575897 23.927428 -0.060613026 0.021358312 2.534849 0.5
19.905848 25.752825 -0.0019682902 -0.0017474023 1.985571 0.5
6.5295772 5.6438819 0.013627146 0.0048728735 5.636684 0.5
12.386445 1.9019797 0.00053587438 0.0017194899 0.642493 0.5
16.995211 2.9744256 0.0046756955 0.013276411 5.796573 0.5
22.237593 13.273642 -0.0015567972 -0.00046715356 4.738871 0.5
15.785851 26.267552 0.02591085 0.013457745 1.568073 0.5
6.2954651 24.320193 -0.00042324231 -0.008907278 2.749741 0.5
25.602065 7.228559 -0.0023606329 -0.0012658074 1.171823 0.5
26.060634 19.73233 0.00010533591 -0.0037292418 2.226958 0.5
12.302036 4.2048829 0.13698481 -0.071259978 1.548545 0.5
14.275728 19.960637 0.011886692 0.038679011 3.653333 0.5
9.3369039 16.38293 -0.045266 -0.058031703 4.394256 0.5
23.957136 7.0576759 -0.00082865978 -0.00056804234 0.605652 0.5
16.975864 26.070235 -0.002081276 -0.0017193965 3.106146 0.5
24.926943 14.336383 -0.0029857078 -0.0010470891 3.095002 0.5
11.279597 3.6961599 -0.0041625351 0.0015043941 1.841384 0.5
14.970125 4.2682996 -0.084202563 -0.085096809 6.034028 0.5
25.206947 18.617509 -0.00036523457 -0.00054711274 1.857551 0.5
15.401861 27.348069 -0.027162725 0.10064465 1.702664 0.5
9.6809547 7.6976543 -0.003009975 0.010190668 1.16125 0.5
25.965946 16.30967 0.0040063733 -0.0077249218 4.720586 0.5
15.611395 20.430013 -0.01967812 -0.010691556 0.205718 0.5
27.375684 14.134964 -0.0008546968 -6.9667072e-05 5.820667 0.5
16.867379 10.685458 0.040414854 0.014739758 3.894129 0.5
22.405025 19.861849 0.019160216 0.027716761 3.074393 0.5
22.245301 24.606912 0.0031252276 0.0016684934 0.467747 0.5
22.225433 14.425049 0.032838654 0.010253489 5.60533 0.5
22.390599 3.5974506 -0.002110754 -0.0051488319 6.227367 0.5
15.346807 13.409841 -0.021022706 -0.073614655 5.177094 0.5
16.712833 20.015801 0.027008234 0.065563759 0.203779 0.5
19.056396 12.034089 0.043155477 -0.043510465 6.095105 0.5
22.020847 12.132739 -0.0027939838 -0.0018673686 5.150288 0.5
22.873656 6.22052 -0.0018171452 -0.0014817698 3.059892 0.5
18.719848 21.182926 0.023146675 0.010218927 3.692189 0.5
11.060183 1.0919005 -0.0058902352 0.0012109547 3.246869 0.5
18.062483 9.9594559 0.11176751 0.10684079 2.032293 0.5
9.1608327 20.196702 -0.0053270041 -0.016012927 6.136396 0.5
20.51952 21.47418 -0.031324691 -0.034583541 4.563161 0.5
20.791263 8.9013046 0.00097880476 -0.00021809574 5.916686 0.5
24.388271 10.145658 -0.0013770281 -0.0026534704 1.344992 0.5
22.614735 22.378849 0.10148232 0.071491042 3.633442 0.5
17.782009 19.347799 0.025167964 -0.041571216 2.78777 0.5
19.443361 5.3277451 0.0027140531 0.001416622 1.483056 0.5
15.236767 6.6748108 -0.16876208 -0.084089763 0.879468 0.5
19.324535 15.805967 -0.021354361 -0.11971189 4.923104 0.5
27.110632 12.960411 -0.0014990714 -0.001537336 5.350229 0.5
17.887821 7.009352 -0.016375226 -0.019820893 1.508644 0.5
19.209939 2.1936881 -0.003658875 -0.0014298729 4.32761 0.5
22.139629 5.3240367 -0.00222599 -0.0010891547 1.3724 0.5
13.055607 24.816885 -0.0023056517 -0.00057702815 2.64206 0.5
16.492114 6.4210583 0.13497982 -0.028118493 2.466218 0.5
10.461699 2.8336896 -0.00081961405 0.0077271347 0.69625 0.5
11.59802 7.2397136 0.017457207 0.011659535 0.502972 0.5
20.070763 6.3728567 0.0040172473 -0.0015723604 4.066135 0.5
21.133001 4.1347244 0.0010626322 -0.0032264119 3.026607 0.5
19.877741 19.39651 -0.002317506 -0.0030874878 6.171553 0.5
17.043357 24.922415 0.01475911 0.016492384 3.767955 0.5
23.207338 23.754832 0.0010452488 -0.0041908603 5.349705 0.5
16.147716 12.21118 0.011675249 -0.0012244861 3.28374 0.5
15.590866 19.201894 0.072700666 0.046382817 1.964272 0.5
26.598483 9.3282159 -0.0012220389 -0.00039148965 1.170799 0.5
8.2352997 9.7083547 0.0042939697 -0.0016742823 0.802835 0.5
20.985723 12.944775 -0.000116727 -0.00062106456 5.063896 0.5
26.034675 11.358304 -0.0024770381 0.0017941864 2.243796 0.5
20.463962 15.261686 0.091807607 0.075283066 5.270568 0.5
4.0154509 15.784389 0.0057640848 0.015216192 5.757172 0.5
12.923393 16.510839 -0.032857402 -0.13077418 5.271397 0.5
4.5052031 22.452032 0.011091663 0.010530138 3.151318 0.5
20.748511 16.898783 0.0062128228 -0.049225445 0.221595 0.5
21.148592 22.796457 -0.0012177928 0.0035504208 1.510648 0.5
9.886328 26.528475 -0.0056023272 -0.00093265886 5.29405 0.5
23.841011 8.8789761 0.00060285095 -0.001004863 2.737677 0.5
21.30877 7.7384203 0.01803807 0.0034338344 4.134415 0.5
19.906981 14.309036 0.006162955 -0.067520534 1.432456 0.5
20.561826 18.090146 -0.033296396 -0.0020890757 2.840655 0.5
19.807575 20.518546 0.031419591 0.031552392 2.899005 0.5
24.045996 22.692175 0.0065951005 0.083661569 4.137855 0.5
18.095283 24.368809 -0.018010524 0.029544509 1.992807 0.5
24.847192 21.913022 -0.090345649 -0.044711835 0.375558 0.5
19.956227 4.2093447 -0.0056794829 0.00098317361 0.629977 0.5
14.830762 9.6201487 0.22804739 -0.61468709 5.301885 0.5
8.4865518 4.4641979 -1.6725228 -0.32372694 1.197725 0.5
18.883707 3.3621417 -0.0051903763 0.0056805923 2.939026 0.5
5.708185 23.012278 0.015228954 -0.012338904 3.912909 0.5
17.609151 20.926922 -0.018378596 -0.022052959 3.115045 0.5
17.078308 16.245808 0.054018041 0.029822756 1.662001 0.5
21.369385 19.442266 0.012471019 -0.020137344 0.131507 0.5
