# x y vx vy theta radius
12.865744 17.445593 1.2550425 0.042747079 5.5758803 0.5
2.6731563 20.862518 -0.039048747 -0.0025287779 1.764168 0.5
12.476193 3.1162161 0.029975846 0.054006579 3.951996 0.5
15.764328 5.835037 0.024623134 0.0068116298 4.259518 0.5
24.195751 8.1301353 -9.7597541e-05 0.00019028677 1.882067 0.5
11.851764 19.109024 -0.070610132 -0.19254177 0.92276 0.5
14.894258 15.339484 0.19148746 -0.26954401 4.981497 0.5
20.478772 18.944272 0.20045542 -0.072855516 0.663689 0.5
9.2819636 22.628489 0.04489272 -0.15943801 4.599871 0.5
8.0523063 8.9122576 0.20662581 -0.13838922 3.315122 0.5
12.801686 27.354004 0.035865013 0.24718048 5.224588 0.5
5.0857925 24.059812 -0.037930069 -0.023906015 4.739779 0.5
23.536918 22.707117 0.13615711 0.080227395 0.624425 0.5
19.981625 13.374431 0.015923279 -0.0054386686 0.734434 0.5
14.779487 26.189906 -0.068146245 0.032446011 4.989084 0.5
20.664045 20.280971 0.30719906 -0.01483507 2.508867 0.5
19.965038 17.056772 0.012791127 -0.15925718 5.939565 0.5
13.237772 21.69006 -0.050161449 0.037605894 0.028815 0.5
18.548889 23.352725 0.04123823 -8.5556329e-05 3.449449 0.5
19.097935 15.953912 0.099317579 0.035562093 0.592282 0.5
22.311243 9.9615757 -0.00019260833 -0.00024100708 6.045768 0.5
9.8752765 5.0747012 0.018628953 0.029331995 0.890473 0.5
0.96462857 14.279475 -0.060333718 -0.058826055 2.353219 0.5
11.461317 23.122718 -0.01068412 -0.02980356 1.672869 0.5
7.4845612 6.9331599 -0.039718628 0.017712067 4.21507 0.5
4.1590309 9.9477381 0.013041267 -0.037882036 0.4829 0.5
10.594704 26.722183 -0.0089414172 0.0114728 6.274711 0.5
20.587994 24.620271 0.12574072 -0.11743388 1.301021 0.5
3.8194457 16.567793 0.024165915 -0.077252856 3.538852 0.5
18.118297 1.4917044 0.0068055713 0.0038139537 1.72413 0.5
27.33416 12.514048 -0.014388799 -0.0015290062 0.779811 0.5
23.401218 20.28415 0.00019155819 -0.0002422178 1.209651 0.5
7.5334139 18.468409 -0.13683903 -0.16681348 5.377079 0.5
3.6336137 11.61213 0.0042260358 0.0070209517 3.122843 0.5
19.733704 5.0406701 0.0049042404 -0.0082641708 4.105439 0.5
8.1397767 26.020249 -0.030629047 0.024978318 2.246795 0.5
13.24222 18.591287 -0.053253794 -0.11608672 3.468535 0.5
6.9675265 10.906386 -0.014001956 -0.062956192 5.532293 0.5
5.3060587 15.47583 0.022748878 -0.03239587 0.531572 0.5
20.789549 5.7502009 0.0067409798 0.0034891593 5.261584 0.5
10.666868 17.037992 -0.030981305 -0.0036575173 0.040113 0.5
9.7345705 19.391517 0.10880138 -0.013808937 4.576591 0.5
15.527858 20.349367 0.1274313 -0.020443846 0.209824 0.5
20.465635 25.747267 0.15846 -0.00132212 1.770879 0.5
5.0862701 20.078448 -0.0016013341 -0.044936585 4.791815 0.5
8.8718341 13.688698 0.027263208 -0.0041191893 2.522673 0.5
8.8630593 6.5920627 -0.023331009 0.009447149 3.232151 0.5
19.221342 20.195269 0.062907256 -0.21704248 0.943125 0.5
16.16394 3.2627974 0.04640991 0.021706595 1.031271 0.5
3.0168042 18.621159 0.00038379744 -0.082843689 1.523797 0.5
24.703043 14.983045 0.0034076921 0.0091580588 1.787492 0.5
18.463805 17.489763 0.038682666 0.02259078 3.056837 0.5
5.1791722 13.450529 -0.017260506 -0.026247898 3.332967 0.5
10.814686 7.7739073 -0.027157544 0.034405023 3.889918 0.5
6.3056675 24.666331 -0.10040271 0.08647635 1.775857 0.5
16.286325 22.5352 0.014717792 -0.028204938 4.33857 0.5
21.546383 3.6327492 0.0066500342 0.0042933997 2.652322 0.5
4.2549142 14.085197 0.06166285 -0.10528227 1.360759 0.5
22.376024 22.441501 0.15176004 -0.067312209 1.350476 0.5
8.4451314 3.350059 0.0053206938 0.038756782 3.139709 0.5
20.631831 14.730512 -0.011875022 -0.014800537 3.877928 0.5
13.466845 6.9744043 -0.0077094897 0.048497141 4.111005 0.5
7.908516 21.63575 -0.070560174 -0.1465531 4.354529 0.5
20.170508 2.5490482 -0.0057558187 -0.0016290354 1.958136 0.5
12.003084 1.8363855 0.013535609 0.02168721 1.935129 0.5
9.2118925 26.478464 -0.010396201 0.11580365 0.983243 0.5
10.28178 21.987437 -0.028485506 -0.031598912 4.524452 0.5
21.919301 12.640482 0.00032776872 0.014881195 4.628506 0.5
16.848656 8.7130979 -0.0030758359 0.00082173538 4.619789 0.5
8.5885471 5.1571064 0.035003731 0.0034293258 6.246698 0.5
15.902271 26.151473 -0.010928967 -0.015366454 2.597917 0.5
14.898007 10.164244 0.061359249 -0.13027604 5.540445 0.5
20.772248 16.111862 0.086932957 0.012031618 1.135786 0.5
17.542007 16.619506 0.13855917 -0.17209071 0.649744 0.5
19.302991 26.236419 0.064237741 0.007827456 4.647872 0.5
23.128975 6.05324 -0.0001721615 0.0020810288 3.116928 0.5
25.867779 10.151935 -0.00016480951 0.00021101139 1.058365 0.5
12.611767 20.654897 0.080990613 -0.11765898 1.223223 0.5
11.849853 12.212544 0.075083967 0.028745052 6.185729 0.5
1.8009789 11.617852 -0.12657542 -0.002379773 5.03693 0.5
18.983768 14.050251 0.018425141 -0.080803317 0.158334 0.5
3.8507225 15.352783 -0.051255084 -0.0265044 0.09489 0.5
7.001334 20.764121 -0.13743076 -0.10107239 3.182579 0.5
5.8821091 21.152138 -0.03423374 -0.019792212 5.999337 0.5
18.371386 25.552913 -0.035765936 -0.10848502 0.712677 0.5
3.4047251 21.871199 -0.025571331 -0.13401676 1.70588 0.5
19.912637 3.7753435 0.0027850935 0.0088980217 5.092516 0.5
16.216527 11.508684 0.099926276 -0.12863726 0.506989 0.5
7.0762178 25.517722 -0.0015087557 -0.036265777 4.452103 0.5
16.896793 6.7948571 -0.0017604532 0.0015626818 3.429354 0.5
7.4258107 15.721993 -0.029319794 -0.057652465 5.942963 0.5
12.620817 4.3970117 0.048203002 0.02103801 2.062723 0.5
19.160532 8.8752618 0.00073275242 0.0014212356 2.598321 0.5
15.056125 8.2423237 0.011259281 0.022429418 6.159219 0.5
11.546515 5.2580386 0.016644098 -0.00073803768 1.488917 0.5
16.684295 4.6243747 0.024150289 0.040544545 1.927238 0.5
13.241708 23.855816 0.047248146 0.089083872 3.98558 0.5
5.6631166 10.986137 0.032541081 -0.040114788 3.515453 0.5
10.024664 25.547848 0.12064236 0.077586598 3.362574 0.5
14.030233 17.757264 -0.25953519 -0.032150748 2.617045 0.5
23.285959 15.73658 0.00090964507 -1.389007e-05 4.416501 0.5
8.5277556 19.34131 0.031175775 -0.19450756 2.357123 0.5
11.331994 6.3748146 0.0036909802 7.7593596e-05 0.027213 0.5
19.12979 10.682794 0.00019988096 3.2723222e-05 3.270335 0.5
18.938457 22.079317 0.14618085 -0.055993099 5.133302 0.5
14.092634 22.931207 0.068404281 -0.043821271 4.163048 0.5
21.329912 9.0627845 -0.00074754578 -0.0024369415 3.93618 0.5
26.093062 8.7714005 0.004418712 0.0095730787 5.951127 0.5
25.400758 6.9090985 -0.001485503 0.00071561688 4.082451 0.5
16.766607 15.051308 0.23439314 -0.028517697 1.780305 0.5
7.4896641 12.878934 0.09638701 -0.054171432 2.847882 0.5
4.5668944 21.455053 -0.13894032 -0.068667265 1.767937 0.5
3.4384504 19.89241 0.038140083 0.016148072 0.00135 0.5
8.9509022 25.229939 0.0737173 -0.10968993 5.312468 0.5
9.8367464 2.9869411 -0.0077385599 -0.0058594435 0.320289 0.5
2.3695209 17.057839 -0.050382605 -0.069038758 0.581132 0.5
8.1203528 23.16985 0.047249697 -0.061240842 3.087421 0.5
15.320251 23.204264 0.17387043 -0.083791684 3.560403 0.5
6.0479047 14.389648 -0.01315566 -0.015437201 0.555117 0.5
6.9308572 23.675953 0.14616684 -0.11859031 6.220608 0.5
10.915319 2.383722 0.0065062012 0.040013593 5.652715 0.5
7.017105 22.550157 -0.095640061 -0.08097867 0.827952 0.5
14.45087 24.037046 0.072951447 -0.041527037 1.054048 0.5
16.478467 0.85402135 0.030959967 0.010311039 0.319962 0.5
23.954192 10.306942 0.0079744946 0.0042181033 2.464344 0.5
16.147366 16.045595 0.46679528 -0.73136608 3.780782 0.5
25.050393 19.5631 -1.4056289e-06 9.2011623e-07 0.745414 0.5
12.538766 22.827354 0.095607563 -0.085694583 3.348875 0.5
16.342081 13.03633 0.10363145 -0.27055401 5.365761 0.5
24.306424 21.177027 0.09243019 -0.057448175 0.445642 0.5
16.592304 17.438405 0.60208881 0.15233975 2.979068 0.5
11.757435 15.832864 0.041055387 -0.048578293 2.813895 0.5
19.812751 22.753731 0.17907051 -0.08935703 4.039246 0.5
18.008572 24.390944 0.15292898 -0.12200865 4.602055 0.5
22.926696 3.9612053 0.00019639764 0.00010429088 1.676583 0.5
4.4782227 18.855695 0.13159989 -0.013662327 1.207935 0.5
18.061974 4.0476273 0.0087512014 0.0017164152 6.164191 0.5
12.239656 26.09756 -0.09136738 -0.034757248 1.491784 0.5
18.702785 18.864068 0.18348736 -0.038432504 6.269379 0.5
24.972124 9.1987581 0.00017583304 0.00014475505 0.35856 0.5
26.239954 12.981512 0.0015690007 0.0036013396 0.326238 0.5
5.8934323 23.279405 -0.069039255 -0.025081606 1.608548 0.5
18.104395 2.7757805 -0.0023619754 -0.0020517601 2.616667 0.5
22.936528 17.682631 0.13025826 -0.11814447 0.410672 0.5
21.266212 22.124945 0.24706469 0.017614251 3.210668 0.5
10.664715 20.588673 0.13834079 -2.0887521e-05 0.309541 0.5
17.037612 1.9389198 0.063815154 0.025997377 1.761874 0.5
15.084625 21.800953 0.14766211 0.061497833 4.731547 0.5
16.890989 24.880886 0.063139689 -0.21423292 0.313065 0.5
18.213978 26.667779 -0.07294773 -0.030780984 0.087229 0.5
5.4162776 17.927436 0.026153727 -0.16156044 5.713071 0.5
18.002615 20.066686 0.082069846 -0.010225356 0.34983 0.5
8.8155194 7.8092544 0.048684189 0.047484924 2.015368 0.5
17.752731 22.32203 -0.011324761 -0.14695511 0.42176 0.5
4.464998 4.6297401 0.0024223849 0.014685499 5.580866 0.5
7.3267684 9.839758 0.043918948 -0.050036366 4.066321 0.5
12.970534 25.132334 -0.006432051 0.075261153 5.863794 0.5
15.98891 18.81042 0.15538704 -0.17922776 5.355125 0.5
24.48568 11.737813 0.010673731 -0.0090718488 5.404824 0.5
14.392345 6.2082613 0.028539284 -0.012170361 1.361005 0.5
10.651493 3.8637017 -0.027038128 0.059275405 5.19755 0.5
17.905041 5.2228134 0.0058400695 0.0032112945 5.853071 0.5
14.079185 27.219124 -0.043132165 0.030018237 2.830697 0.5
10.780695 13.603691 -0.038504662 0.098679304 3.251414 0.5
14.540972 1.9752868 0.040739567 0.000489492 3.305262 0.5
17.299954 25.998595 0.13386994 -0.06103033 3.841898 0.5
2.3289075 9.3827289 0.023187439 -0.03895505 4.917041 0.5
16.677747 19.820692 0.1577088 -0.0064967189 1.726803 0.5
19.729571 6.2273537 0.0021070967 0.010645633 2.534849 0.5
14.010372 4.5853459 0.022717648 0.015730782 1.985571 0.5
13.754477 8.5437041 0.0057936562 0.022344101 5.636684 0.5
14.134892 25.19297 0.15610497 0.0096613275 0.642493 0.5
22.774775 8.9368814 0.0052219138 0.019823089 5.796573 0.5
19.285386 1.6441386 -0.0064098552 -0.0030832885 4.738871 0.5
21.833719 4.8512842 0.00049737357 0.0056868196 1.568073 0.5
19.673711 23.861343 0.1021667 -0.070160115 2.749741 0.5
4.8731536 7.4674276 0.057854745 0.012851917 1.171823 0.5
13.716811 15.458615 0.084268249 -0.64952777 2.226958 0.5
24.552423 13.067864 -0.0002987705 -0.00078318224 1.548545 0.5
7.2329603 19.64934 -0.0070358896 -0.21924258 3.653333 0.5
15.796493 1.9612302 0.047781209 -0.0068011433 4.394256 0.5
5.7386224 4.1943477 -0.031766816 0.001933862 0.605652 0.5
23.393157 12.727435 0.0036503539 0.0040214192 3.106146 0.5
18.026038 15.154365 0.066204297 -0.06015292 3.095002 0.5
21.87668 18.600767 0.10751184 -0.041616275 1.841384 0.5
11.726019 21.828401 -0.057209976 0.00572802 6.034028 0.5
23.18099 23.816968 0.010233827 -0.10469671 1.857551 0.5
1.1006232 17.259698 -0.063819422 -0.069892174 1.702664 0.5
10.072063 1.1855103 0.03580442 -0.016121402 1.16125 0.5
1.7448247 18.430271 0.12593229 -0.039280321 4.720586 0.5
12.105269 24.189673 -0.053807839 0.076685977 0.205718 0.5
5.0337382 6.2544189 0.017737604 0.047016848 5.820667 0.5
17.102865 18.437642 -0.083656162 -0.0078172549 3.894129 0.5
21.925638 6.5093288 -0.0051626876 -0.0098745632 3.074393 0.5
7.893315 24.609109 0.050991256 0.00057032339 0.467747 0.5
2.6575861 14.682531 -0.006341969 -0.014851046 5.60533 0.5
9.075132 21.322403 0.029357992 -0.13812875 6.227367 0.5
13.429689 2.3440067 -0.011426353 0.0085169656 5.177094 0.5
15.530754 17.201346 -0.053713795 0.12369452 0.203779 0.5
15.330938 27.290882 -0.019876404 0.0011421852 6.095105 0.5
3.9403499 17.865791 -0.091753571 -0.10170652 5.150288 0.5
22.107738 15.851097 0.057536896 0.034916346 3.059892 0.5
2.8763424 13.559639 -0.05232842 -0.030405398 3.692189 0.5
21.309668 17.616334 0.10885706 -0.059968853 3.246869 0.5
15.376298 25.165555 -0.024796306 -0.055053381 2.032293 0.5
17.886483 11.723012 0.19130173 -0.029027981 6.136396 0.5
15.946286 24.186127 0.049978618 -0.061611167 4.563161 0.5
19.24321 12.239471 -0.02874185 -0.056851531 5.916686 0.5
3.8971173 5.597225 0.0093467642 -0.012760486 1.344992 0.5
22.982887 14.016591 0.0088884168 -0.0006994043 3.633442 0.5
16.114561 7.7300909 0.030937565 -0.0078961967 2.78777 0.5
10.567366 24.478448 0.035415257 0.0090413484 1.483056 0.5
6.5038842 16.865231 0.065755911 -0.092363997 0.879468 0.5
0.99479269 15.720142 -0.047969735 0.033096191 4.923104 0.5
5.0973679 16.82833 0.017239398 -0.11196668 5.350229 0.5
16.444064 27.218435 -0.1087537 0.081180927 1.508644 0.5
13.563936 3.522615 0.020283169 -0.012165674 4.32761 0.5
20.814094 23.288335 0.076706104 -0.00042501416 1.3724 0.5
0.84909584 13.13121 0.066405154 -0.12933981 2.64206 0.5
2.140435 15.87064 -0.020220108 -0.03859174 2.466218 0.5
15.080729 0.67283843 0.029547662 0.026298563 0.69625 0.5
7.3567403 2.5465712 -0.011658894 -0.0051529343 0.502972 0.5
19.610152 18.213328 0.022523369 -0.22984909 4.066135 0.5
17.785844 21.145768 0.029058585 -0.037369903 3.026607 0.5
15.237246 7.0304407 0.022653263 0.024787881 6.171553 0.5
25.902861 11.513865 0.00019515159 -8.9833775e-05 3.767955 0.5
9.3962959 24.087165 0.12436157 0.00038351985 5.349705 0.5
11.651451 27.086212 0.018359232 -0.023946934 3.28374 0.5
24.03008 6.9489164 0.0062900838 0.009789677 1.964272 0.5
21.984496 23.529531 0.18162725 0.0090348533 1.170799 0.5
19.447827 25.085895 0.10836927 0.056512858 0.802835 0.5
12.714772 0.80166342 -0.01181288 0.033463352 5.063896 0.5
20.500601 7.1921312 0.0015296672 0.0066402074 2.243796 0.5
4.919226 22.646643 -0.14766977 0.071973891 5.270568 0.5
11.512215 25.240847 0.030562402 0.0018694276 5.757172 0.5
21.922183 11.468511 -0.0035361687 -0.0028812139 5.271397 0.5
2.1253643 19.506568 -0.13710165 -0.22189903 3.151318 0.5
6.921702 4.4620453 -0.028692792 0.035438493 0.221595 0.5
6.4128431 18.673575 -0.10271835 0.0087326444 1.510648 0.5
20.085803 21.65805 0.18581238 -0.014047545 5.29405 0.5
14.32389 20.976615 -0.019622524 -0.014119107 2.737677 0.5
16.576386 21.153074 -0.1127283 0.025515104 4.134415 0.5
25.784983 15.780137 0.00088432449 0.00049133223 1.432456 0.5
21.836599 13.858651 0.042083588 -0.038177895 2.840655 0.5
14.470496 14.240753 0.036786191 -0.045500502 2.899005 0.5
17.153642 23.580252 -0.042241706 -0.076031388 4.137855 0.5
21.884081 7.7829757 0.0083915152 0.0016196881 1.992807 0.5
14.675597 18.696207 0.28828411 0.4196045 0.375558 0.5
14.75484 3.4865766 -0.0054148914 -0.0095271941 0.629977 0.5
12.684697 5.6317711 0.038764681 0.024462119 5.301885 0.5
23.253882 11.304711 -0.000169026 -1.8234776e-07 1.197725 0.5
22.400622 20.995775 0.12344524 0.016264054 2.939026 0.5
10.280125 23.359019 -0.055199116 -0.021593355 3.912909 0.5
21.834574 24.909242 0.1935326 -0.090951382 3.115045 0.5
13.514512 26.129921 0.055331506 0.011387444 1.662001 0.5
12.492885 8.204569 -0.036771835 -0.25077184 0.131507 0.5
