# x y vx vy theta radius
9.1889255 10.229961 -0.60092649 0.60014705 1.1130088 0.5
22.443743 6.448483 -0.010141866 0.064682307 1.764168 0.5
8.1890175 4.8223033 -0.091058727 0.14980124 3.951996 0.5
8.1419103 21.993035 0.0078686168 0.0039325086 4.259518 0.5
19.687832 13.778139 0.042420499 0.012849594 1.882067 0.5
2.9229084 6.7698119 -0.087615313 -0.0014201277 0.92276 0.5
20.713036 14.618931 0.0046761555 0.097076405 4.981497 0.5
19.441819 16.249261 -0.037356331 0.010217646 0.663689 0.5
21.532704 12.198279 0.0098326919 0.0028296594 4.599871 0.5
7.2955916 2.5084422 -0.046433824 0.095445572 3.315122 0.5
24.854933 21.777803 -0.0048468024 0.0092176568 5.224588 0.5
23.875251 15.683872 0.012590479 0.014667899 4.739779 0.5
11.452816 0.82869414 -0.15476928 0.099412093 0.624425 0.5
15.295916 0.89098882 -0.060757515 0.018293494 0.734434 0.5
22.170933 21.960613 0.0076900225 0.013703828 4.989084 0.5
6.5357648 7.518365 -0.26306298 -0.42664476 2.508867 0.5
20.478505 16.951679 -0.015887633 -0.017174288 5.939565 0.5
23.415564 9.7552494 0.034262511 -0.0079341093 0.028815 0.5
27.420039 13.858481 0.010747252 0.033475525 3.449449 0.5
8.1348028 17.557543 0.0061807165 -0.00019272559 0.592282 0.5
16.631541 3.8905321 -0.16685648 0.15722484 6.045768 0.5
3.0911061 10.524543 -0.12194818 0.05606468 0.890473 0.5
15.702861 17.9864 -0.069980135 0.11814648 2.353219 0.5
18.720766 4.8974723 -0.087463629 -0.020530637 1.672869 0.5
15.702384 5.1515611 -0.099847593 -0.01289394 4.21507 0.5
19.517757 19.995598 0.016247829 0.020675649 0.4829 0.5
6.9653106 19.793863 0.00091115542 -0.0078095388 6.274711 0.5
20.3351 6.951938 -0.023295419 -0.022551958 1.301021 0.5
21.981821 13.313727 0.056694113 0.0078078632 3.538852 0.5
23.838795 4.907075 -0.0073582718 0.029861502 1.72413 0.5
22.597979 17.542284 -0.028112183 0.045239201 0.779811 0.5
22.825088 4.0960197 -0.06498569 0.003689292 1.209651 0.5
12.467277 2.1698992 -0.099902343 0.22516998 5.377079 0.5
16.899598 17.721319 -0.033975002 -0.013616994 3.122843 0.5
10.032936 8.0423605 -0.023065126 -0.026787276 4.105439 0.5
26.025771 16.008089 0.0043130307 0.0076609865 2.246795 0.5
14.856313 2.010189 0.045021879 0.17402302 3.468535 0.5
6.1923741 6.0756857 -0.23337648 0.11675196 5.532293 0.5
19.209581 23.348489 0.0028492268 -0.0055437702 0.531572 0.5
24.080987 8.8289524 -0.07478371 0.091824972 5.261584 0.5
4.0952446 15.794314 -0.013765272 -0.002667204 0.040113 0.5
1.9136761 9.8311437 -0.010441278 0.018229076 4.576591 0.5
19.6978 21.859314 -0.03957714 0.046307757 0.209824 0.5
12.360506 23.423986 0.0034200213 -0.0062063376 1.770879 0.5
6.7547872 16.754501 0.0023625569 0.00041888442 4.791815 0.5
24.122094 22.81082 -0.023867014 0.012205224 2.522673 0.5
17.493454 14.764672 -0.017092146 0.006278733 3.232151 0.5
4.1980534 7.5571013 -0.0083648818 0.0053139145 0.943125 0.5
22.992573 23.188748 0.010837547 -0.0013925752 1.031271 0.5
22.009544 14.46126 0.031467374 0.012594962 1.523797 0.5
2.1229606 17.517193 -0.0039872439 -0.010668199 1.787492 0.5
18.371982 20.891332 -0.015016796 0.019739286 3.056837 0.5
4.163657 18.188087 0.0086855084 -0.00726831 3.332967 0.5
17.76925 18.453586 -0.0039117252 0.031141309 3.889918 0.5
8.7644697 15.336619 -0.47449827 0.67590023 1.775857 0.5
7.9035497 9.8223868 -0.092615279 0.007381815 4.33857 0.5
23.651597 10.874703 0.0061408196 0.050084739 2.652322 0.5
22.140649 10.177274 -0.10186594 0.12809399 1.360759 0.5
25.933173 14.543726 0.016196138 0.014471928 1.350476 0.5
8.6535906 3.1250821 -0.34295014 0.016262266 3.139709 0.5
21.912818 19.682936 0.0086160354 0.016789995 3.877928 0.5
25.778055 10.074871 -0.022150345 0.11357281 4.111005 0.5
9.1420901 4.1348452 0.282638 -0.0030428172 4.354529 0.5
23.249323 19.438003 -0.0019645999 0.0042768168 1.958136 0.5
24.989715 15.212095 0.029309648 0.063079956 1.935129 0.5
27.285705 16.006081 0.0020710363 0.028642526 0.983243 0.5
19.095696 10.527306 0.030092675 0.14490498 4.524452 0.5
5.5622461 13.649082 -0.12236186 -0.024221913 4.628506 0.5
18.365522 11.476587 -0.007345993 0.05069994 4.619789 0.5
11.799476 7.4690163 0.031691468 0.098447364 6.246698 0.5
23.080325 13.693551 -0.037390586 0.045615146 2.597917 0.5
26.918798 10.469502 0.031247901 0.052214223 5.540445 0.5
20.767139 13.394449 0.064337972 0.09155211 1.135786 0.5
16.514718 22.059689 0.00093479911 -0.0092586701 0.649744 0.5
15.378573 12.926427 0.011875484 0.029351087 4.647872 0.5
22.630125 11.372875 0.0053842207 0.019963299 3.116928 0.5
3.547039 5.8165071 -0.064158115 0.086002872 1.058365 0.5
24.010926 11.967515 -0.018356208 0.037026656 1.223223 0.5
22.472156 7.6405572 0.10349656 0.025411717 6.185729 0.5
8.8390566 13.38525 0.13581289 0.53191715 5.03693 0.5
13.641412 10.983564 0.037680127 -0.04358169 0.158334 0.5
9.7920061 16.208609 0.010357248 -0.0017430331 0.09489 0.5
4.2917715 20.649114 0.0071121677 0.0027780397 3.182579 0.5
19.582719 17.699369 0.000159119 0.0091257923 5.999337 0.5
23.910912 20.519479 0.015087599 0.0033832474 0.712677 0.5
10.151871 1.2693626 0.08200025 0.12520457 1.70588 0.5
14.563258 19.689291 -0.001205054 0.0019524061 5.092516 0.5
21.200724 8.3131881 0.043156986 0.08193516 0.506989 0.5
17.775593 7.0902647 -0.040564409 0.029356649 4.452103 0.5
12.839933 6.4622084 -0.0081254428 0.081209526 3.429354 0.5
16.557829 1.1840173 0.031764206 0.23953543 5.942963 0.5
11.484295 18.598747 -0.034192675 0.041502761 2.062723 0.5
16.154795 16.872982 0.058620284 0.040273396 2.598321 0.5
17.631623 9.6601099 -0.0630444 0.017797365 6.159219 0.5
19.44072 1.9969857 0.013621253 0.04523048 1.488917 0.5
16.792324 6.3223622 -0.029838934 0.020341281 1.927238 0.5
17.303303 16.445137 0.0098753136 0.0173776 3.98558 0.5
12.790398 0.84001776 0.094687114 -0.048256579 3.515453 0.5
17.161109 13.635093 -0.024608944 0.061780811 3.362574 0.5
11.070761 3.343482 0.014095665 0.10408109 2.617045 0.5
11.175148 2.2483335 -0.052638441 -0.048310993 4.416501 0.5
26.228072 19.440528 -0.01910896 0.011397024 2.357123 0.5
20.57633 19.529629 0.00051415631 0.005577971 0.027213 0.5
24.068911 13.120593 0.005359467 0.068906536 3.270335 0.5
20.959149 18.303005 -0.023467382 0.012791572 5.133302 0.5
21.403864 3.3745458 0.097821292 0.012192784 4.163048 0.5
5.6856886 16.3081 0.0040470554 0.0059855129 3.93618 0.5
3.3608818 9.0498194 0.0052227417 0.12096001 5.951127 0.5
9.9036398 2.6762846 -0.064954243 -0.10210677 4.082451 0.5
23.683391 7.564353 0.021797529 0.086960254 1.780305 0.5
25.777732 17.149829 -0.0034943761 0.015595721 2.847882 0.5
21.60656 16.899581 0.00087889239 0.07969156 1.767937 0.5
3.2624797 12.655362 -0.016975261 0.032977937 0.00135 0.5
18.81102 12.636233 -0.061792894 0.041755732 5.312468 0.5
9.4537722 5.7440572 0.17461669 0.020102195 0.320289 0.5
13.382075 18.367444 -0.011669229 0.0035433172 0.581132 0.5
24.67793 17.502047 -0.0070553107 0.015239334 3.087421 0.5
27.128155 11.576709 0.021532739 -0.0049585736 3.560403 0.5
16.363345 23.899551 0.0025075094 0.0010308878 0.555117 0.5
18.421929 25.931577 0.0051920213 -0.0069737355 6.220608 0.5
15.8588 2.6889213 -0.070004978 -0.020719032 5.652715 0.5
21.354458 10.997022 0.1259744 0.018786058 0.827952 0.5
20.100403 12.50715 -0.029712145 0.089209955 1.054048 0.5
21.598571 15.55579 -0.0089132061 0.047873079 0.319962 0.5
20.612301 4.2892809 0.011030514 0.057201527 2.464344 0.5
0.78263391 15.376804 -0.0065898442 0.00049311561 3.780782 0.5
1.0957036 16.917095 -0.00017478877 -0.00018463953 0.745414 0.5
7.2412759 3.9027486 0.14081618 -0.28950752 3.348875 0.5
5.8149647 22.463673 -0.0053652148 -0.0064302418 5.365761 0.5
26.027392 8.0298866 -0.017309188 0.0075993306 0.445642 0.5
9.4127872 14.513764 -0.11846882 0.52528959 2.979068 0.5
8.3175973 11.954092 -0.074938383 0.2045493 2.813895 0.5
15.214045 22.050237 -0.0091616425 0.017119703 4.039246 0.5
20.462484 15.717588 -0.016869899 0.045364984 4.602055 0.5
9.3468546 6.8582403 -0.047877005 -0.12966631 1.676583 0.5
18.512275 2.7590239 0.038722665 0.20689204 1.207935 0.5
17.275034 2.5423061 0.022699701 0.11541351 6.164191 0.5
2.8937679 15.568224 0.012987519 0.021493368 1.491784 0.5
25.665202 18.454956 0.0060775453 0.026744815 6.269379 0.5
23.428748 21.57918 -0.015606439 0.0016699473 0.35856 0.5
25.111908 19.717961 0.027619674 0.063308105 0.326238 0.5
12.387558 12.945408 0.028246347 0.08402714 1.608548 0.5
14.484384 7.4397 0.0054028717 0.13355481 2.616667 0.5
14.922031 3.2850707 -0.093189879 0.16488056 0.410672 0.5
18.31545 15.878148 0.017543835 0.022282144 3.210668 0.5
20.521742 2.6139606 -0.056339131 -0.026455212 0.309541 0.5
4.7850503 9.0533503 -0.10360371 0.21335194 1.761874 0.5
25.307605 8.9734753 0.022362101 0.051003422 4.731547 0.5
5.3776322 7.9225955 -0.21798747 0.31662913 0.313065 0.5
18.42862 8.1462937 -0.022140084 0.0090095007 0.087229 0.5
8.0932265 5.9187523 -0.032124098 -0.043198303 5.713071 0.5
4.0233805 11.55092 -0.02130731 0.007404494 0.34983 0.5
12.291873 3.3151501 0.049654544 -0.019727836 2.015368 0.5
23.105391 14.865506 0.025164403 -0.0020439392 0.42176 0.5
27.250755 12.706326 0.016476167 0.015618094 5.580866 0.5
21.294848 9.4398247 0.025108224 0.035930842 4.066321 0.5
1.8561239 13.880301 -0.0046635353 -0.0013691387 5.863794 0.5
3.0550701 7.9748527 -0.013265194 0.028859789 5.355125 0.5
6.705261 9.2341351 0.034015779 0.036989832 5.404824 0.5
18.996164 24.780681 0.0019644502 -0.0089018766 1.361005 0.5
16.28087 11.008953 -0.0066931372 -0.022571184 5.19755 0.5
2.184617 11.41284 -0.012622419 -0.024997316 5.853071 0.5
18.469015 13.696113 -0.027566949 0.085858703 2.830697 0.5
26.761022 18.194422 -0.019734383 0.027236714 3.251414 0.5
11.615361 15.84741 -0.041060172 -0.0054697659 3.305262 0.5
5.9018297 9.9898103 -0.39187458 0.36272498 3.841898 0.5
17.56794 22.928216 0.014682254 0.0084038668 4.917041 0.5
18.765273 9.349867 -0.013265242 0.058874612 1.726803 0.5
26.485661 9.1493643 0.11043454 0.083400847 2.534849 0.5
19.957448 5.215351 0.0048682946 0.090228926 1.985571 0.5
20.868256 22.644592 0.0003232847 -0.0031754107 5.636684 0.5
23.577113 6.157492 -0.024565518 -0.072899868 0.642493 0.5
8.9217311 2.0120304 0.017160945 0.0091071642 5.796573 0.5
23.483784 18.311324 -0.02016985 0.035166897 4.738871 0.5
6.3604475 11.907945 -0.34710681 0.45866139 1.568073 0.5
25.08666 12.359712 0.0023168538 0.05967201 2.749741 0.5
15.708278 15.536497 -0.096575993 0.0087833838 1.171823 0.5
20.428223 20.783005 0.026802556 0.0018183636 2.226958 0.5
4.7131358 5.75884 0.052057467 -0.057610442 1.548545 0.5
23.736353 16.828182 -0.0072414438 0.010684102 3.653333 0.5
18.864462 18.732203 -0.015119534 0.085913851 4.394256 0.5
18.497497 17.334324 -0.039869945 -0.0032437358 0.605652 0.5
27.008661 14.906395 -0.016453855 0.015480629 3.106146 0.5
17.337206 20.376849 -0.0029807898 0.013577873 3.095002 0.5
13.653135 2.135986 -0.14704734 -0.032272173 1.841384 0.5
11.56978 6.0568885 0.00044555847 -0.0070963908 6.034028 0.5
5.1714965 6.8166417 -0.27329761 0.087696362 1.857551 0.5
22.795362 5.3332358 0.032304946 0.082411114 1.702664 0.5
24.742712 7.9236291 0.041197941 -0.085712298 1.16125 0.5
18.112489 3.9119632 -0.16154437 0.11287844 4.720586 0.5
4.6909306 12.63565 -0.22295231 0.29437482 0.205718 0.5
25.176686 13.54269 -0.007639526 0.023682569 5.820667 0.5
2.8989753 19.378221 0.019806352 -0.0098195305 3.894129 0.5
14.205682 0.6746535 -0.019011732 -0.010703778 3.074393 0.5
22.916206 8.7459075 -0.0070314807 0.10996895 0.467747 0.5
21.775696 4.5201781 -0.084246059 -0.090252634 5.60533 0.5
24.844932 11.175697 -0.0048203128 0.039740226 6.227367 0.5
13.405761 3.3636121 -0.092885986 -0.021540069 5.177094 0.5
7.9396609 8.1789956 -0.071014409 0.26971529 0.203779 0.5
25.998288 11.168734 -0.041302221 0.027687649 6.095105 0.5
24.260743 14.329362 0.023734357 0.049937653 5.150288 0.5
10.358273 5.0190107 -0.0040488583 -0.03255684 3.059892 0.5
16.221961 14.29959 -0.060479382 0.039999192 3.692189 0.5
9.6934094 11.238512 0.2039916 0.40615135 3.246869 0.5
4.4240733 21.925789 -0.0013005953 0.012472578 2.032293 0.5
3.0903761 16.900806 0.0017214486 0.0020457621 6.136396 0.5
18.969576 14.887771 -0.0070418327 0.019839489 4.563161 0.5
18.908596 7.0072328 -0.07839963 0.013260262 5.916686 0.5
14.964436 14.102818 -0.025476443 0.024119294 1.344992 0.5
19.587871 8.0373729 -0.1240009 0.10628761 3.633442 0.5
24.563477 18.692152 0.030389027 -0.031987942 2.78777 0.5
10.498875 6.4306599 0.03499409 0.048766617 1.483056 0.5
12.09188 4.5968961 -0.023800123 -0.041305134 0.879468 0.5
9.2770372 20.390914 0.0017495669 0.0038180277 4.923104 0.5
24.581576 10.087372 -0.040355871 0.070346396 5.350229 0.5
13.60772 12.858412 -0.030201585 0.031751387 1.508644 0.5
21.365397 5.5777666 0.021364603 -0.052257562 4.32761 0.5
15.5366 27.108559 0.0030925933 -0.0046760766 1.3724 0.5
7.3449465 12.749928 0.0086923351 0.018861099 2.64206 0.5
6.6005709 14.141383 -0.013161337 0.010769883 2.466218 0.5
14.307934 23.516486 -0.0062823598 -0.0071467309 0.69625 0.5
14.87487 17.028125 0.010508812 0.009063449 0.502972 0.5
0.88350604 11.577022 -0.048304916 0.042119752 4.066135 0.5
7.5567843 7.0405027 0.064282841 -0.16790603 3.026607 0.5
21.453203 7.1397834 0.038362917 0.08747659 6.171553 0.5
22.683525 16.262389 0.020276834 0.010791106 3.767955 0.5
19.596244 3.6574143 0.13319763 0.0432714 5.349705 0.5
4.5242353 19.366869 0.010122285 -0.0061512042 3.28374 0.5
25.572145 20.771023 -0.022886575 0.018992144 1.964272 0.5
20.066692 11.331469 0.0030747276 0.055806729 1.170799 0.5
26.344582 13.443389 0.019343416 -0.007267866 0.802835 0.5
16.289757 12.172642 0.015513981 0.0085413462 5.063896 0.5
26.208371 12.293102 0.08752629 0.034438783 2.243796 0.5
24.644713 5.8131361 0.051477419 0.12895544 5.270568 0.5
5.9762329 4.8380124 -0.18349875 0.33691693 5.757172 0.5
2.0599447 8.4978567 -0.0082741219 0.0075175393 5.271397 0.5
27.028262 17.096428 -0.018871313 0.013306791 3.151318 0.5
7.6039039 10.939316 -0.16852893 0.14184291 0.221595 0.5
14.405586 4.3986576 -0.11893507 -0.01934541 1.510648 0.5
10.330071 17.461148 0.070671095 0.15230768 5.29405 0.5
22.221838 18.592465 -0.0076279062 0.037062459 2.737677 0.5
4.8488521 4.3060793 0.049269934 0.13717306 4.134415 0.5
20.322741 10.208582 -0.039744072 0.071722281 1.432456 0.5
5.2307676 15.21174 -0.011711288 0.002229554 2.840655 0.5
7.8167949 14.58936 0.0059025806 0.022246431 2.899005 0.5
5.2940732 11.359752 -0.27733465 -0.21290369 4.137855 0.5
25.428175 6.987998 -0.07834887 -0.0056949558 1.992807 0.5
24.901693 16.332117 -0.00048916254 0.024948527 0.375558 0.5
18.177436 1.4350107 0.16351321 -0.019097865 0.629977 0.5
23.041362 12.533232 -0.02315077 0.013754373 5.301885 0.5
21.683686 20.921951 -0.0033803579 -0.004643664 1.197725 0.5
17.410465 12.368535 -0.079153736 0.086134086 2.939026 0.5
20.075449 9.1128252 0.068710434 0.15309774 3.912909 0.5
18.245937 5.9682742 0.12116598 0.037414608 3.115045 0.5
6.0570703 3.6522623 0.85861765 0.64586335 1.662001 0.5
17.425694 5.0401845 0.065392393 0.046577018 0.131507 0.5
