# x y vx vy theta radius
27.01701 15.968018 0.43935212 -1.1331753 5.2326766 0.5
8.807221 18.176461 0.013708951 -0.0036984412 1.764168 0.5
8.5494293 4.3120596 -0.15942379 0.016405855 3.951996 0.5
7.993401 13.641573 -0.0017341083 -0.0024635461 4.259518 0.5
20.354314 7.7924684 -0.019807381 0.010596849 1.882067 0.5
3.6544312 22.513141 0.0086376795 0.0084641906 0.92276 0.5
5.9005816 12.562192 0.0099529327 -0.018220118 4.981497 0.5
20.311473 21.283224 -0.00039982327 -0.019710084 0.663689 0.5
2.1196024 20.230103 0.029805141 -0.0015598379 4.599871 0.5
11.045854 14.424585 -0.010238791 -0.014283495 3.315122 0.5
4.256634 15.659966 -0.013915172 -0.0071795147 5.224588 0.5
17.770626 24.64266 0.033584243 0.13670995 4.739779 0.5
9.9008912 18.630976 0.013714278 -0.0040909737 0.624425 0.5
7.7431357 15.861168 -0.027119142 0.020272413 0.734434 0.5
9.7883766 24.570642 0.0044509383 -0.01529028 4.989084 0.5
10.565019 23.589621 -0.001909066 0.012720624 2.508867 0.5
2.8678111 13.767361 -0.029747297 -0.015756455 5.939565 0.5
9.6863991 4.1808775 0.0194957 -0.046099406 0.028815 0.5
12.062342 26.207751 -0.0042525355 0.0061350035 3.449449 0.5
11.957454 15.802637 0.0082268686 -0.028226782 0.592282 0.5
10.890441 16.926406 0.013761008 -0.029005008 6.045768 0.5
26.128003 11.135505 -0.12611178 -0.27056966 0.890473 0.5
21.009357 25.010899 -0.014755905 0.071251956 2.353219 0.5
16.663649 25.17637 -0.098133214 -0.036528004 1.672869 0.5
5.8791831 20.339068 0.012565354 0.02595276 4.21507 0.5
15.266841 18.11806 0.029889551 0.0098395118 0.4829 0.5
2.8474911 12.584025 0.01250341 -0.012761017 6.274711 0.5
17.393408 3.4909223 0.068363207 0.048660719 1.301021 0.5
14.635089 25.381706 0.00097635062 -0.0096715338 3.538852 0.5
8.8812186 26.382926 -0.0021471784 -0.0032001761 1.72413 0.5
17.663414 22.533009 -0.10265473 -0.10863719 0.779811 0.5
11.881433 6.0683264 0.0025354319 0.0022886839 1.209651 0.5
2.7250535 9.5073728 -0.023388357 -0.0076177195 5.377079 0.5
12.228534 7.8381507 0.066523113 -0.018327666 3.122843 0.5
15.60065 24.71262 -0.1843147 -0.068599365 4.105439 0.5
1.9180344 11.818587 -0.014193193 -0.018651173 2.246795 0.5
8.9524728 8.1542205 0.00056438456 0.00094967259 3.468535 0.5
3.2392662 6.0992364 -0.010756407 -0.02695623 5.532293 0.5
11.944799 2.8616544 -0.019771457 -0.051160579 0.531572 0.5
21.301132 16.876374 -0.12132989 0.025604275 5.261584 0.5
23.554365 19.332525 -0.037243519 0.12461186 0.040113 0.5
17.702062 25.809453 -0.21407017 -0.21368591 4.576591 0.5
23.936174 22.16855 0.068205638 0.26313465 0.209824 0.5
7.0142284 17.977271 0.0047916052 -0.0025613829 1.770879 0.5
6.871579 19.638506 -0.0027946349 -0.0017770359 4.791815 0.5
20.096121 17.120093 -0.030806346 -0.0091299382 2.522673 0.5
14.642637 27.261637 -0.059152494 0.0074604127 3.232151 0.5
2.7377337 19.286997 -0.025615138 -0.014773558 0.943125 0.5
10.104802 26.815446 -0.0043908637 -0.0062340374 1.031271 0.5
21.628189 15.06256 -0.18162288 -0.17688364 1.523797 0.5
18.835803 22.035971 0.060371514 -0.011846101 1.787492 0.5
10.097052 19.84916 -0.044024438 -0.0039686854 3.056837 0.5
20.910366 22.264982 0.0062476301 0.0044031953 3.332967 0.5
7.1880717 7.3975994 -0.01598818 0.013248969 3.889918 0.5
1.3779516 9.6514709 0.00082248513 -0.0004246251 1.775857 0.5
11.320407 22.760878 0.0079881367 0.028242437 4.33857 0.5
8.9590294 19.359 0.0028439176 0.004254156 2.652322 0.5
3.9012913 13.176615 -0.014021381 -0.013607937 1.360759 0.5
9.8151826 17.477816 0.039313617 -0.012215072 1.350476 0.5
11.319537 9.3044203 -0.0046325857 -0.0014251276 3.139709 0.5
5.8012269 5.5487319 0.026286974 -0.02151157 3.877928 0.5
12.319839 1.7393945 -0.0002183642 -6.7317321e-05 4.111005 0.5
20.146471 25.940133 -0.0011158532 -0.0056684489 4.354529 0.5
15.027982 23.014434 -0.032142736 -0.021597672 1.958136 0.5
5.7166102 17.601397 0.0039457981 -0.00063194423 1.935129 0.5
6.6180133 16.865231 -0.016165871 -0.00041822551 0.983243 0.5
7.2806742 4.1640493 -0.078370463 -0.02400703 4.524452 0.5
15.8459 27.289288 -0.015020796 -0.015598378 4.628506 0.5
7.2688034 10.111626 -0.012582626 -0.015518612 4.619789 0.5
13.268317 20.031222 -0.0037418248 -0.0087958727 6.246698 0.5
3.2421937 17.214588 -0.013649761 0.0074828852 2.597917 0.5
18.666098 18.817884 -0.022798849 -0.046235202 5.540445 0.5
7.6349738 24.772147 -0.0075366675 0.00080220784 1.135786 0.5
1.1471059 17.640445 -0.020732951 0.015598147 0.649744 0.5
12.748953 23.287271 0.032775945 0.016140961 4.647872 0.5
7.3972685 8.9457693 -0.017671064 0.013772475 3.116928 0.5
2.1585147 10.54377 -0.00064267889 -0.0021467153 1.058365 0.5
14.862898 0.94110058 0.0019303795 -0.077737304 1.223223 0.5
10.315813 21.007865 0.00880709 0.0079934912 6.185729 0.5
4.9561065 6.3304187 -0.015885695 -0.018572863 5.03693 0.5
12.313509 10.328165 0.044009233 -0.012393615 0.158334 0.5
10.334963 8.2618689 0.01943364 -0.028273087 0.09489 0.5
8.326266 23.81985 0.0070753021 0.028387694 3.182579 0.5
14.562635 10.911939 0.064959738 -0.014964197 5.999337 0.5
17.436799 12.104404 -0.1489087 0.56359919 0.712677 0.5
8.8150352 25.262184 -0.0067121978 -0.0082055676 1.70588 0.5
6.114264 14.294698 -0.0057582977 0.012236387 5.092516 0.5
18.816437 26.524802 0.007206108 -0.00049401952 0.506989 0.5
4.0488644 12.034518 -0.0034730208 -0.0057457749 4.452103 0.5
11.044727 19.211213 0.013509632 -0.025865637 3.429354 0.5
3.5324228 18.442059 -0.015440799 -0.002565665 5.942963 0.5
13.081703 16.827704 0.019155889 -0.010940602 2.062723 0.5
10.913326 24.67855 -0.009223348 0.0022642156 2.598321 0.5
8.0031707 21.539343 0.0030456693 0.0102763 6.159219 0.5
4.5780561 7.8866405 -0.0097815403 0.017457568 1.488917 0.5
3.8953838 9.7067449 0.0054832902 -0.01707623 1.927238 0.5
4.6707296 23.644497 0.0074415864 -0.013430802 3.98558 0.5
25.666719 19.230227 -0.18781525 -0.04149996 3.515453 0.5
10.243621 10.927981 0.0058972112 -0.018240649 3.362574 0.5
17.803292 21.277589 -0.13377266 -0.13294011 2.617045 0.5
4.6943733 20.462591 -0.0041131815 -0.0233283 4.416501 0.5
5.7776195 23.266969 0.0089035704 -0.0010139709 2.357123 0.5
3.0923174 11.251019 -0.0080077007 0.0011755328 0.027213 0.5
2.4982802 7.1062739 -0.017592341 -0.0037905547 3.270335 0.5
3.6291637 7.2167821 0.0022476905 0.0098806124 5.133302 0.5
4.8871394 9.1494707 0.0011318612 -0.0037616281 4.163048 0.5
9.0305006 11.679474 -0.0073137697 -0.01499424 3.93618 0.5
1.9796174 15.744097 0.00080155562 -0.0015662801 5.951127 0.5
8.8770037 16.633359 0.0035419334 -0.017254109 4.082451 0.5
11.351319 20.321751 0.0059274634 0.00072321949 1.780305 0.5
19.077947 20.665098 -0.0041169136 0.010812305 2.847882 0.5
17.769182 19.91629 0.00041104876 -0.001699198 1.767937 0.5
22.754902 15.804833 0.090898984 -0.1748722 0.00135 0.5
2.1079701 16.962481 0.00045172909 -0.0012569629 5.312468 0.5
4.2893821 21.533463 0.01995826 -0.0071461957 0.320289 0.5
10.312311 15.363779 0.02600258 0.0059461113 0.581132 0.5
7.7784195 25.904963 0.0023737419 0.0096501163 3.087421 0.5
12.144147 18.939046 0.013528451 0.009244653 3.560403 0.5
11.66726 23.837517 -0.0025892585 -0.00068338777 0.555117 0.5
5.1347959 19.416942 0.0086861504 -0.017199273 6.220608 0.5
10.353225 2.5760753 -0.0022717971 0.013650187 5.652715 0.5
0.90998218 15.219577 0.00063211203 0.00073628674 0.827952 0.5
9.8609142 25.713473 0.00043133213 0.010423893 1.054048 0.5
16.59377 26.302124 -0.34139661 0.012058601 0.319962 0.5
1.545222 18.890961 0.0012101166 -0.030160607 2.464344 0.5
5.577751 21.587679 0.0016831916 0.0023518689 3.780782 0.5
13.445565 24.165243 -0.0039192538 0.0096079179 0.745414 0.5
12.639627 5.1474809 -0.19700863 -0.015285139 3.348875 0.5
19.49021 24.29094 -0.097216233 0.060082737 5.365761 0.5
15.044484 6.9821305 -0.10882346 0.0059919083 0.445642 0.5
7.417296 2.3462952 0.0080003409 -0.009449189 2.979068 0.5
21.749069 21.502817 -0.14049294 0.022193935 2.813895 0.5
26.552097 14.027685 -0.18324891 -0.35956954 4.039246 0.5
4.6955749 18.343998 0.021265539 0.012393792 4.602055 0.5
21.435965 5.5316613 0.082973758 0.085931346 1.676583 0.5
6.4990138 15.381804 0.0055458039 0.016459696 1.207935 0.5
6.5289669 25.17066 -0.0012855366 0.0025683474 6.164191 0.5
3.6080368 8.5736789 0.0015997715 0.00055481072 1.491784 0.5
13.298807 18.375869 -0.0058561979 -0.0222695 6.269379 0.5
0.93837809 16.397183 -0.0009413882 0.0019532887 0.35856 0.5
22.220645 22.965305 -0.36914864 0.34070682 0.326238 0.5
9.6764454 9.1967121 -0.0072016726 -0.0047345724 1.608548 0.5
13.592169 21.981818 -0.0010424445 -0.021842956 2.616667 0.5
22.758282 20.507383 0.032355475 -0.072959352 0.410672 0.5
13.784161 26.300699 -0.014901864 -0.0034159027 3.210668 0.5
12.330547 27.301431 0.0080748813 0.0066468288 0.309541 0.5
8.668395 22.539865 -0.0041459271 0.012754294 1.761874 0.5
15.314239 20.193049 0.0063088802 0.0030477272 4.731547 0.5
11.200066 27.080857 -0.0005361523 0.00017600403 0.313065 0.5
7.5488315 22.663726 -0.024215668 0.01605314 0.087229 0.5
10.43343 6.1920693 -0.0026633259 -0.029257224 5.713071 0.5
6.8441895 23.794462 -0.013496967 0.0070530593 0.34983 0.5
9.2731701 2.1199107 -0.019401065 -0.0079643438 2.015368 0.5
13.453609 27.389037 0.0061741506 0.0009770577 0.42176 0.5
3.160877 16.043411 -0.013649724 0.0012021305 5.580866 0.5
25.293023 21.285281 -0.21698452 -0.033109937 4.066321 0.5
8.2058776 6.0293841 -0.038157199 0.1386627 5.863794 0.5
7.761063 11.747338 0.0052646355 0.0011790841 5.355125 0.5
6.4004921 11.514245 0.0011709209 0.010039584 5.404824 0.5
21.016639 20.046236 -0.45117961 -0.058414255 1.361005 0.5
5.1764411 11.6672 -0.012403627 0.003703583 5.19755 0.5
4.3701022 5.235828 0.0034751293 -0.0015605376 5.853071 0.5
13.897894 23.063672 -0.01243744 0.023314561 2.830697 0.5
5.735106 7.8020936 -0.011430638 -0.005031144 3.251414 0.5
10.111785 12.121099 -0.0055546722 -0.037826083 3.305262 0.5
5.5895965 24.458247 0.012839366 0.016248205 3.841898 0.5
20.300159 4.2277195 0.0099901995 -0.034783958 4.917041 0.5
2.0114565 14.52475 0.0016139597 0.010654234 1.726803 0.5
18.776116 25.217799 0.033636153 0.043243501 2.534849 0.5
9.3384645 21.623292 -0.010234142 0.009719591 1.985571 0.5
12.012161 24.977183 -0.0060461029 0.031392052 5.636684 0.5
19.656937 5.7459873 -0.043383752 -0.093056618 0.642493 0.5
5.2591125 15.027493 -0.017246074 -0.0073191687 5.796573 0.5
13.261161 25.307816 0.0080615497 -0.02934873 4.738871 0.5
14.927292 15.297597 -0.039636127 -0.072344833 1.568073 0.5
10.202593 1.197315 0.030521148 0.06866126 2.749741 0.5
13.99855 17.490746 0.00956853 -0.0051648515 1.171823 0.5
17.344012 15.378622 0.00216544 -0.0039131144 2.226958 0.5
3.1552631 14.87259 -0.014780442 -0.024781923 1.548545 0.5
6.6043465 3.1871278 -0.024418922 -0.021482234 3.653333 0.5
16.485929 22.362619 -0.0018896004 0.028653999 4.394256 0.5
14.383853 20.900678 -0.0010828449 -0.0064095514 0.605652 0.5
21.086208 2.8061249 -0.00076163396 -0.00091759197 3.106146 0.5
9.4455477 23.361618 0.021981123 0.0065334749 3.095002 0.5
12.335873 22.124667 0.0029012376 0.016289453 1.841384 0.5
7.3524387 14.608428 -1.6876086e-05 -0.00082107158 6.034028 0.5
10.194368 22.461391 -0.0050225951 -0.0090187525 1.857551 0.5
9.0927752 20.480738 0.0021302756 0.00012536764 1.702664 0.5
13.078881 2.83459 -0.14441148 0.0041225316 1.16125 0.5
20.234729 8.9738919 0.013470311 0.0018859255 4.720586 0.5
5.2470168 13.566174 -0.0064445946 -0.016888278 0.205718 0.5
10.760406 3.6643815 0.065417388 -0.03458833 5.820667 0.5
0.93289772 11.201879 -0.015263727 -0.011021312 3.894129 0.5
5.5416209 3.6991632 0.003723068 -0.0023457126 3.074393 0.5
14.651266 24.100467 -0.00023918696 -0.015513872 0.467747 0.5
8.4873551 9.3566429 -0.008325887 -0.0080705356 5.60533 0.5
14.355267 2.3298392 0.00093140295 -0.063975309 6.227367 0.5
8.9013925 14.806668 0.0051290335 0.004370805 5.177094 0.5
11.017622 18.054277 0.02244739 -0.0046282415 0.203779 0.5
2.4302059 18.061531 0.00051344813 -0.0017872776 6.095105 0.5
16.104617 19.005262 -0.040946123 0.017323127 5.150288 0.5
5.4689323 10.404803 -0.00046592188 -0.013629465 3.059892 0.5
14.379778 19.142074 0.0063668955 -0.0059463625 3.692189 0.5
23.71585 14.37335 -0.27479544 0.0079830235 3.246869 0.5
6.1751166 6.7253957 -0.016368206 -0.0026504283 2.032293 0.5
18.373334 23.552504 -0.055089419 -0.046825778 6.136396 0.5
12.419525 20.902973 0.034905803 -0.0038809349 4.563161 0.5
2.9308024 21.572675 -0.0039364507 -0.0042888443 5.916686 0.5
4.2742828 14.254902 -0.011420655 0.0021222036 1.344992 0.5
6.4639352 22.323044 0.015707379 -0.013952771 3.633442 0.5
10.978417 25.829556 0.020988514 -0.00062680696 2.78777 0.5
11.166271 7.0595026 -0.00015424825 0.00094776352 1.483056 0.5
6.8303115 21.07554 -0.0070968965 0.0065849954 0.879468 0.5
4.8509403 22.523552 -0.0050381066 0.034740475 4.923104 0.5
7.791952 17.048167 -0.021866795 0.0012529699 5.350229 0.5
15.192965 3.3017985 -0.050056999 -0.014373139 1.508644 0.5
22.397632 18.910654 -0.035128871 -0.028991915 4.32761 0.5
16.220385 2.2749615 0.064891912 0.016185944 1.3724 0.5
0.69168991 12.491121 0.0002691527 0.00025234882 2.64206 0.5
6.3337313 9.4168672 0.0005510971 -0.0015011707 2.466218 0.5
4.3022554 16.844355 -0.019454297 -0.02884691 0.69625 0.5
24.010976 16.610686 -0.14882608 -0.28615469 0.502972 0.5
11.33089 21.629119 -0.021440705 0.001031618 4.066135 0.5
19.900522 18.627067 -0.0099554007 -0.028545062 3.026607 0.5
15.429851 26.236267 -0.0034573624 -0.0019566203 6.171553 0.5
22.106864 7.2504697 -0.015802569 -0.0054223774 3.767955 0.5
7.8906308 20.329994 0.010552676 0.0038498772 5.349705 0.5
5.4489578 16.200687 0.034740308 0.015400021 3.28374 0.5
4.1950288 10.869643 -0.0013969321 -0.002859073 1.964272 0.5
16.178697 21.133073 -0.028323294 0.015819938 1.170799 0.5
3.9200387 19.554236 0.016758 -0.0019733953 0.802835 0.5
21.186002 23.810864 0.062396475 -0.021081661 5.063896 0.5
7.756301 18.838221 -0.011448637 -0.012505124 2.243796 0.5
17.538205 26.970352 0.06380237 0.069069401 5.270568 0.5
22.345356 24.385091 0.0074069065 -0.038273651 5.757172 0.5
15.055105 21.839507 -0.020942287 -0.0031512247 5.271397 0.5
7.0989202 5.6923814 -0.13302964 -0.048967371 3.151318 0.5
16.580087 11.335945 -0.67249682 -0.2825852 0.221595 0.5
16.301657 23.803301 -0.00045945695 -0.0010223962 1.510648 0.5
12.316427 17.67294 0.016484641 0.0047942312 5.29405 0.5
3.2251699 20.489875 0.0055576569 0.00013393259 2.737677 0.5
23.831158 8.3043025 -0.0025597794 0.0028987747 4.134415 0.5
7.1366069 12.886868 -0.00019312245 -0.0019103745 1.432456 0.5
1.5254313 13.369828 -0.0066738363 -0.011755429 2.840655 0.5
22.639646 3.7596059 0.045280108 0.053932355 2.899005 0.5
11.81092 4.3446432 0.036084175 -0.024477736 4.137855 0.5
8.7942669 12.843346 0.0016777789 0.0031777418 1.992807 0.5
21.328085 18.050238 -0.0785143 -0.063772649 0.375558 0.5
11.129017 13.288803 0.017847938 -0.045655296 0.629977 0.5
6.0841087 18.787621 0.014783951 0.0016354086 5.301885 0.5
9.5649746 13.800908 -0.012391526 -0.017577228 1.197725 0.5
19.711935 23.166378 0.058030924 -0.026176971 2.939026 0.5
17.25066 17.424135 0.027749219 -0.041618946 3.912909 0.5
21.85422 8.8185345 0.083391383 -0.0078809934 3.115045 0.5
2.2751081 8.3787043 -0.0010922093 -0.0026801162 1.662001 0.5
0.58493625 14.07883 -0.023601039 0.018937706 0.131507 0.5
