# x y vx vy theta radius
15.865658 22.445771 1.1579358 1.1308548 1.60487 0.5
5.4753252 15.384254 -0.09303075 -0.01250444 1.764168 0.5
8.8567229 17.31669 -0.12439095 -0.026939674 3.951996 0.5
18.345203 24.631219 0.30705113 -0.022485052 4.259518 0.5
16.013998 4.4331656 -0.0037036304 0.00035285132 1.882067 0.5
17.788183 12.907954 0.009744477 -0.25249168 0.92276 0.5
7.9379132 16.537637 0.071520592 -0.065835065 4.981497 0.5
15.797017 11.785476 0.063089663 -0.08072089 0.663689 0.5
10.595035 12.801575 -0.022707244 -0.0072030356 4.599871 0.5
4.0906587 5.0470035 -4.2113749e-05 1.6866421e-05 3.315122 0.5
3.7651577 10.299473 -0.021564065 -0.025288372 5.224588 0.5
13.288934 3.0218159 0.0020564315 0.00085527293 4.739779 0.5
11.87864 5.6763604 -0.002801696 0.0073381482 0.624425 0.5
11.946868 4.1351204 8.7058308e-05 5.5425238e-05 0.734434 0.5
16.479957 16.04619 -0.033929422 -0.059928643 4.989084 0.5
10.657251 3.7215088 -0.00065387019 -0.003995726 2.508867 0.5
15.97852 10.153101 -0.035632767 -0.0081693955 5.939565 0.5
12.24134 24.211626 0.15965302 0.0031895039 0.028815 0.5
11.281021 22.902488 -0.021744673 -0.087762584 3.449449 0.5
8.871233 7.6375281 0.01016423 -0.026237127 0.592282 0.5
10.11274 10.23177 0.03728151 -0.013013869 6.045768 0.5
8.3130416 2.0506642 -0.011495908 -0.0029679042 0.890473 0.5
15.344285 6.5950442 -0.033740552 -0.041902017 2.353219 0.5
14.835602 18.535135 -0.02713867 -0.00100237 1.672869 0.5
10.49546 9.0945748 -0.024468503 -0.010497681 4.21507 0.5
9.4411734 6.5923147 -5.7545597e-05 -1.9623218e-05 0.4829 0.5
6.0409074 6.4529029 2.3341196e-05 0.00019760498 6.274711 0.5
6.7194383 15.676305 -0.013768064 -0.10595227 1.301021 0.5
4.5182379 6.4596143 -7.2025307e-05 0.00011397245 3.538852 0.5
5.7030675 11.20474 0.01212189 -0.040602193 1.72413 0.5
18.060388 15.57486 0.053556516 -0.055924922 0.779811 0.5
13.007284 7.9332645 -0.00023839574 8.9140037e-05 1.209651 0.5
18.888267 23.542192 0.066282149 -0.15375864 5.377079 0.5
15.126611 8.4787704 -0.00016598305 0.0098637189 3.122843 0.5
7.3455269 5.0451713 -9.865199e-05 -6.7452023e-05 4.105439 0.5
5.947661 3.5001549 -3.8728246e-05 -8.0952405e-05 2.246795 0.5
12.727177 27.199435 -0.076974293 -0.22675218 3.468535 0.5
25.611053 8.0281882 0.001260613 -0.010711457 5.532293 0.5
14.068295 8.9116766 0.033676969 -0.0081143658 0.531572 0.5
12.920918 19.927097 0.040412374 0.069801768 5.261584 0.5
6.4243707 20.311484 -0.020581218 0.021879242 0.040113 0.5
1.8632531 19.536565 0.049544055 0.0013139202 4.576591 0.5
21.698857 13.902055 -0.037936734 -0.019691288 0.209824 0.5
10.158292 19.481614 -0.11758888 -0.069814417 1.770879 0.5
22.492199 11.46554 -0.020391347 -0.057737859 4.791815 0.5
13.925279 26.882936 0.11311027 0.17458439 2.522673 0.5
6.1521336 4.8586894 -1.8556744e-05 4.2047506e-05 3.232151 0.5
7.9021804 9.6702006 -0.034100267 -0.013810376 0.943125 0.5
2.3852125 20.6651 0.13099774 -0.063862474 1.031271 0.5
8.5840591 23.452749 0.045301322 0.034893272 1.523797 0.5
4.9761158 8.5021315 0.00040635397 0.00055488722 1.787492 0.5
5.8456275 9.2135455 -0.016103011 -0.0014213824 3.056837 0.5
7.0408713 19.112395 0.095842747 0.1652488 3.332967 0.5
8.5148249 18.443931 -0.098944455 -0.13309713 3.889918 0.5
2.8461143 7.022571 -0.010851237 -0.0054972953 1.775857 0.5
18.424523 8.7859777 0.036004807 -0.010687739 4.33857 0.5
22.440431 16.481435 -0.025196645 -0.0057199431 2.652322 0.5
22.17782 24.107136 0.076768274 -0.035247482 1.360759 0.5
6.3986331 7.9030429 0.00018469918 0.00017155191 1.350476 0.5
14.51655 17.101514 0.058599338 4.4908135e-05 3.139709 0.5
5.184 18.192837 -0.21051277 -0.16729394 3.877928 0.5
2.2326941 10.188923 -0.0082961827 -0.021609005 4.111005 0.5
0.77072267 13.508916 -0.019793465 -0.028582636 4.354529 0.5
13.4801 4.5100163 -0.0022919256 -0.0045540615 1.958136 0.5
16.601044 2.132164 -0.00076223794 -0.0070286159 1.935129 0.5
25.103658 14.683874 -0.00783989 0.0029792326 0.983243 0.5
5.8814808 24.415055 0.12706928 -0.07484949 4.524452 0.5
23.701251 7.6129965 -0.006851927 -0.0054456397 4.628506 0.5
1.8933111 8.2225429 -5.5020917e-05 3.2429223e-05 4.619789 0.5
22.655108 9.2623797 -0.0078739472 -0.0063648799 6.246698 0.5
4.5331245 13.227002 0.003511316 0.0024712074 2.597917 0.5
15.737457 16.958789 0.04217463 0.013249972 5.540445 0.5
5.9166262 19.240279 -0.13777959 0.016309001 1.135786 0.5
7.898007 15.367698 -0.059024579 -0.11208156 0.649744 0.5
7.335123 10.961707 -0.0016297277 0.006932158 4.647872 0.5
10.548837 6.1354589 9.5589464e-05 6.8130715e-05 3.116928 0.5
7.138569 13.424125 -0.0042061369 -0.024520106 1.058365 0.5
1.8499507 11.344397 -0.011150295 -0.016370072 1.223223 0.5
14.449267 10.172571 0.013467158 -0.063363388 6.185729 0.5
9.0276801 9.8259702 0.00048001492 -0.10140548 5.03693 0.5
2.8988287 9.2871367 0.0079455369 -0.0023122193 0.158334 0.5
7.6794153 20.581263 -0.025361035 -0.07262085 0.09489 0.5
4.2630776 15.845055 0.22702889 -0.17807842 3.182579 0.5
6.5951553 10.10905 0.011625231 -0.054716368 5.999337 0.5
10.645258 2.3245262 -0.0067038899 -0.00095810263 0.712677 0.5
4.2235868 19.588299 -0.084665927 -0.14813821 1.70588 0.5
5.3563695 7.3558406 5.5626928e-05 0.00016998739 5.092516 0.5
5.4654308 14.189358 0.035220331 -0.14287077 0.506989 0.5
6.8716801 25.086254 0.025232844 -0.027507303 4.452103 0.5
3.5757413 20.57198 -0.061296699 -0.085430674 3.429354 0.5
8.3616863 21.94931 0.04153 -0.18887867 5.942963 0.5
23.098111 6.5950996 0.021476203 0.01884191 2.062723 0.5
3.0810647 21.64395 0.023052809 -0.2184512 2.598321 0.5
5.9945863 21.60998 -0.23130079 -0.026164829 6.159219 0.5
3.9543274 22.904153 -0.0025288674 -0.012793208 1.488917 0.5
7.0366749 3.8888174 0.00019577916 0.00013017025 1.927238 0.5
4.4610217 21.382413 -0.018382207 -0.19917041 3.98558 0.5
16.709715 25.285112 -0.3080517 -0.14888966 3.515453 0.5
19.427988 6.7875418 -0.012419645 0.005414739 3.362574 0.5
11.353888 16.020214 0.0045880704 0.02444813 2.617045 0.5
5.2536229 5.5948988 -0.00024357226 6.6366012e-05 4.416501 0.5
6.5877976 11.924883 -0.002708615 -0.0031495195 2.357123 0.5
4.1922082 7.6243644 -0.015981792 -0.017679919 0.027213 0.5
5.2231675 20.316011 -0.10903927 0.030063809 3.270335 0.5
12.353374 6.7393124 0.00015219768 -4.0017193e-06 5.133302 0.5
11.665984 9.4690212 -0.0063083121 -0.018906122 4.163048 0.5
12.801014 14.551971 -0.029463524 -0.084587893 3.93618 0.5
11.955267 1.0045007 0.0026516885 -0.0072230453 5.951127 0.5
9.4383713 15.993292 -0.15004835 -0.0121465 4.082451 0.5
20.360325 24.10638 0.10128609 -0.31509333 1.780305 0.5
0.7171721 16.012874 -0.41130641 -0.023703849 2.847882 0.5
11.821072 18.89603 0.14251595 -0.078459858 1.767937 0.5
3.4585362 14.227712 -0.096330446 -0.036142729 0.00135 0.5
8.1455952 19.494678 0.0084089452 0.012074029 5.312468 0.5
4.4531581 14.762392 0.0010515673 -0.15049813 0.320289 0.5
24.652762 11.267553 -0.034928781 -0.021353006 0.581132 0.5
5.5399276 16.619358 -0.19662694 0.10831648 3.087421 0.5
3.2795004 13.121024 -0.0087698748 -0.0055312227 3.560403 0.5
10.222989 20.972939 0.064306191 -0.039422318 0.555117 0.5
0.99112565 17.294213 -0.061814109 0.045007558 6.220608 0.5
1.7898236 15.469095 0.088387035 -0.094493833 5.652715 0.5
25.756617 13.404414 -0.020525038 -0.01927667 0.827952 0.5
1.0989162 10.502444 -0.032034287 0.0077941718 1.054048 0.5
16.780359 24.150328 0.15393638 0.02505761 0.319962 0.5
7.5028499 17.944306 -0.0045590592 0.05044673 2.464344 0.5
6.2764842 17.922594 -0.22194976 -0.49087738 3.780782 0.5
11.315116 27.018805 0.26582154 0.24943722 0.745414 0.5
6.7708098 16.807279 -0.21661294 0.039826239 3.348875 0.5
11.481289 17.627297 0.084323572 -0.10589714 5.365761 0.5
8.5515508 26.198273 -0.062092399 -0.13862837 0.445642 0.5
6.2056948 23.054914 -0.069402366 -0.17548972 2.979068 0.5
10.687702 4.9423534 -0.00021036503 -0.0010792695 2.813895 0.5
8.9856756 10.949764 0.027382428 -0.01067919 4.039246 0.5
27.393931 14.088353 0.006895169 0.0045757093 4.602055 0.5
12.728033 11.484495 0.1453897 -0.26720743 1.676583 0.5
7.1676965 6.1728022 -1.0360855e-05 0.00019304286 1.207935 0.5
9.4675021 24.286853 0.15361739 0.17686919 6.164191 0.5
17.426536 5.2687638 -0.024706229 -0.0016588362 1.491784 0.5
18.919242 1.9667846 -0.013682616 -0.016945785 6.269379 0.5
11.656669 20.519185 0.061180664 -0.30213703 0.35856 0.5
3.7681508 18.347851 0.054326273 -0.078999445 0.326238 0.5
15.29857 14.673042 -0.014867781 -0.11919954 1.608548 0.5
12.19867 12.454255 0.083748137 0.012058348 2.616667 0.5
12.826225 15.681993 0.31636506 0.066626604 0.410672 0.5
24.123432 19.651595 -0.009041088 0.0024349379 3.210668 0.5
16.850603 14.46696 0.031105761 0.065450883 0.309541 0.5
18.958732 13.041358 0.1905956 -0.03677114 1.761874 0.5
14.70231 4.0571902 7.1764278e-05 0.00014528729 4.731547 0.5
9.4988505 2.9862751 -9.5194204e-06 0.00013327908 0.313065 0.5
25.390641 16.379696 0.038594933 -0.0082921361 0.087229 0.5
0.97793866 12.316851 1.4584043e-05 -6.5907925e-06 5.713071 0.5
20.907932 8.2162187 -0.017206726 -0.0050928712 0.34983 0.5
23.533585 15.431141 -0.0060798798 -0.0083961562 2.015368 0.5
7.9795808 11.875914 -0.014966968 -0.055793115 0.42176 0.5
14.799843 25.145352 0.21771984 0.017295661 5.580866 0.5
4.0703648 9.1689215 -0.0028068581 0.0019582609 4.066321 0.5
10.28048 25.431129 -0.012633195 -0.022432513 5.863794 0.5
4.5487318 11.160089 0.020112189 -0.016524003 5.355125 0.5
2.6909546 17.943846 -0.22422002 -0.078853451 5.404824 0.5
16.90959 11.068538 -0.083087193 -0.075554558 1.361005 0.5
14.196706 20.115969 0.0127724 -0.19480908 5.19755 0.5
10.097857 11.410461 -0.17630343 -0.078010318 5.853071 0.5
8.994993 20.43897 0.054061984 0.061196554 2.830697 0.5
13.445724 24.636846 0.15711943 -0.21359165 3.251414 0.5
3.0980387 11.22068 4.5268116e-05 0.00099068086 3.305262 0.5
5.9609598 13.188314 -0.045580623 -0.081461002 3.841898 0.5
18.278905 10.485534 0.020345358 -0.033275779 4.917041 0.5
11.266991 10.66693 0.010877084 -0.13665973 1.726803 0.5
8.2232056 6.6389668 -2.4202001e-06 0.00015587468 2.534849 0.5
16.833892 18.205785 0.018516223 0.034919699 1.985571 0.5
10.672892 7.6679245 0.00010124504 -2.6879954e-05 5.636684 0.5
16.84505 9.0098571 -0.0025200822 -0.0073583829 0.642493 0.5
10.066615 22.160461 0.021892176 0.11213974 5.796573 0.5
14.012992 14.13131 0.027967973 -0.01886245 4.738871 0.5
23.990429 10.131202 -0.009887712 0.0049258178 1.568073 0.5
15.577236 26.527935 -0.11652059 -0.24751492 2.749741 0.5
22.985175 17.551902 -0.0082033626 0.012276262 1.171823 0.5
2.2845701 14.383699 -0.10814198 -0.025573263 2.226958 0.5
22.803667 12.663202 -0.041974941 -0.047320168 1.548545 0.5
15.195373 2.6766602 2.9576615e-05 0.00027955969 3.653333 0.5
21.855658 5.8564126 -0.010793259 -0.0033909948 4.394256 0.5
13.78352 5.7133777 -0.0068790554 0.001604003 0.605652 0.5
16.220028 7.5042351 0.016283732 -0.0097467951 3.106146 0.5
8.2126163 14.22165 -0.0066672302 -0.049658826 3.095002 0.5
7.2898979 23.933461 -0.26794696 -0.27193912 1.841384 0.5
6.9669357 8.9328316 0.0019657012 -0.024767191 6.034028 0.5
4.8977967 10.076658 2.4765005e-07 -8.3664676e-06 1.857551 0.5
9.1190972 12.202296 -0.01858317 0.0144859 1.702664 0.5
8.0715611 3.1828428 -0.0024333033 0.010630637 1.16125 0.5
3.112433 8.1371024 0.0076630796 -0.0011748948 4.720586 0.5
9.5238765 14.787761 0.019003099 -0.18880945 0.205718 0.5
12.111546 25.85608 -0.25711514 -0.017840393 5.820667 0.5
3.9390049 12.158732 0.002148949 0.0042344049 3.894129 0.5
25.437557 9.9410511 -0.007376652 -0.033093974 3.074393 0.5
17.151604 1.0842446 0.0050361883 -0.0092780498 0.467747 0.5
2.9910473 15.264163 0.16846464 -0.15346952 5.60533 0.5
9.4431063 13.518041 -0.18220155 -0.1016609 6.227367 0.5
19.370487 9.6648459 0.080295015 -0.062917613 5.177094 0.5
20.425964 4.1393519 -0.019942437 0.0023900071 0.203779 0.5
3.4190053 6.0235292 0.007067107 -0.012789796 6.095105 0.5
9.5508832 4.1640953 0.00014548945 -9.6835672e-06 5.150288 0.5
0.87316198 14.812404 -0.089723921 -0.08082996 3.059892 0.5
8.4648101 8.6815182 0.0053017287 -0.0024268945 3.692189 0.5
14.349308 15.829492 0.023157044 -0.08929794 3.246869 0.5
27.074017 12.570412 -0.00015895337 -0.0039426677 2.032293 0.5
7.6509773 7.8176265 -4.2434483e-05 -3.5431558e-05 6.136396 0.5
5.2407056 12.254593 -0.031480168 -0.0329237 4.563161 0.5
24.208171 5.7826134 -0.0032154268 -0.0065988684 5.916686 0.5
2.0931347 16.667657 0.011803696 0.016289748 1.344992 0.5
14.013002 11.544015 -0.017831603 -0.0054900023 3.633442 0.5
24.248938 12.428806 -0.012632103 0.0043935327 2.78777 0.5
10.195275 23.396532 -0.15522323 -0.10988753 1.483056 0.5
5.1400401 22.434164 -0.25734784 0.23100086 0.879468 0.5
13.709292 1.9540183 0.002066167 -0.0054018843 4.923104 0.5
2.528953 12.268712 0.027613007 -0.01832436 5.350229 0.5
8.2947892 13.009164 -0.046191218 0.0034586302 1.508644 0.5
14.847789 0.95561683 0.00060258479 0.0074288328 4.32761 0.5
13.169706 0.60593026 -3.2134852e-05 0.0023562986 1.3724 0.5
20.073495 14.212128 0.0076139347 -0.0024663243 2.64206 0.5
8.0002873 24.890939 -0.12855275 0.01203366 2.466218 0.5
10.118704 26.507034 0.15275502 -0.31929127 0.69625 0.5
24.789882 18.440163 -0.007274558 0.014651751 0.502972 0.5
7.6213697 22.842148 -0.19908626 -0.46694171 4.066135 0.5
12.815782 9.1895888 0.014978733 -0.00868408 3.026607 0.5
1.9346163 13.333082 -0.068234423 -0.1655927 6.171553 0.5
8.3775859 4.2707062 0.00016489894 -5.9902787e-05 3.767955 0.5
11.162538 11.818539 0.00989084 0.055022509 5.349705 0.5
9.6785773 18.217325 0.0054529431 0.024954819 3.28374 0.5
9.6095684 5.2995886 -0.00088206209 0.0017626296 1.964272 0.5
4.9884708 4.197555 -0.00012085882 -0.00011547254 1.170799 0.5
11.795946 2.5339389 -0.0010705375 0.010141655 0.802835 0.5
1.4679771 18.327864 0.0292367 0.02112852 5.063896 0.5
4.7932859 23.673976 0.020964254 0.0093466638 2.243796 0.5
10.731768 1.2017832 -0.0029272102 0.0082445007 5.270568 0.5
9.5095432 1.4182751 -0.00059438863 -0.0017181215 5.757172 0.5
27.110183 15.49386 0.027457152 0.012014528 5.271397 0.5
6.7785006 14.484309 -0.019804564 0.032568097 3.151318 0.5
27.061996 11.089088 0.019399651 0.0016715714 0.221595 0.5
20.667365 25.491737 0.19529032 -0.33888167 1.510648 0.5
13.796974 6.9997499 -0.00094329588 0.0069274419 5.29405 0.5
12.097826 13.684357 0.15079457 -0.13034145 2.737677 0.5
14.374499 12.898448 0.032015651 -0.055131386 4.134415 0.5
13.209433 25.934106 0.045697394 -0.49918698 1.432456 0.5
7.254903 21.616736 0.19059081 -0.071584118 2.840655 0.5
16.880079 6.4180642 -0.0012612355 -0.0022341231 2.899005 0.5
7.1464014 2.4413978 -2.2386163e-05 1.2069117e-05 4.137855 0.5
1.4072299 9.333536 -1.9991155e-08 -2.6222227e-05 1.992807 0.5
23.314659 4.6000805 -0.011084271 0.0048934556 0.375558 0.5
10.41495 16.839728 -0.041006773 0.010076156 0.629977 0.5
4.2958428 17.22547 -0.1581725 -0.12543441 5.301885 0.5
10.473786 13.918014 -0.0096451607 -0.15830621 1.197725 0.5
8.4931883 5.4116966 -0.0058602428 0.00061131613 2.939026 0.5
2.9767817 19.417961 -0.10585901 0.13599973 3.912909 0.5
13.284188 18.231101 -0.016844161 0.0511978 3.115045 0.5
26.634928 9.8523722 0.0011144168 -0.033312541 1.662001 0.5
11.362071 14.74836 -0.015982338 -0.011940678 0.131507 0.5
