# x y vx vy theta radius
15.286884 13.827819 1.3916412 0.14737751 1.3430278 0.5
15.394214 0.65488538 0.056758913 -0.051731755 1.764168 0.5
17.817541 6.1818861 0.048984005 0.0093769232 3.951996 0.5
6.401266 13.602909 0.061415645 0.10711096 4.259518 0.5
12.717739 7.6059023 -0.14908064 -0.222203 1.882067 0.5
9.7493189 2.3035222 -0.010488246 0.035010189 0.92276 0.5
11.873964 8.4219029 -0.063046808 -0.063436486 4.981497 0.5
5.6726295 5.7024294 0.021876992 -0.073716067 0.663689 0.5
23.915558 11.979617 -0.045838149 0.0037612287 4.599871 0.5
20.689627 5.8792894 -0.020539313 -0.036375935 3.315122 0.5
21.605157 14.921702 -0.0083247717 0.0059852495 5.224588 0.5
17.92726 2.7883956 0.031754715 -0.032046982 4.739779 0.5
18.996154 6.4334012 -0.012123741 0.083162379 0.624425 0.5
24.174218 10.095198 0.0391078 0.0055158875 0.734434 0.5
18.3223 7.3167476 0.0039638125 0.025332142 4.989084 0.5
16.889705 3.9840315 0.050395049 -0.013329947 2.508867 0.5
15.328847 3.8000219 0.024479945 0.041393552 5.939565 0.5
14.707593 4.8490718 0.0092030995 0.075479262 0.028815 0.5
25.098822 12.171254 0.010413612 -0.04330515 3.449449 0.5
25.526038 10.029197 0.026273209 0.013700857 0.592282 0.5
4.304053 11.770085 -0.0040113796 0.0049055283 6.045768 0.5
21.8428 5.8091009 0.064693502 -0.021468256 0.890473 0.5
16.718092 0.87058637 -0.026911599 0.015656916 2.353219 0.5
19.394144 7.7634105 -0.063508747 0.082424857 1.672869 0.5
20.6271 7.9652031 -0.035179163 0.044310307 4.21507 0.5
23.335645 7.9239256 0.0081496164 -0.034650732 0.4829 0.5
7.2486391 9.814809 0.035589897 -0.038664131 6.274711 0.5
7.0401833 16.111966 -0.0028010698 0.033505376 1.301021 0.5
12.911761 0.64782083 0.013129379 -0.032183036 3.538852 0.5
15.5444 9.1068019 -0.035756975 -0.075714261 1.72413 0.5
18.879252 1.5599825 -0.030328041 0.042136044 0.779811 0.5
11.079929 9.5594704 0.036422304 0.0099648185 1.209651 0.5
6.299509 20.367117 -0.032401134 0.18614528 5.377079 0.5
3.2368572 21.077315 0.069623767 -0.045057764 3.122843 0.5
7.2533061 14.34594 -0.055658331 0.056248877 4.105439 0.5
10.848654 4.6748058 0.011410923 0.013554792 2.246795 0.5
10.402749 6.5139587 0.094631152 -0.14322021 3.468535 0.5
12.5904 5.8164499 -0.0088277821 0.018730706 5.532293 0.5
23.88211 6.7389177 0.014972414 0.018370281 0.531572 0.5
18.303892 21.657562 0.22021914 0.25519052 5.261584 0.5
10.433103 8.4405654 0.02942242 0.025025164 0.040113 0.5
6.1828443 11.33915 -0.061843706 0.015271097 4.576591 0.5
23.027664 4.5095201 -0.017427224 -0.024792922 0.209824 0.5
7.0016524 2.5348482 0.013652233 -0.017560384 1.770879 0.5
15.305507 5.8268077 -0.017926256 -0.029703436 4.791815 0.5
9.9530053 16.331759 -0.13456535 0.10447816 2.522673 0.5
24.873155 17.294553 0.047170811 0.032306443 3.232151 0.5
11.761289 2.6712878 -0.070965471 -0.039569558 0.943125 0.5
4.6804509 7.8872742 0.044242505 -0.12003208 1.031271 0.5
2.135523 19.962586 -0.04361887 -0.012879288 1.523797 0.5
16.313031 15.274075 -0.16429677 -0.14374273 1.787492 0.5
15.888245 1.713212 0.011541007 0.0098843111 3.056837 0.5
9.0082871 8.3513417 -0.039486336 0.035852881 3.332967 0.5
9.9916831 5.4603308 0.019642795 0.043620644 3.889918 0.5
6.0384734 7.8247457 -0.00097277505 0.11649448 1.775857 0.5
5.9419286 10.13088 -0.043318072 0.08827109 4.33857 0.5
16.351818 2.9628 0.019202398 -0.0091508516 2.652322 0.5
17.33666 5.0035527 0.056617636 -0.010373796 1.360759 0.5
14.910779 7.8853503 0.095802619 -0.13278855 1.350476 0.5
14.381085 19.237918 -0.11858619 0.080729638 3.139709 0.5
9.6219529 4.105718 -0.089353431 -0.025946582 3.877928 0.5
20.441304 14.310433 0.15013467 0.023322493 4.111005 0.5
13.232188 4.8105142 0.017656043 -0.037326694 4.354529 0.5
20.985718 2.5622607 -0.073650945 0.05696991 1.958136 0.5
24.567954 7.9040666 0.047719743 0.08885417 1.935129 0.5
12.161796 1.6173299 -0.0067037785 -0.057567874 0.983243 0.5
14.919851 10.449881 0.13094035 0.0028978815 4.524452 0.5
12.672842 12.852708 -0.33460688 -0.17029869 4.628506 0.5
3.6572001 7.4068396 -0.047679271 0.11556986 4.619789 0.5
26.09044 16.91312 0.00033373959 0.00085982079 6.246698 0.5
4.9069993 15.355235 -0.03869838 -0.19969784 2.597917 0.5
19.738042 8.8471603 0.005831191 -0.045451488 5.540445 0.5
26.415304 14.287489 0.024838101 0.043864007 1.135786 0.5
9.8193193 7.4558161 -0.30192195 -0.1833005 0.649744 0.5
10.412475 3.2468481 -0.062700337 -0.017281765 4.647872 0.5
24.122894 15.645501 0.15949949 0.040357009 3.116928 0.5
20.573696 4.5976621 0.026137625 0.016959124 1.058365 0.5
19.586489 5.2830544 -0.06623236 -0.037609473 1.223223 0.5
8.8726361 1.5896341 0.057632872 0.035276413 6.185729 0.5
14.093272 2.5891 0.014467359 -0.062131261 5.03693 0.5
11.96804 15.84294 -0.05146535 0.024085989 0.158334 0.5
20.08824 6.8749144 -0.014093592 -0.086352148 0.09489 0.5
1.500056 9.1932386 -0.0005125486 -0.00040192634 3.182579 0.5
8.0089919 8.8695269 -0.043705209 -0.053289025 5.999337 0.5
11.418021 5.7541778 -0.019184366 0.044883016 0.712677 0.5
22.417596 3.5356049 -0.046017199 0.026857908 1.70588 0.5
4.8036394 14.022304 -0.0045081354 0.080596018 5.092516 0.5
19.258273 14.297172 0.07244891 -0.22795359 0.506989 0.5
20.043854 21.806425 -0.0031891314 0.29177142 4.452103 0.5
17.652032 14.437744 0.0032885761 0.033729941 3.429354 0.5
25.326416 19.758574 0.25026153 0.18682474 5.942963 0.5
18.156295 10.920738 0.067513379 0.092285369 2.062723 0.5
2.8171174 17.696546 -0.034174837 0.083938971 2.598321 0.5
24.754338 5.9871857 -0.013017502 0.1222 6.159219 0.5
18.461834 5.245858 0.042213677 0.020636608 1.488917 0.5
18.46963 17.116294 0.039199361 -0.03126507 1.927238 0.5
20.113025 3.3312962 0.02776059 -0.05396148 3.98558 0.5
8.8638613 14.52721 -0.21806998 -0.029624118 3.515453 0.5
19.235988 11.640351 0.15604683 -0.065347487 3.362574 0.5
13.961732 5.6880254 0.024991339 0.0086180249 2.617045 0.5
17.026798 2.03305 0.0059452944 0.014425541 4.416501 0.5
23.014518 15.043316 0.07998052 0.10533869 2.357123 0.5
25.472726 18.40464 0.0024257562 0.0022839019 0.027213 0.5
7.5786146 25.389567 0.0010216867 -0.0092166806 3.270335 0.5
26.982955 10.532919 0.00057700921 0.041450588 5.133302 0.5
21.693828 17.202924 0.10599968 0.047931731 4.163048 0.5
18.578777 8.5545872 0.10108887 -0.091099812 3.93618 0.5
23.62574 17.103947 0.21343153 -0.12132564 5.951127 0.5
13.816968 7.7163876 0.26040872 -0.001834267 4.082451 0.5
17.643587 9.1970075 0.010918806 -0.0089176362 1.780305 0.5
4.7282167 4.9454038 -0.035838743 -0.0048324285 2.847882 0.5
25.30786 6.9465044 0.054474378 0.13154525 1.767937 0.5
22.981944 5.7107263 0.0420119 0.085840776 0.00135 0.5
9.9522646 1.2023212 -0.019251387 -0.045624529 5.312468 0.5
8.9549697 3.1872294 0.06127992 0.067847697 0.320289 0.5
15.656424 12.2741 -0.012366588 0.072005381 0.581132 0.5
23.34969 10.968613 0.1088363 0.019611252 3.087421 0.5
25.938894 13.240696 0.002985969 0.059517855 3.560403 0.5
13.307199 6.6786609 0.10190991 -0.14574046 0.555117 0.5
25.250967 14.40286 0.0075974634 0.043696481 6.220608 0.5
4.1601923 20.37113 0.051730878 -0.0041546079 5.652715 0.5
8.4359736 7.3204598 -0.047490064 -0.058728823 0.827952 0.5
0.97494978 11.633573 -0.00063570554 0.017577875 1.054048 0.5
10.003955 19.386501 0.0064588813 0.015797279 0.319962 0.5
24.841179 11.074094 0.017753091 0.00096978943 2.464344 0.5
9.7731861 9.7298466 -0.31592625 0.039120027 3.780782 0.5
20.106367 20.605868 0.12635269 -0.0018781771 0.745414 0.5
19.045352 2.9526248 0.026473724 -0.057412515 3.348875 0.5
5.2375794 3.9169088 0.035627803 0.050655089 5.365761 0.5
3.7138613 10.739609 -0.05711354 -0.097290121 0.445642 0.5
13.805479 9.9948672 0.0095866264 0.0026234113 2.979068 0.5
12.482567 14.096797 -0.079042448 0.3156444 2.813895 0.5
15.242227 2.6783115 -0.074664028 0.029661415 4.039246 0.5
7.6833521 13.16876 -0.12816076 0.022086255 4.602055 0.5
6.986457 6.8238212 -0.013977182 0.0035769926 1.676583 0.5
27.194734 11.707647 -0.043343224 0.020577289 1.207935 0.5
25.934106 7.9669674 -0.02233173 -0.00040973317 6.164191 0.5
21.905056 12.46955 0.15130342 0.023430173 1.491784 0.5
13.0149 10.999625 0.25502531 -0.35362729 6.269379 0.5
2.9442864 8.5453677 -0.050208209 0.017343423 0.35856 0.5
4.8863238 19.236577 0.0086741423 0.0044729163 0.326238 0.5
13.519492 1.5837322 -0.017800738 0.01382589 1.608548 0.5
0.59696057 14.161092 -0.0019695465 -0.0036640258 2.616667 0.5
18.110064 4.0932294 0.023548904 0.042784603 0.410672 0.5
5.4406284 6.8368286 0.018890512 0.09494977 3.210668 0.5
5.1034081 10.884141 -0.12325862 -0.098956578 0.309541 0.5
9.2439199 6.2877945 -0.019162077 -0.013757607 1.761874 0.5
23.266068 13.035749 0.092033645 -0.13857898 4.731547 0.5
6.6199826 8.8551702 -0.068647521 -0.033276226 0.313065 0.5
16.677996 11.802037 0.40558208 -0.26606838 0.087229 0.5
8.1168121 2.4428381 0.049188825 -0.0062246918 5.713071 0.5
7.4834361 21.655316 -0.049305673 0.036157849 0.34983 0.5
11.34562 11.102295 -0.42978486 -0.10685026 2.015368 0.5
11.57846 3.7751848 -0.076634079 0.0066981794 0.42176 0.5
27.083543 15.482388 -0.0010096603 0.00077698638 5.580866 0.5
26.008482 11.470164 0.035053973 -0.016838312 4.066321 0.5
21.905616 4.6440196 0.044885946 -0.019075365 5.863794 0.5
18.754722 9.8463272 -0.012789576 -0.042774477 5.355125 0.5
4.3134819 6.4925677 0.0073126439 -0.012190564 5.404824 0.5
17.487318 8.0798528 0.031059851 0.079134872 1.361005 0.5
10.16431 12.085491 -0.019084987 -0.06522118 5.19755 0.5
18.018279 12.382439 0.068572322 0.021232813 5.853071 0.5
20.62996 11.005588 0.02535976 -0.0065086336 2.830697 0.5
8.4761523 10.173179 -0.047597053 0.021331778 3.251414 0.5
24.421276 13.250879 0.076757474 -0.091437197 3.305262 0.5
20.953432 15.838976 0.024421967 -0.12360656 3.841898 0.5
2.9914866 11.758385 0.024950443 -0.0067148397 4.917041 0.5
10.899106 1.9141517 0.029587042 -0.025347881 1.726803 0.5
11.362588 12.678609 -0.025394593 0.14529042 2.534849 0.5
6.2801093 17.914895 -0.07327984 0.031930605 1.985571 0.5
9.8622301 23.546138 -0.0028400542 0.00070216639 5.636684 0.5
16.088974 4.912148 0.046285625 0.021255164 0.642493 0.5
2.357864 10.766836 -0.0089613896 0.053401354 5.796573 0.5
10.125816 15.067521 -0.0076276899 0.066089493 4.738871 0.5
7.9483076 6.2291151 -0.069416216 -0.044931563 1.568073 0.5
16.241407 10.750135 -0.089275355 0.0091945357 2.749741 0.5
7.4596051 10.946983 0.030807981 -0.012310974 1.171823 0.5
8.3150982 4.1064994 0.044895522 -0.025091402 2.226958 0.5
2.5385469 7.4512063 -0.0003989335 0.0096360316 1.548545 0.5
16.778412 13.063012 0.10201179 -0.017288871 3.653333 0.5
5.9267173 16.78341 -0.008546028 -0.085916223 4.394256 0.5
21.246934 8.9723529 -0.094639692 -0.041229982 0.605652 0.5
14.710203 1.563284 0.0059664802 -0.037409997 3.106146 0.5
21.377653 7.113234 -0.037057431 0.045866279 3.095002 0.5
6.1273219 3.2364 -0.051512809 0.051975122 1.841384 0.5
11.384372 14.721605 0.0011484515 0.061691753 6.034028 0.5
14.638729 6.7418953 0.015893881 0.062782749 1.857551 0.5
19.974871 18.057221 -0.13033907 0.08431674 1.702664 0.5
4.1656929 17.698006 0.0046671167 0.11993893 1.16125 0.5
16.960779 6.985578 0.001782339 0.013603186 4.720586 0.5
10.325812 13.832027 -0.080483702 0.301503 0.205718 0.5
23.933397 8.9800262 0.047863893 0.013608877 5.820667 0.5
10.289697 10.762133 -0.0084320886 -0.021334143 3.894129 0.5
25.210863 8.9375211 0.013578764 0.0066707591 3.074393 0.5
14.390536 8.9687304 0.036310056 -0.1160807 0.467747 0.5
13.900282 3.7742434 -0.041318494 0.035473544 5.60533 0.5
1.1111789 15.221833 0.0057484737 -0.0014206255 6.227367 0.5
4.046603 8.8459633 -0.060372473 -0.057087783 5.177094 0.5
12.021623 4.8000244 1.8047243e-05 0.10055719 0.203779 0.5
16.069342 7.94524 -0.11170071 0.048481988 6.095105 0.5
22.116463 18.426118 0.12263629 -0.010897982 5.150288 0.5
21.246997 3.6837589 -0.11733833 -0.027149568 3.059892 0.5
19.921704 9.9783869 0.019000372 0.04980547 3.692189 0.5
23.738428 14.132271 0.22638262 0.12292272 3.246869 0.5
22.715985 6.797055 0.056912364 0.12840158 2.032293 0.5
3.670461 5.4333679 0.034725174 0.020878161 6.136396 0.5
3.0672752 6.4121772 -0.029225488 0.040960198 4.563161 0.5
7.729952 5.1342981 -0.016714162 -0.039056521 5.916686 0.5
19.901066 2.1362884 0.022255294 -0.045562708 1.344992 0.5
22.15677 8.1460478 0.0023633045 0.022308943 3.633442 0.5
5.2485062 20.729548 0.0039201511 -0.0074154311 2.78777 0.5
8.5667257 19.181756 -0.018566958 -0.031448889 1.483056 0.5
16.574206 5.9321964 0.01395633 0.090641771 0.879468 0.5
7.1667933 3.9960617 -0.0323616 -0.074374607 4.923104 0.5
19.307192 4.0853102 -0.17573112 -0.016325452 5.350229 0.5
20.622573 12.493054 0.065002666 0.039375054 1.508644 0.5
4.6812136 9.8307401 -0.028232585 0.006966637 4.32761 0.5
6.3808396 12.446095 -0.016396583 -0.013538617 1.3724 0.5
8.9106373 5.1446222 -0.069640497 0.012091641 2.64206 0.5
12.293511 9.4586832 -0.62605668 -0.69895191 2.466218 0.5
26.359626 9.1417268 -0.021484308 0.05908805 0.69625 0.5
15.957803 22.973653 -0.0084153958 0.0010892009 0.502972 0.5
22.486251 19.566499 0.32536741 0.047102444 4.066135 0.5
5.3261895 8.8974215 -0.04485595 -0.039375696 3.026607 0.5
21.445139 10.070822 0.012927898 -0.014355345 6.171553 0.5
23.873452 19.442731 0.11554867 0.29677377 3.767955 0.5
17.791553 1.2132152 -0.026940029 -0.033137618 5.349705 0.5
6.7851799 5.7194775 0.0061354343 -0.013882494 3.28374 0.5
14.210202 0.56003215 -0.0023587031 0.026836115 1.964272 0.5
8.3401021 16.966699 0.12137003 0.17523689 1.170799 0.5
3.7852386 16.331679 -0.070428539 0.025891677 0.802835 0.5
24.005913 5.0853189 -0.075118837 0.068994017 5.063896 0.5
6.156484 4.5481806 0.00828141 0.017596431 2.243796 0.5
12.929715 2.5820842 0.042230954 0.055199829 5.270568 0.5
1.6735332 12.993842 0.050089525 0.0066291875 5.757172 0.5
21.610804 21.809806 0.038316943 0.29676538 5.271397 0.5
18.192383 20.282688 -0.12156947 0.051339964 3.151318 0.5
22.03785 13.851942 0.049417933 -0.072324242 0.221595 0.5
14.182541 11.397815 -0.061674595 0.15836783 1.510648 0.5
3.1981965 9.7552603 0.041300314 -0.028870338 5.29405 0.5
2.8881806 13.502939 -0.044610607 0.059926559 2.737677 0.5
11.87737 19.027258 0.01459581 0.11152062 4.134415 0.5
8.4387054 12.148029 -0.53235825 0.038404261 1.432456 0.5
11.992152 6.7498596 0.025546027 0.061111081 2.840655 0.5
1.0570949 17.400518 0.019726116 0.044258114 2.899005 0.5
11.253315 0.85658974 -0.020192206 0.012610622 4.137855 0.5
27.139752 13.348734 0.028512689 0.015370817 1.992807 0.5
9.2319786 13.310214 -0.22659026 -0.036337384 0.375558 0.5
22.922821 9.5763678 0.017147102 -0.045464468 0.629977 0.5
22.197656 10.941599 0.078027126 -0.031056026 5.301885 0.5
7.3739448 7.9470064 0.023405077 0.051882055 1.197725 0.5
11.053955 7.4658549 -0.034422313 -0.070309085 2.939026 0.5
2.1128197 14.584639 0.023160792 0.062389824 3.912909 0.5
13.190079 8.7893432 0.30240221 -0.25794982 3.115045 0.5
12.74251 3.7217967 -0.011787482 0.029327221 1.662001 0.5
15.787441 6.8402143 -0.051647406 0.00048065821 0.131507 0.5
