# x y vx vy theta radius
4.5696297 22.123494 -1.2697673 -1.1558796 4.1727625 0.5
17.768224 13.996543 0.00056406166 -0.010101052 1.764168 0.5
15.530297 8.3059992 -0.017796566 -0.0071892222 3.951996 0.5
20.876182 4.6531717 -0.019546816 -0.0087737916 4.259518 0.5
19.139194 7.9932164 0.0041644089 -0.014896212 1.882067 0.5
16.882608 13.076116 0.036504327 -0.0048316274 0.92276 0.5
17.449495 9.4751656 -0.0017435237 0.0014374097 4.981497 0.5
20.649766 10.80756 0.013710915 -0.0066682556 0.663689 0.5
23.292763 23.704097 -0.010663347 0.0046812781 4.599871 0.5
8.7216775 9.0810038 -0.0021865037 -0.03691937 3.315122 0.5
12.786179 26.23228 -0.024446764 -0.0032081742 5.224588 0.5
24.179189 22.683855 0.00065819371 -0.0052858858 4.739779 0.5
27.360748 15.294028 -0.0066751322 -0.018770991 0.624425 0.5
22.579532 11.246823 -0.029794492 0.00083232203 0.734434 0.5
26.559182 18.722925 0.0134754 -0.0016582893 4.989084 0.5
22.361538 12.352134 0.0016209658 -0.018341488 2.508867 0.5
20.968115 13.818259 0.023989308 0.0018047725 5.939565 0.5
19.09751 22.372921 -0.0039151542 0.014602849 0.028815 0.5
22.544178 15.412551 -6.3471224e-05 -0.02281619 3.449449 0.5
22.514133 17.415442 -0.011391507 -0.015256796 0.592282 0.5
23.497326 12.100734 -0.015265659 -0.019196242 6.045768 0.5
20.339801 12.051523 0.019505976 -0.01365993 0.890473 0.5
4.942909 8.8476347 0.0055999163 -0.0026844975 2.353219 0.5
10.218408 20.998632 -0.02958818 -0.024351382 1.672869 0.5
18.043247 15.364949 -0.0080565221 -0.013017794 4.21507 0.5
11.79592 24.888237 -0.045817772 0.012764843 0.4829 0.5
13.267213 19.320484 -0.031414717 -0.0071548351 6.274711 0.5
21.274325 17.278814 -0.014064003 0.00040111578 1.301021 0.5
16.322753 20.262428 0.0050383978 0.02126914 3.538852 0.5
16.128479 3.6594536 -1.8613516e-05 5.1375387e-06 1.72413 0.5
26.999453 10.707116 0.00071774083 0.0083511175 0.779811 0.5
27.329121 14.162307 0.0007066369 0.0022345112 1.209651 0.5
8.7336285 21.723481 0.13306429 -0.031636373 5.377079 0.5
12.975719 16.794293 0.0090227146 0.0018472307 3.122843 0.5
24.728891 10.480185 -0.028967819 -0.029583749 4.105439 0.5
9.8918716 17.030002 0.06036759 -0.017354872 2.246795 0.5
22.282087 24.326957 0.0053329828 -0.013922322 3.468535 0.5
8.0362553 7.2931054 -0.003386549 -0.0061344035 5.532293 0.5
4.1058023 12.48868 0.0083491577 -0.014595851 0.531572 0.5
11.859857 12.871291 -0.040571729 -0.03825052 5.261584 0.5
21.219327 6.1919195 -0.021508623 -0.0082182944 0.040113 0.5
19.308588 18.001654 0.0077994848 -0.00889152 4.576591 0.5
10.058772 14.563222 -0.01838716 -0.017009612 0.209824 0.5
20.23334 20.289362 -0.0048438087 -0.011964169 1.770879 0.5
7.7783961 13.66813 -0.022615392 -0.018013837 4.791815 0.5
14.824187 10.988732 -0.0031869495 -0.0031782281 2.522673 0.5
13.487359 7.3429164 -1.4925765e-05 5.2589009e-06 3.232151 0.5
26.191938 15.81494 0.010987181 0.0051440806 0.943125 0.5
22.766794 3.8844944 -0.019723152 -0.026047409 1.031271 0.5
19.963879 16.834024 0.0043033572 -0.019646892 1.523797 0.5
26.537187 9.6710934 -0.0063846428 -0.0086587308 1.787492 0.5
25.489049 12.714861 -0.028843215 -0.0069619425 3.056837 0.5
1.3446294 11.827486 -0.014331403 -0.0036155186 3.332967 0.5
13.653884 25.244721 -0.023124406 -0.009861717 3.889918 0.5
12.619867 11.976521 -0.011087642 -0.038925011 1.775857 0.5
15.84806 19.213041 -0.0035430679 0.013764887 4.33857 0.5
23.660139 4.7024653 -0.017271583 -0.015188659 2.652322 0.5
14.742419 15.588348 -0.024573902 -0.025391846 1.360759 0.5
21.595447 14.757715 -0.0073051472 -0.036655523 1.350476 0.5
16.156504 10.729045 0.00030720302 -0.017420553 3.139709 0.5
26.36924 13.524433 0.006218082 -0.0031605747 3.877928 0.5
17.999249 2.8752469 1.0904943e-05 -1.4359079e-05 4.111005 0.5
15.319992 9.7570106 0.0040314851 -0.012175793 4.354529 0.5
19.360865 1.8714322 -2.4146254e-06 4.0908425e-06 1.958136 0.5
6.3447135 10.845876 0.012078784 -0.035103991 1.935129 0.5
18.880611 26.496475 0.0036297341 -0.010969751 0.983243 0.5
11.289395 21.389216 0.069039818 -0.19137241 4.524452 0.5
24.38354 12.954882 -0.0034661511 0.0028114525 4.628506 0.5
20.947249 7.3102924 -0.0046498258 -0.0026947489 4.619789 0.5
7.5021522 9.0489905 -0.0030650866 -0.011946064 6.246698 0.5
16.084751 22.68605 -0.028374086 -0.013846693 2.597917 0.5
19.647454 15.729981 -0.0030393651 -0.008574828 5.540445 0.5
24.40998 5.5743309 -0.023321239 -0.013898664 1.135786 0.5
16.715858 8.5594794 0.0017798547 -0.012023511 0.649744 0.5
22.066542 19.561774 0.01864798 -0.017876845 4.647872 0.5
26.195106 8.4914275 0.023436298 -0.0010035629 3.116928 0.5
25.871764 10.588889 -0.0091355448 -0.0070719961 1.058365 0.5
14.924384 24.475454 -0.0032415094 -0.0012122427 1.223223 0.5
19.765202 19.174067 0.0019277274 -0.022070334 6.185729 0.5
15.620955 11.854953 0.018617492 -0.035068492 5.03693 0.5
21.659581 8.9910393 -0.0059617358 -0.01012187 0.158334 0.5
5.4275178 7.6505104 0.0078677596 -0.0029859509 0.09489 0.5
10.267857 25.634804 -0.0068783554 0.0244075 3.182579 0.5
17.842347 12.45185 -0.0023069322 -0.014136715 5.999337 0.5
24.935645 21.765698 0.0025026874 0.0018581254 0.712677 0.5
18.998065 20.116785 0.011370707 0.0027832905 1.70588 0.5
18.498719 10.321878 0.0080686648 0.00357975 5.092516 0.5
22.742388 8.6885467 0.0091359047 0.00032810207 0.506989 0.5
12.40201 14.49152 -0.011041085 0.0074649149 4.452103 0.5
13.013172 5.4637862 -8.1506976e-06 1.355453e-05 3.429354 0.5
20.751876 2.7972775 -0.019818125 -0.017556747 5.942963 0.5
3.2017542 8.7001838 -0.0056970081 -0.020010341 2.062723 0.5
5.0431333 10.767101 -0.0041496874 -0.0081732798 2.598321 0.5
18.664418 23.455294 -0.023661162 0.0049922014 6.159219 0.5
24.108167 20.73632 0.015300838 -0.0024650828 1.488917 0.5
15.737526 13.492552 -0.0060920411 0.00056845925 1.927238 0.5
20.294874 22.528541 0.012407474 -0.010962753 3.98558 0.5
20.999068 19.224639 0.011672712 -0.0051054823 3.515453 0.5
24.137193 14.09427 -0.0014933649 -0.0034851004 3.362574 0.5
17.33638 10.699829 0.0010578422 -0.0061691591 2.617045 0.5
26.853197 17.596999 -0.022063064 0.0082815489 4.416501 0.5
14.760425 21.505261 -0.0064083453 -0.019904758 2.357123 0.5
10.96728 16.272706 -0.033208782 -0.0011417877 0.027213 0.5
13.229091 0.80611184 -2.1512394e-08 4.4808547e-07 3.270335 0.5
24.118436 18.716116 0.0067655094 -0.019003535 5.133302 0.5
18.727432 13.408782 -0.012971906 -0.021064383 4.163048 0.5
27.150736 16.419468 0.0042294097 -0.00091468084 3.93618 0.5
23.161327 13.198198 -0.0062568061 -0.0087851933 5.951127 0.5
22.950586 10.111659 0.0011429579 -0.0004585682 4.082451 0.5
19.399201 4.4623388 -4.9704718e-06 -4.5008453e-09 1.780305 0.5
20.790814 21.503563 -0.025373098 0.022993646 2.847882 0.5
12.147472 23.179782 0.92002302 0.34037902 1.767937 0.5
13.522984 9.5752105 -0.004475129 -0.030561509 0.00135 0.5
14.229709 26.840147 -0.0153825 -0.017210398 5.312468 0.5
17.514449 6.2270363 0.001085972 -0.028216494 0.320289 0.5
8.7294306 17.717203 -0.04013139 0.013389505 0.581132 0.5
8.9933189 15.645027 -0.041872683 -0.023456431 3.087421 0.5
16.474811 24.50159 -0.023288792 -0.0046404236 3.560403 0.5
8.5188349 12.121652 -0.0016715081 -0.012707852 0.555117 0.5
14.19915 14.447571 0.0056122562 -0.0031026386 6.220608 0.5
16.737308 11.742343 -0.030679933 -0.027045163 5.652715 0.5
14.696996 12.610358 -0.0071616838 -0.0032218647 0.827952 0.5
8.9688826 23.825784 -0.02870377 -0.0057159165 1.054048 0.5
20.21184 5.6896912 -0.027067356 -0.01315126 0.319962 0.5
23.989464 9.6056435 0.00070588864 -0.0077951155 2.464344 0.5
15.665217 7.1155585 -0.023830664 0.00028284321 3.780782 0.5
21.978666 16.381381 -0.010657952 -0.010439256 0.745414 0.5
14.393457 8.6636259 -0.0007567092 -0.00012886029 3.348875 0.5
3.1371053 7.5730687 0.033868647 -0.035658577 5.365761 0.5
23.712357 10.959951 -0.016396424 -0.0055567651 0.445642 0.5
25.187982 15.159512 -0.0024646708 -0.011315049 2.979068 0.5
14.213319 1.6935035 -1.1603025e-06 6.9527968e-07 2.813895 0.5
20.319462 25.70631 0.010286663 -0.0034770191 4.039246 0.5
13.096036 20.8103 -0.037846525 0.016577316 4.602055 0.5
18.530379 9.088323 -0.015007873 0.00026918534 1.676583 0.5
16.331442 18.196592 -0.010436023 -0.0042081759 1.207935 0.5
17.849062 8.0685709 -0.011733189 -0.0099004431 6.164191 0.5
18.733711 25.380891 -0.0064169346 0.003824512 1.491784 0.5
15.88999 25.950132 -0.015011796 -0.007778156 6.269379 0.5
23.859862 8.4800364 -0.016339678 0.0040111402 0.35856 0.5
25.273862 13.941871 -0.0064878706 -0.0036916187 0.326238 0.5
10.677212 12.695012 -0.010464293 -0.0032778543 1.608548 0.5
23.268214 7.526669 -0.0015507582 -0.021581212 2.616667 0.5
26.072191 11.715954 0.0044231755 -0.0086786123 0.410672 0.5
22.064958 13.482135 0.0070041466 0.019105728 3.210668 0.5
19.511328 9.7167892 -0.016751687 -0.0077028232 0.309541 0.5
12.776182 8.5169418 0.00059961927 -0.0039216542 1.761874 0.5
23.339561 21.614377 0.0085563233 -0.011013517 4.731547 0.5
17.330985 26.37522 -0.041837067 0.0068678336 0.313065 0.5
17.630413 22.376509 -0.023480779 -0.012028333 0.087229 0.5
8.0517396 20.38215 -0.14873879 -0.32435879 5.713071 0.5
16.797029 16.854464 -0.0046815073 -0.00078435579 0.34983 0.5
14.501593 16.711869 0.011318869 -0.020271484 2.015368 0.5
14.453503 18.868403 -0.01393201 0.0042711868 0.42176 0.5
21.641586 3.6345169 -0.0059875858 0.0069863772 5.580866 0.5
14.94652 2.5897541 6.4721279e-07 -6.4429128e-07 4.066321 0.5
24.813854 16.341151 0.0028314124 -0.014089583 5.863794 0.5
21.327592 25.106274 0.005777475 0.014603404 5.355125 0.5
27.393008 12.980235 0.008536799 -0.010833223 5.404824 0.5
16.79375 21.543735 -0.0095821948 0.0038948685 1.361005 0.5
21.580916 20.607895 0.0033784837 0.0014365216 5.19755 0.5
25.367869 9.5543675 -0.016708077 0.0054261715 5.853071 0.5
9.2482176 19.84443 -0.0038964619 -0.0069832409 2.830697 0.5
17.213137 1.2070673 -1.3371447e-06 2.7474543e-06 3.251414 0.5
21.240998 12.722511 -0.0064506859 -0.012332179 3.305262 0.5
23.412614 19.650144 -0.016470017 -0.0047341479 3.841898 0.5
5.5665936 15.335065 -0.060353817 0.0010697754 4.917041 0.5
21.734157 18.35258 0.0015464042 -0.0065129455 1.726803 0.5
20.688737 9.6230779 -0.013393611 -0.014002658 2.534849 0.5
22.370036 6.7816503 -0.017057091 -0.015863354 1.985571 0.5
19.453694 21.302601 -0.0019990406 0.00034314388 5.636684 0.5
9.7687198 18.761302 0.057394021 0.061510616 0.642493 0.5
25.70553 7.4565774 -0.013515295 -0.012905871 5.796573 0.5
13.722937 11.559837 0.0025148451 -0.0048570967 4.738871 0.5
21.80992 10.339494 0.0021835575 -0.012727081 1.568073 0.5
19.828811 13.648753 -0.012991378 0.00081534404 2.749741 0.5
12.102316 2.670944 8.9159703e-07 -2.0022346e-06 1.171823 0.5
16.872128 15.406023 0.0022078541 -0.01254232 2.226958 0.5
21.929147 21.67691 0.010833549 0.0062462149 1.548545 0.5
22.607979 22.681103 0.004121207 0.015136002 3.653333 0.5
22.977342 5.6525815 -0.013188846 0.00028923486 4.394256 0.5
14.980719 6.0659629 -1.5559737e-06 -5.2314352e-06 0.605652 0.5
24.815476 19.849757 -0.028838139 -0.023672476 3.106146 0.5
24.402348 7.4552176 0.019655408 -0.01343873 3.095002 0.5
22.783454 20.582904 0.0097065511 0.0055921505 1.841384 0.5
21.388413 22.81392 -0.0076863829 0.006425755 6.034028 0.5
26.058773 19.743561 0.0040948603 -0.01044773 1.857551 0.5
11.412161 11.65918 -0.0068683688 -0.019269155 1.702664 0.5
15.801635 16.25107 -0.0020924001 -0.0084693907 1.16125 0.5
10.112 8.9620684 -0.0004968157 -0.0026039838 4.720586 0.5
20.449127 18.100311 -0.0068962682 -0.00329729 0.205718 0.5
9.0605696 13.788466 -0.012723515 -0.012780647 5.820667 0.5
17.635866 24.884024 -0.028973616 0.0093140053 3.894129 0.5
25.051617 8.4366767 -0.0095890996 -0.01674895 3.074393 0.5
19.787319 24.524419 0.017736669 -0.012959382 0.467747 0.5
7.6770923 10.758978 0.016460308 -0.0089167914 5.60533 0.5
12.538615 18.32333 -0.039092628 0.019585372 6.227367 0.5
9.6316052 11.957059 -0.031477399 -0.015551129 5.177094 0.5
5.5684506 12.04978 0.012810493 -0.0040936264 0.203779 0.5
25.541662 20.78196 -0.02084796 -0.023150402 6.095105 0.5
12.545377 10.415242 0.0015909567 -0.00065430497 5.150288 0.5
13.363545 12.943642 -0.0097285681 0.0028572007 3.059892 0.5
19.844675 7.099471 0.00015938645 -0.0016018202 3.692189 0.5
11.578278 9.6383888 -0.00063898526 -0.0016272209 3.246869 0.5
11.285241 19.839074 -0.023463454 -0.022007782 2.032293 0.5
25.129269 6.4887468 -0.0087526085 -0.015695243 6.136396 0.5
23.02747 14.372289 -0.010146781 0.0098691939 4.563161 0.5
6.3719383 14.237754 -0.023511189 -0.016301425 5.916686 0.5
16.303002 4.8596158 -9.2553593e-06 -2.4527847e-06 1.344992 0.5
24.60485 11.778462 -0.021158553 -0.003706342 3.633442 0.5
17.661041 5.0875858 0.0017565909 -0.018019763 2.78777 0.5
18.193906 21.200366 0.0083112736 -0.0088686249 1.483056 0.5
15.536977 14.614383 -0.024906707 -0.021572788 0.879468 0.5
19.544373 10.996904 -0.0073719744 -0.023702293 4.923104 0.5
17.228153 18.875276 -0.020226098 -0.015075729 5.350229 0.5
20.854741 15.977983 0.0025672273 -0.015949571 1.508644 0.5
19.127295 6.0328152 -1.0250717e-06 3.3736159e-06 4.32761 0.5
21.475114 11.577358 -0.012831646 -0.007364093 1.3724 0.5
19.232025 12.386523 -0.014065271 -0.025731743 2.64206 0.5
13.223915 15.282854 -0.012888082 -0.014568374 2.466218 0.5
21.960182 5.1358326 0.00074514466 -0.0008348984 0.69625 0.5
16.794228 7.0890838 -0.022082957 -0.0019348667 0.502972 0.5
18.477354 18.944468 -0.0094475554 -0.0047773273 4.066135 0.5
23.888013 17.577777 0.01118071 -0.010427758 3.026607 0.5
17.471236 20.124377 -0.019730546 0.015429876 6.171553 0.5
19.04277 14.594146 0.0057318646 -0.0085024239 3.767955 0.5
11.095503 17.388466 0.024025575 -0.0073157577 5.349705 0.5
15.848589 27.222959 -0.043409647 0.020666977 3.28374 0.5
23.758262 6.5107732 -0.018249701 -0.0012813842 1.964272 0.5
20.433326 14.80854 0.00089795797 -0.010105676 1.170799 0.5
15.358694 17.613676 -0.0040965838 -0.030795714 0.802835 0.5
8.8259643 10.292298 0.0075048985 -0.0031922702 5.063896 0.5
6.7474377 12.229954 -0.03306223 -0.0087364635 2.243796 0.5
14.473791 23.116222 -0.0087602128 -0.0024013011 5.270568 0.5
18.382279 16.516442 0.0045248181 0.0049826693 5.757172 0.5
27.189277 11.855517 -0.012648067 -0.0064864059 5.271397 0.5
13.576478 17.812752 -0.048097652 0.018898778 3.151318 0.5
18.46029 7.0701052 0.010703774 -0.016387087 0.221595 0.5
0.58546803 13.597026 0.0025110711 -0.0046647196 1.510648 0.5
16.667706 14.257754 -0.0018516548 -0.012830172 5.29405 0.5
17.803241 17.594063 -0.025284056 -0.0030904637 2.737677 0.5
25.87116 16.928794 -0.012984527 0.0031944719 4.134415 0.5
26.20631 14.669959 -0.0063758156 0.005503403 1.432456 0.5
10.374864 10.821379 0.038981699 -0.071635473 2.840655 0.5
17.254634 23.634355 0.026620035 0.008394035 2.899005 0.5
25.05148 17.746802 -0.00084096746 0.009431867 4.137855 0.5
20.181443 8.6070591 0.00053982595 -0.02345847 1.992807 0.5
7.1927769 15.612168 0.018094863 -0.029961201 0.375558 0.5
21.94861 7.8364321 -0.019974009 0.0028931843 0.629977 0.5
18.519051 11.519899 0.0012741327 0.0029407859 5.301885 0.5
23.887704 15.488614 0.0024013387 0.012626576 1.197725 0.5
23.319535 16.532666 0.0025735457 -0.0021652522 2.939026 0.5
22.914619 18.478615 -0.012926152 -0.0092344736 3.912909 0.5
25.337069 18.841089 -0.0043894169 -0.026785304 3.115045 0.5
20.608672 23.672384 -0.0079541318 -0.0082134002 1.662001 0.5
2.9672509 10.193426 0.022307716 -0.0093813254 0.131507 0.5
