# x y vx vy theta radius
13.141235 14.57026 -0.59239245 -0.50166117 4.3543111 0.5
10.78147 23.653906 -0.0050931487 0.037406037 1.764168 0.5
8.7455378 9.9433992 -0.0081153498 0.0014980501 3.951996 0.5
5.1968685 17.467395 -0.0093634999 -0.013811477 4.259518 0.5
10.3899 24.802496 0.07938723 -0.10153252 1.882067 0.5
19.245457 16.699083 0.029360364 -0.01774219 0.92276 0.5
23.849333 17.245934 0.11348793 0.064445444 4.981497 0.5
1.9956938 17.012586 0.025357624 -0.00080965986 0.663689 0.5
9.5012106 2.3628208 0.07750607 0.026376696 4.599871 0.5
13.399265 3.6468085 -0.12863083 -0.33117909 3.315122 0.5
12.924377 19.850073 0.010413002 -0.023515416 5.224588 0.5
14.20305 9.5480187 0.16089002 0.011824216 4.739779 0.5
15.800458 8.219798 -0.017093023 0.035830363 0.624425 0.5
5.5015182 18.640751 -0.0054664413 -0.018923163 0.734434 0.5
6.8185241 9.6626066 0.1009563 0.17126791 4.989084 0.5
2.1296684 11.087572 -0.018887942 -0.00537944 2.508867 0.5
23.433546 21.522122 -0.0084336309 0.0016896312 5.939565 0.5
24.704939 18.620671 -0.00245439 0.0015414747 0.028815 0.5
2.8973251 8.9149535 -0.023252221 0.027240914 3.449449 0.5
6.1937662 7.5126969 -0.25423757 -0.047998539 0.592282 0.5
12.253605 11.070452 -0.030956675 -0.2319439 6.045768 0.5
8.406885 13.968394 0.0015665396 0.061673858 0.890473 0.5
23.317398 23.606379 -0.0014647234 8.6210987e-05 2.353219 0.5
14.962606 0.65617195 -0.010245387 0.017078656 1.672869 0.5
11.703961 20.477961 0.0061133722 0.020230882 4.21507 0.5
5.1259417 7.8125658 0.014162798 0.02148176 0.4829 0.5
6.4642683 17.262662 0.0007100787 0.016973901 6.274711 0.5
3.1184238 7.713103 0.0079004778 -0.057621965 1.301021 0.5
7.6101421 19.195353 -0.027881915 0.030386572 3.538852 0.5
9.034362 14.994114 0.0059457484 -0.0036551264 1.72413 0.5
21.386838 18.653067 0.026042569 -0.071604764 0.779811 0.5
21.55362 8.9247473 -0.00024568364 0.059433646 1.209651 0.5
12.748105 4.6962529 -0.1082674 -0.05806445 5.377079 0.5
5.3637328 15.962321 0.083349427 0.0088933194 3.122843 0.5
12.040685 1.9998678 0.0060937968 -0.0016548493 4.105439 0.5
20.300779 8.242751 -0.026959363 0.0067636668 2.246795 0.5
4.0381246 7.0325331 0.056275514 -0.034574245 3.468535 0.5
14.367127 7.3356693 0.10550064 -0.070333954 5.532293 0.5
6.1737679 3.0855003 0.048799382 0.057167519 0.531572 0.5
20.915965 4.1570932 0.0016371607 -0.065629372 5.261584 0.5
12.635701 12.377359 0.024518312 0.060097384 0.040113 0.5
0.90509525 16.435063 0.069421719 -0.020899606 4.576591 0.5
9.4046132 7.1122547 -0.17774299 -0.15346619 0.209824 0.5
7.349843 23.946488 -0.014105974 0.023591139 1.770879 0.5
8.5163629 7.8448019 -0.02343442 -0.064291213 4.791815 0.5
6.5131426 19.715171 -0.0058588608 0.044417229 2.522673 0.5
6.1158281 14.66907 0.024345679 -0.017768309 3.232151 0.5
17.225722 10.031411 0.17290779 -0.26313501 0.943125 0.5
1.5329042 9.1379536 0.0059645644 -0.022269303 1.031271 0.5
21.674927 10.711947 -0.047633906 0.039709272 1.523797 0.5
16.14287 6.9111898 0.096085352 -0.30672832 1.787492 0.5
9.6852229 22.299955 -0.037558832 -0.012799297 3.056837 0.5
4.3987384 10.661618 0.02426516 -0.01201757 3.332967 0.5
4.9407306 23.619205 0.039169937 0.064708828 3.889918 0.5
18.492781 11.811575 0.35412668 0.30394101 1.775857 0.5
17.325609 2.4988757 0.0092793261 0.037614903 4.33857 0.5
25.040072 13.290438 -0.081388602 0.041612964 2.652322 0.5
9.8457624 3.4829356 0.012768949 -0.0014193698 1.360759 0.5
11.595718 4.8756109 0.034969957 -0.019318149 1.350476 0.5
14.167766 4.4529443 0.11635663 -0.16925148 3.139709 0.5
2.9526021 12.038653 -0.075738604 0.00017173331 3.877928 0.5
4.134702 16.402737 -0.063677517 -0.021672328 4.111005 0.5
4.9957988 13.924493 0.045696278 0.051091458 4.354529 0.5
4.1675213 18.975996 0.02496256 -0.026452402 1.958136 0.5
14.49473 3.0739217 -0.0025626931 0.0027061046 1.935129 0.5
18.226535 7.35965 0.0059420684 0.049521328 0.983243 0.5
6.8840153 16.208129 0.017449561 -0.0020428937 4.524452 0.5
18.085772 6.1397789 -0.011017373 -0.0022386522 4.628506 0.5
14.25307 19.821853 0.090957949 -0.0052725887 4.619789 0.5
18.489257 9.6326309 -0.013502244 0.039823509 6.246698 0.5
16.864132 27.137585 -0.26667557 -0.30567173 2.597917 0.5
25.385024 20.941248 4.3818953e-05 0.0013338827 5.540445 0.5
15.677409 23.29378 -0.27078244 0.054971882 1.135786 0.5
9.9008795 11.322453 -0.072167106 -0.089757815 0.649744 0.5
12.351751 5.9931421 0.026026323 -0.081288045 4.647872 0.5
6.715497 11.092641 0.046565744 0.067885315 3.116928 0.5
14.48581 1.6866471 -0.042991647 -0.0096949262 1.058365 0.5
9.0068185 20.388652 0.094965175 -0.090472343 1.223223 0.5
12.640841 9.5599806 -0.23762562 -0.14965292 6.185729 0.5
18.825189 1.6609766 0.012464 0.012322735 5.03693 0.5
5.9593175 8.6959056 0.086510362 0.048154902 0.158334 0.5
10.321021 16.314442 0.050840172 0.010997374 0.09489 0.5
20.449551 2.5660465 -0.010976849 -0.035333824 3.182579 0.5
12.031938 3.3881257 0.010925952 -0.00036150077 5.999337 0.5
8.403161 21.53591 0.1358282 -0.04097658 0.712677 0.5
18.18879 14.837051 -0.003157368 0.0026217799 1.70588 0.5
22.827423 6.7668805 -0.032815299 -0.0067530973 5.092516 0.5
5.4865836 4.1774686 0.0036299032 0.019125417 0.506989 0.5
5.6206517 11.637755 0.023565113 -0.038586889 4.452103 0.5
10.894597 3.88403 -0.06748123 -0.087102232 3.429354 0.5
7.5598574 3.6978396 -0.0076532059 -0.017240445 5.942963 0.5
8.4687477 1.9490261 0.091993107 -0.12385272 2.062723 0.5
12.020833 7.0527726 -0.061037948 -0.15325023 2.598321 0.5
1.9324833 12.571134 0.028731163 -0.049904077 6.159219 0.5
6.2839037 22.821814 0.022327791 -0.046761565 1.488917 0.5
5.6347849 10.237179 -0.23431493 0.18377723 1.927238 0.5
25.655557 8.9510205 -0.010710737 -0.017987932 3.98558 0.5
1.8185986 15.788567 0.011144516 0.041957255 3.515453 0.5
4.1966718 11.80494 0.055922598 -0.046188986 3.362574 0.5
7.3790145 7.6731142 0.047858013 -0.09506957 2.617045 0.5
16.863213 24.620406 -0.031071092 -0.047212701 4.416501 0.5
21.726597 5.0184195 -0.036485103 -0.0059891884 2.357123 0.5
6.5590398 4.5942037 0.035260256 0.01035744 0.027213 0.5
15.32876 25.682637 0.0025495474 -0.064843195 3.270335 0.5
10.181677 26.40994 -0.0073089334 -0.042173673 5.133302 0.5
2.9944055 19.254076 0.020659963 -0.002949824 4.163048 0.5
20.947967 15.440344 -0.0068721657 0.10374694 3.93618 0.5
19.031646 5.4976378 -0.097492307 -0.077109649 5.951127 0.5
17.255369 21.470213 -0.034924028 0.0092968453 4.082451 0.5
3.1993942 21.239387 -0.00064907946 0.031331865 1.780305 0.5
16.844075 13.459964 -0.007397241 -0.0042112067 2.847882 0.5
10.727339 9.2108523 0.12579907 0.079198902 1.767937 0.5
5.4363597 6.639354 -0.015014871 -0.058748265 0.00135 0.5
16.203011 2.4035318 -0.0015142367 -0.0036012544 5.312468 0.5
6.8559051 13.745873 0.063881474 0.069616037 0.320289 0.5
0.6335592 14.074854 0.01794985 -0.047132115 0.581132 0.5
12.127849 23.724719 0.025789273 -0.026057121 3.087421 0.5
8.6182431 23.010073 0.079381925 0.047785642 3.560403 0.5
17.10141 15.318461 -0.0002138575 -0.01335348 0.555117 0.5
13.000044 21.087921 0.0016261488 0.0047691554 6.220608 0.5
6.0060454 23.989462 0.050606408 -0.031147072 5.652715 0.5
19.406658 3.9944899 0.017516685 0.017674439 0.827952 0.5
3.2414665 10.854595 0.068820943 -0.01628598 1.054048 0.5
1.8309557 14.179138 0.11461082 0.009714973 0.319962 0.5
15.754352 3.5375075 -0.032376166 -0.015477264 2.464344 0.5
1.7527081 18.976379 0.0087999847 0.0014250817 3.780782 0.5
12.795103 24.7026 -0.038321024 -0.064313419 0.745414 0.5
10.568609 19.536664 -0.0051325018 0.01510338 3.348875 0.5
4.1045438 8.2754886 0.044068503 -0.063462048 5.365761 0.5
10.393545 21.234696 0.11727609 -0.030108792 0.445642 0.5
4.7775561 12.820879 0.051478596 -0.02556865 2.979068 0.5
18.36616 2.9418019 0.0064482005 -0.0032550448 2.813895 0.5
8.8847377 12.449164 -0.075472862 0.0040646432 4.039246 0.5
18.912692 25.752513 0.057481042 0.045071055 4.602055 0.5
0.73168135 15.292025 -0.021455035 -0.065717281 1.676583 0.5
9.7551065 6.0029509 0.013026789 -0.08924876 1.207935 0.5
25.938223 19.875623 -0.030034979 0.16238153 6.164191 0.5
8.6269256 5.7622352 -0.016903063 -0.037389545 1.491784 0.5
20.285328 22.379988 0.017260235 0.080690021 6.269379 0.5
5.264993 19.833975 0.10014735 -0.051202058 0.35856 0.5
19.845651 13.312873 -0.14868537 -0.018118236 0.326238 0.5
20.537163 20.770221 0.10213893 0.0067688529 1.608548 0.5
25.622981 12.034292 -0.00065119387 0.065603701 2.616667 0.5
0.6168406 12.828682 -0.037501755 -0.014214977 0.410672 0.5
24.481297 8.5826115 -0.0060176117 0.055038514 3.210668 0.5
4.3813558 15.291418 0.01559972 0.077016639 0.309541 0.5
20.992554 25.007608 0.34464638 0.24940192 1.761874 0.5
16.08673 21.666765 -0.0076259542 -0.058085561 4.731547 0.5
4.7770517 20.84961 0.0042840581 0.038786571 0.313065 0.5
14.031522 24.026011 -0.019064232 -0.033490257 0.087229 0.5
21.445211 20.113596 0.094465206 0.079096115 5.713071 0.5
10.857848 5.7263762 0.069896301 0.010030848 0.34983 0.5
3.795239 20.199781 -0.011819833 0.048642715 2.015368 0.5
2.0483872 8.1182844 0.038230636 0.0067844985 0.42176 0.5
22.819352 4.0476251 0.015749856 -0.0044397279 5.580866 0.5
10.906908 12.05928 0.017699763 0.056186301 4.066321 0.5
12.216905 22.471236 0.075711035 0.0074382118 5.863794 0.5
24.398408 11.181709 0.0040769283 0.11115297 5.355125 0.5
13.191043 7.4285628 0.08825807 -0.12620924 5.404824 0.5
7.0383077 12.361595 0.0051546929 -0.030754768 1.361005 0.5
5.8090627 5.5887326 0.024724468 -0.04765416 5.19755 0.5
4.0475564 5.8405639 0.052275408 -0.080730405 5.853071 0.5
0.94727389 11.758981 0.017854173 -0.019245231 2.830697 0.5
14.874713 22.084069 -0.04780222 0.016682211 3.251414 0.5
8.1327752 9.0123434 0.01766858 0.1579623 3.305262 0.5
9.4573955 19.309865 0.16320836 -0.020880543 3.841898 0.5
14.721559 27.292535 0.17801325 -0.031869975 4.917041 0.5
1.1522055 17.851754 0.056886459 -5.0275123e-05 1.726803 0.5
22.425898 14.355874 -0.11517768 -0.021098039 2.534849 0.5
21.102565 23.349756 0.11600251 0.15986176 1.985571 0.5
11.053406 15.44215 0.031259693 -0.037156542 5.636684 0.5
22.205107 24.529115 -0.00019320523 0.0032796119 0.642493 0.5
9.6498619 13.965485 -0.025710919 -6.9076712e-05 5.796573 0.5
24.41962 15.4813 0.1831303 -0.40241275 4.738871 0.5
9.6127505 23.950184 0.047178459 0.022201632 1.568073 0.5
10.91178 2.2364399 0.0095839546 -0.00083318904 2.749741 0.5
4.4520635 4.8003056 -0.032459042 -0.03805818 1.171823 0.5
8.6334476 16.137013 -0.037434884 0.0027247948 2.226958 0.5
13.555554 25.653959 0.15269241 -0.0067281759 1.548545 0.5
7.0235433 21.861935 -0.029716397 0.025382849 3.653333 0.5
12.410477 26.9739 -0.060182162 -0.030478716 4.394256 0.5
11.125305 17.401205 0.041643536 0.013654921 0.605652 0.5
3.8389391 17.694788 -0.07040449 -0.071781738 3.106146 0.5
1.0157445 10.622174 0.093553868 0.076165116 3.095002 0.5
16.283808 0.90304367 0.0063650302 0.003676617 1.841384 0.5
10.729735 13.828233 -0.42690146 -0.17372785 6.034028 0.5
11.124557 25.764819 0.086804686 0.047427831 1.857551 0.5
11.809693 19.276619 -0.0047086701 0.0087279143 1.702664 0.5
2.3548069 9.9390815 0.031674681 -0.041436578 1.16125 0.5
13.464632 2.3046712 -0.018578852 0.014872497 4.720586 0.5
19.402947 19.401508 0.068696093 -0.083482501 0.205718 0.5
16.850596 5.7583851 0.0049134993 0.0092373927 5.820667 0.5
7.8171992 25.589909 0.070684954 0.012327996 3.894129 0.5
17.356718 8.868849 0.42718531 0.15186632 3.074393 0.5
9.059674 26.336249 1.9990058e-06 -3.0131273e-05 0.467747 0.5
7.5812162 15.129363 -0.086413995 0.025347099 5.60533 0.5
17.847085 4.3161918 -0.0070846716 -0.019748032 6.227367 0.5
6.5593987 6.4298912 0.0083620771 -0.018301321 5.177094 0.5
2.2111027 20.425424 -0.022383996 0.10889693 0.203779 0.5
5.881897 13.168762 0.013056705 -0.02633376 6.095105 0.5
13.669721 0.79923977 0.0073155118 -0.029623746 5.150288 0.5
17.570147 1.0793778 0.0020711855 -0.00033361788 3.059892 0.5
23.045338 18.779375 0.16103493 0.16441964 3.692189 0.5
8.052661 11.646703 -0.003964273 -0.022085699 3.246869 0.5
13.176137 18.556745 0.011012314 0.010445882 2.032293 0.5
10.974592 10.68122 -0.15073301 0.26867297 6.136396 0.5
17.573121 16.728089 0.10482205 -0.14353718 4.563161 0.5
7.7085075 10.414336 0.049536884 -0.020546348 5.916686 0.5
10.024945 1.2325404 -0.0056207472 0.0018518559 1.344992 0.5
10.779818 7.1548452 -0.0065531148 -0.20780402 3.633442 0.5
3.5381719 13.01038 -0.022870584 0.04421533 2.78777 0.5
20.46663 6.2794073 0.0096596351 -0.032061174 1.483056 0.5
15.61485 4.9860855 -0.020153975 -0.0090885664 0.879468 0.5
8.7040572 3.2745592 0.010506994 0.0042334872 4.923104 0.5
9.9860167 10.138931 -0.077624026 0.065819301 5.350229 0.5
18.022392 22.348745 0.10363503 0.11971537 1.508644 0.5
11.037029 22.428019 0.051448977 0.030996413 4.32761 0.5
13.696479 22.119943 0.0032157308 -0.00022934338 1.3724 0.5
17.27132 25.732855 -0.016241062 0.20306892 2.64206 0.5
2.8650102 6.4646728 0.3330412 0.21051327 2.466218 0.5
7.4651991 5.4281512 -0.044727842 -0.017838787 0.69625 0.5
11.964323 14.43141 -0.076553486 0.42986782 0.502972 0.5
7.7280678 17.611934 0.035781474 -0.035744515 4.066135 0.5
4.2881912 22.614449 -0.038913016 -0.026050519 3.026607 0.5
3.6859711 9.7306318 -0.14462257 0.047551728 6.171553 0.5
10.022082 18.291592 0.066075228 0.012017884 3.767955 0.5
15.276096 6.220993 0.27454954 -0.069099925 5.349705 0.5
3.8825573 14.102094 0.085523913 -0.013136932 3.28374 0.5
14.541044 18.679076 0.011246951 0.012441897 1.964272 0.5
7.3174394 2.5701509 0.0016973791 -0.0030725813 1.170799 0.5
16.685555 4.4346765 0.00110737 0.030411962 0.802835 0.5
13.628493 6.0858208 0.080755501 -0.05252423 5.063896 0.5
19.176947 22.222362 -0.083848374 -0.0020891089 2.243796 0.5
8.4101174 4.5876062 0.0020819354 -0.0023826498 5.270568 0.5
12.493297 0.76984863 0.0060398272 -0.003925945 5.757172 0.5
14.56094 20.911486 0.0014949936 -0.00080283667 5.271397 0.5
6.7311703 18.467436 0.098548801 -0.0083600503 3.151318 0.5
9.0636281 17.334354 0.0086546529 0.044959508 0.221595 0.5
9.682011 8.7445191 0.022126939 -0.097122801 1.510648 0.5
23.920972 19.949739 0.002144079 -0.002636632 5.29405 0.5
4.8240413 9.363846 0.016772491 0.043220318 2.737677 0.5
9.1508898 25.181829 0.045264449 0.078831451 4.134415 0.5
3.0369009 16.171815 -0.055049847 0.017168943 1.432456 0.5
5.331409 22.09429 0.013455646 0.002799515 2.840655 0.5
9.7934787 4.839373 0.011031462 0.0021402299 2.899005 0.5
13.579366 8.6180543 0.045647653 -0.091376603 4.137855 0.5
9.9722343 12.740406 -0.019413483 0.10995843 1.992807 0.5
11.729049 8.609256 0.064114824 -0.068593501 0.375558 0.5
21.468445 21.752232 -0.0016769516 -0.0040302057 0.629977 0.5
19.825742 24.053738 0.044449601 -0.079841889 5.301885 0.5
3.0373774 14.930111 -0.047912117 -0.027049648 1.197725 0.5
2.716745 18.096535 0.021302173 -0.017594872 2.939026 0.5
23.275044 11.156589 -0.02056921 0.015162403 3.912909 0.5
11.257131 0.84416647 -0.0034303227 0.0024213687 3.115045 0.5
8.1052396 6.7898904 -0.028013276 -0.013497163 1.662001 0.5
6.027012 20.989047 0.0093461042 0.10504814 0.131507 0.5
