# x y vx vy theta radius
12.84132 2.9263766 -0.93700906 -0.35038146 4.408403 0.5
10.674344 3.6769504 0.00061687968 0.0061277444 1.764168 0.5
8.1121467 24.895105 -0.0446264 -0.0059307764 3.951996 0.5
11.583401 18.445617 -0.045691057 -0.0027460757 4.259518 0.5
15.59305 10.006491 -0.23006496 -0.14537803 1.882067 0.5
15.017718 16.519713 -0.10856513 -0.075715895 0.92276 0.5
2.1452059 11.572712 7.0472153e-06 -2.249417e-05 4.981497 0.5
18.916259 26.244151 -0.036460568 0.026051699 0.663689 0.5
23.560179 21.837706 -0.020522051 -0.022410836 4.599871 0.5
20.656088 14.370899 -0.03642395 0.076170786 3.315122 0.5
18.289952 21.438783 -0.078028672 0.054902964 5.224588 0.5
4.5454656 21.896172 -0.0003519458 -0.00010652478 4.739779 0.5
17.823485 23.511135 -0.026914023 0.0067111341 0.624425 0.5
5.3391024 22.810188 -0.00019985044 -0.0006189273 0.734434 0.5
5.7412172 21.439285 -5.0595148e-05 -0.00079859647 4.989084 0.5
3.8325705 20.898098 -0.00053346117 -0.0001007851 2.508867 0.5
2.4083488 18.026553 0.00011472784 -0.00043683175 5.939565 0.5
20.803295 10.211826 -0.075419984 0.084035192 0.028815 0.5
20.631849 17.929644 0.0036607455 -0.0013848232 3.449449 0.5
19.718539 8.8135793 -0.064431069 -0.050494585 0.592282 0.5
6.2853121 23.570399 -0.02168262 -0.013348576 6.045768 0.5
12.319953 22.012627 -0.076236612 0.0044183178 0.890473 0.5
13.490966 21.966238 0.014340668 -0.0075034708 2.353219 0.5
17.462113 20.64838 -0.0095063836 -0.0022815647 1.672869 0.5
15.453303 5.2064432 -0.026386985 -0.23718586 4.21507 0.5
18.122857 13.419043 -0.066785724 -0.040043997 0.4829 0.5
13.017186 25.210157 -0.033348461 -0.0069578769 6.274711 0.5
16.05481 22.138728 -0.058476504 -0.0020526291 1.301021 0.5
10.273764 18.679761 -0.00010962615 -0.00033807629 3.538852 0.5
9.678107 20.099808 -0.0030179019 -0.027868933 1.72413 0.5
7.3501287 20.023432 -0.0002338354 0.00037289622 0.779811 0.5
8.0113713 21.27842 -0.0075715288 0.013219668 1.209651 0.5
10.608 26.999223 -0.016066808 -0.021081599 5.377079 0.5
11.824438 23.0534 0.010367705 0.020655648 3.122843 0.5
16.817458 27.121881 0.0058925937 0.00017953457 4.105439 0.5
8.516128 22.31569 -2.2690528e-05 -0.00050510516 2.246795 0.5
5.1144576 10.318308 -0.0013266612 -0.0010459867 3.468535 0.5
18.426622 15.848552 0.011893349 0.029318957 5.532293 0.5
20.869733 25.184133 0.036812855 -0.034599531 0.531572 0.5
5.080232 24.001004 -0.00033690362 -1.5386757e-05 5.261584 0.5
3.8439598 15.197009 4.4334399e-05 -1.026993e-05 0.040113 0.5
4.8295495 7.1306758 -0.0041907201 -0.00043453084 4.576591 0.5
8.5138874 23.795365 -0.00021708203 -0.00027922891 0.209824 0.5
20.784629 22.763524 0.054892874 0.034211875 1.770879 0.5
1.6447848 16.455558 0.00049199995 -0.0013408906 4.791815 0.5
12.883733 7.1237786 0.012231212 0.0040917167 2.522673 0.5
9.0337189 26.481578 -0.0060416138 0.011507109 3.232151 0.5
7.0603056 25.383657 -0.026018683 -0.016937444 0.943125 0.5
16.395161 14.129984 0.0030932053 -0.02157193 1.031271 0.5
25.511164 10.566264 0.027678045 -0.079492263 1.523797 0.5
13.516184 26.344407 0.035181195 0.032544465 1.787492 0.5
20.574481 20.85123 -0.10418749 -0.032482216 3.056837 0.5
9.5324907 6.478394 -0.0049018506 -0.00045691895 3.332967 0.5
24.766079 20.738635 -0.014243418 -0.078066343 3.889918 0.5
16.0505 15.57929 -0.1498365 0.36273471 1.775857 0.5
24.790992 14.168393 -0.01715124 0.049343326 4.33857 0.5
12.101671 15.180647 -0.12572775 -0.054340005 2.652322 0.5
16.612461 18.566315 -0.034331601 -0.037749457 1.360759 0.5
8.5301873 20.265525 -0.019107637 -0.01139713 1.350476 0.5
21.813417 19.354986 -0.018668857 -0.096179647 3.139709 0.5
14.349835 18.784927 -0.083952161 -0.094434883 3.877928 0.5
15.481685 23.143941 -0.024851452 -0.019255914 4.111005 0.5
10.787827 8.2485192 -0.00052347732 -0.00038236845 4.354529 0.5
9.6407292 13.869723 0.00039362391 -0.00032566861 1.958136 0.5
23.672975 12.555051 -0.011957606 -0.024331497 1.935129 0.5
1.4121114 18.548658 -0.00010623553 -0.00090098446 0.983243 0.5
3.308991 18.880581 -0.00044513022 -3.9165984e-05 4.524452 0.5
20.489224 19.617622 -0.069610471 0.063974929 4.628506 0.5
13.731915 13.515999 -0.043049426 -0.0058991508 4.619789 0.5
23.681891 17.243739 -1.1961904e-05 0.0081622882 6.246698 0.5
19.494263 17.825815 -0.0053690886 0.055654027 2.597917 0.5
11.646738 17.311817 -0.074015641 0.0038529131 5.540445 0.5
15.122626 20.953521 -0.014265081 0.00075782761 1.135786 0.5
9.6820122 9.3733979 0.0029604286 -0.00089310829 0.649744 0.5
15.774807 11.583341 8.3088905e-06 -0.14959877 4.647872 0.5
13.527709 19.682183 -0.053451479 -0.015816343 3.116928 0.5
12.451813 19.345016 -0.016977445 0.016744425 1.058365 0.5
22.05141 24.745131 -0.001535448 0.012180667 1.223223 0.5
23.608059 20.524738 -0.063383554 -0.029711966 6.185729 0.5
21.307694 15.781369 -0.0680398 -0.020066047 5.03693 0.5
13.182116 23.04929 -0.018003504 0.033583147 0.158334 0.5
27.172937 16.123643 -0.020664997 -0.036715802 0.09489 0.5
4.1738837 19.642833 -0.00048923631 -0.00017374486 3.182579 0.5
15.479455 8.5700402 -0.10610764 -0.058337205 5.999337 0.5
3.1805556 16.43135 2.2497022e-05 -0.00011545022 0.712677 0.5
17.392057 15.111096 -0.18550891 0.021731413 1.70588 0.5
18.586058 24.440088 0.038642554 0.013570244 5.092516 0.5
11.455351 2.1912906 -0.0027609665 0.0025526886 0.506989 0.5
12.342708 26.158024 -0.052308024 0.017674888 4.452103 0.5
9.2418494 21.25754 -0.011072026 -0.011298578 3.429354 0.5
14.011356 27.390047 0.0061060029 0.01355339 5.942963 0.5
14.763033 24.133924 -0.022548079 -0.0039834009 2.062723 0.5
10.509975 20.965291 -0.018034087 0.020845519 2.598321 0.5
17.769708 25.517255 0.0030509737 0.01003908 6.159219 0.5
18.44493 20.069501 -0.090372596 -0.032357895 1.488917 0.5
10.53237 15.086454 -0.00042809172 -0.00070008386 1.927238 0.5
24.66907 19.615613 0.030114674 -0.010181333 3.98558 0.5
7.7507814 16.647035 -0.00058317128 -0.00024744566 3.515453 0.5
7.5036433 13.030096 -0.00065064886 -0.00087266885 3.362574 0.5
0.86022752 15.579684 -0.00019275745 -0.00025328174 2.617045 0.5
26.812429 14.225583 -0.040733928 0.0010017552 4.416501 0.5
6.1212469 13.306644 -0.0005460557 0.000667667 2.357123 0.5
10.570246 24.944102 0.0066513381 -0.014658867 0.027213 0.5
12.802362 16.71599 0.011277569 -0.01027899 3.270335 0.5
13.997502 20.833299 -0.023212463 -0.0041466814 5.133302 0.5
20.470275 24.09355 0.026887304 0.097883011 4.163048 0.5
8.9549279 12.913202 -0.00050518459 -0.00087485284 3.93618 0.5
13.847431 16.310788 0.035142795 0.040564437 5.951127 0.5
9.8654949 16.263507 -3.4487656e-05 -0.00072646244 4.082451 0.5
15.157005 27.380236 -0.063098342 0.064140219 1.780305 0.5
22.936748 24.010864 -0.076350761 -0.017335839 2.847882 0.5
5.6897933 18.261269 0.00036186774 -0.00046163089 1.767937 0.5
14.21438 25.136772 -0.0076205703 0.031230674 0.00135 0.5
11.195723 10.685727 -0.00074787811 0.00018572633 5.312468 0.5
16.503789 25.439022 -0.058619516 -0.046966593 0.320289 0.5
26.018392 18.754354 -0.053874427 0.018373825 0.581132 0.5
18.168467 18.791634 -0.0039514948 0.015089494 3.087421 0.5
7.2462378 24.179425 0.00040939439 -0.0017302765 3.560403 0.5
6.2995904 11.607788 -0.00046970299 0.00062395988 0.555117 0.5
22.63414 16.563614 -0.064662724 -0.01863527 6.220608 0.5
21.25166 11.722934 -0.037922406 -0.042889644 5.652715 0.5
1.9341309 19.886722 -9.8707838e-05 5.5644594e-05 0.827952 0.5
12.989473 17.974359 -0.00025935376 -0.0012029594 1.054048 0.5
15.324215 18.168199 -0.022062854 -0.047559959 0.319962 0.5
19.937737 16.664987 -0.040212449 -0.079828409 2.464344 0.5
18.60574 22.702579 -0.055478954 -0.048805063 3.780782 0.5
5.7660508 16.059823 -0.00107583 -0.00053325761 0.745414 0.5
11.194352 22.05838 -0.029647559 -0.0020801826 3.348875 0.5
25.829469 20.25661 0.082871414 0.012246266 5.365761 0.5
11.909481 11.709383 -0.099516414 -0.042641062 0.445642 0.5
13.599111 24.095991 -0.050212809 0.016538066 2.979068 0.5
5.1862703 11.974759 1.7448222e-05 -2.2405862e-05 2.813895 0.5
3.1065534 20.013096 0.00062059836 -0.00088869052 4.039246 0.5
14.71302 26.186344 -0.01263581 0.024956821 4.602055 0.5
15.196301 13.266581 -0.067832327 -0.024666747 1.676583 0.5
6.617892 16.867209 -0.00034652773 -2.9521089e-05 1.207935 0.5
7.9896887 26.013084 -0.02509924 -0.0049690224 6.164191 0.5
9.2887471 25.156489 0.0053363692 -0.033138943 1.491784 0.5
18.366667 17.043181 0.030322591 0.015173259 6.269379 0.5
12.890528 27.31639 -0.042547155 0.036502127 0.35856 0.5
4.236687 23.208483 -0.00065407191 0.00010543088 0.326238 0.5
6.5003432 6.284056 -0.0034960254 -0.0035438483 1.608548 0.5
14.337406 23.061925 -0.015115445 0.031819503 2.616667 0.5
19.657251 23.317017 -0.031837477 0.035537774 0.410672 0.5
1.9897536 8.8050073 2.6425289e-05 -2.4018557e-05 3.210668 0.5
8.130649 17.902429 0.00037497947 -0.0007062839 0.309541 0.5
19.6456 24.863991 -0.00054527286 -0.044130211 1.761874 0.5
4.541611 18.398454 -7.9592529e-05 -0.00057709646 4.731547 0.5
17.271306 19.501698 -0.056662741 0.019082336 0.313065 0.5
25.286813 17.442557 0.038855318 -0.032704365 0.087229 0.5
8.410572 8.5028551 -0.0064343076 0.0041775211 5.713071 0.5
14.290467 12.488453 -0.13843419 0.14137473 0.34983 0.5
10.500945 17.337249 -0.00059107986 8.1759641e-05 2.015368 0.5
9.0607798 18.919293 -0.0006797416 -0.0014753297 0.42176 0.5
1.5526464 13.471589 3.1896196e-06 -3.2491196e-05 5.580866 0.5
16.661754 12.996249 0.12934735 0.011920308 4.066321 0.5
9.7476371 24.124188 -0.00092199971 -0.00071256899 5.863794 0.5
14.701101 19.855924 -0.044642981 -0.003817192 5.355125 0.5
12.864189 20.95675 -0.070968205 -0.019572505 5.404824 0.5
18.927851 10.736639 -0.02367809 0.18026948 1.361005 0.5
24.670599 21.920371 -0.051526086 0.066050412 5.19755 0.5
13.50611 14.682176 -0.044476957 0.036149632 5.853071 0.5
3.4454003 22.29512 -0.00042346201 -0.00048380539 2.830697 0.5
9.1121099 15.42353 -0.0010283216 -7.5329039e-05 3.251414 0.5
21.708197 23.626492 -0.028186853 0.021403342 3.305262 0.5
5.1088461 17.283441 5.6051063e-05 -9.8425967e-05 3.841898 0.5
9.2522279 17.68132 1.4122675e-05 -0.00020997706 4.917041 0.5
23.722598 9.8643675 0.37550125 -0.059710517 1.726803 0.5
13.201598 12.371806 -0.21959145 0.0064940582 2.534849 0.5
2.5837373 7.1901514 -0.015742801 0.013875399 1.985571 0.5
17.259985 17.62048 -0.12106943 -0.057852473 5.636684 0.5
7.8071378 11.128024 -0.00062321349 -0.00021868372 0.642493 0.5
10.052812 22.041243 -0.010825647 0.010411011 5.796573 0.5
19.072042 14.697271 -0.028592575 0.017356323 4.738871 0.5
7.0037418 15.50787 -7.9823237e-06 -0.0010201416 1.568073 0.5
26.911478 10.36717 0.078551986 0.0080343626 2.749741 0.5
16.080993 17.14868 0.019134441 -0.079545533 1.171823 0.5
6.6689024 8.6070937 -0.002649593 0.003280108 2.226958 0.5
17.930568 26.838907 -0.04417376 0.037535617 1.548545 0.5
9.4591493 11.810846 -0.0029906005 0.0071088504 3.653333 0.5
3.6231074 17.630538 8.8724683e-05 -0.00076409546 4.394256 0.5
10.099202 25.974869 -0.0090735351 -0.0026348397 0.605652 0.5
10.820641 13.955023 -0.00067102525 -0.00084355517 3.106146 0.5
6.5574388 22.472304 -0.00030210472 -0.0012186895 3.095002 0.5
3.7746781 6.3999254 0.003166835 0.0034761133 1.841384 0.5
4.8612197 13.682018 -7.8789857e-05 -0.00052535215 6.034028 0.5
21.691203 13.398975 0.0083913299 -0.046524111 1.857551 0.5
9.3998324 23.051951 -0.00056516953 -0.00022757619 1.702664 0.5
23.927604 23.000807 -0.033215384 -0.010034684 1.16125 0.5
15.343475 25.2472 0.0020457754 0.0047587178 4.720586 0.5
5.2982015 19.387889 0.00013541252 -0.00030519744 0.205718 0.5
15.935428 19.784903 -0.023348066 0.066009833 5.820667 0.5
2.7708303 21.367681 3.211066e-05 -0.00078784191 3.894129 0.5
23.961153 8.4548968 -0.076669693 -0.15126088 3.074393 0.5
14.796887 15.288962 -0.055024044 0.0018911996 0.467747 0.5
11.889604 25.026888 -0.014222646 0.010054643 5.60533 0.5
8.1339528 14.646782 -0.00045985514 -8.4747369e-05 6.227367 0.5
20.034336 25.99962 -0.076868976 0.021315469 5.177094 0.5
11.220293 26.029951 -0.013743906 -0.0028857689 0.203779 0.5
23.891544 15.805055 -0.05491672 -0.0028189231 6.095105 0.5
10.836619 6.8665617 0.0014954047 0.012657627 5.150288 0.5
16.966846 16.446346 -0.0044729551 -0.072446859 3.059892 0.5
11.42918 19.881154 -0.0032403087 -0.008343758 3.692189 0.5
11.427944 16.157444 0.00016306106 -0.00085983562 3.246869 0.5
4.3128084 16.303203 -7.8624411e-05 4.44055e-05 2.032293 0.5
17.063564 24.472957 -0.063542674 -0.0011553648 6.136396 0.5
7.8776278 19.026645 -0.00011722515 -0.00034582005 4.563161 0.5
19.373062 19.181274 0.10111335 -0.019513028 5.916686 0.5
9.896954 10.564454 0.0037118955 0.0001563662 1.344992 0.5
22.217676 14.699459 -0.092126133 0.014437304 3.633442 0.5
24.304089 18.336888 -0.0021463799 -0.020964708 2.78777 0.5
6.8680265 21.27622 -5.3899395e-05 2.3514496e-06 1.483056 0.5
4.3241149 9.4421023 1.8362336e-05 -1.0452374e-05 0.879468 0.5
14.631664 21.972427 0.0056620286 -0.043451753 4.923104 0.5
6.9543056 18.175388 0.0001732653 -0.00072724616 5.350229 0.5
7.5376848 23.069183 -0.00063566659 -0.0004942786 1.508644 0.5
3.2415996 12.863661 -8.8414316e-06 -2.0386863e-05 4.32761 0.5
26.454142 17.522667 -0.045403043 0.05518466 1.3724 0.5
6.147617 20.354493 1.3900932e-05 -0.00056828243 2.64206 0.5
19.456313 20.755923 -0.030053337 -0.077424392 2.466218 0.5
1.825041 14.944472 0.00084404976 -0.00057517754 0.69625 0.5
4.9165169 20.592644 -0.00061415008 -0.00029531882 0.502972 0.5
22.785089 22.651696 0.036834732 -0.0020104619 4.066135 0.5
16.426176 21.074165 0.013125581 0.032730977 3.026607 0.5
4.3374972 8.2517959 -0.0055513972 0.01241335 6.171553 0.5
17.438038 11.807113 -0.015096584 -0.03024361 3.767955 0.5
23.016674 19.475862 -0.026724498 0.00063448974 5.349705 0.5
13.551255 6.0633533 -0.34563935 0.040718104 3.28374 0.5
17.168822 22.152895 -0.052620599 -0.024598254 1.964272 0.5
17.679834 10.395614 -0.11942682 0.019264929 1.170799 0.5
7.5340598 7.5575315 0.00015515968 1.7069196e-06 0.802835 0.5
16.701053 23.380748 -0.030439625 0.027209258 5.063896 0.5
23.442809 14.106861 -0.10433962 0.022284583 2.243796 0.5
16.860439 9.0119133 0.029137566 -0.091594633 5.270568 0.5
19.655369 22.163281 -0.052017966 -0.075711344 5.757172 0.5
15.877855 24.232294 -0.081963324 -0.0023344637 5.271397 0.5
15.850315 26.425256 -0.018033177 -0.032345719 3.151318 0.5
18.88869 12.022931 -0.055466889 -0.073468457 0.221595 0.5
1.0774055 17.477281 -0.00014297418 -0.0001532472 1.510648 0.5
21.653223 21.954709 0.040494353 -0.017557832 5.29405 0.5
12.467114 24.005738 -0.00042795333 -0.00017384259 2.737677 0.5
10.561856 23.130816 -0.00038494401 0.00034311193 4.134415 0.5
3.3443463 14.189281 -0.00021547523 -0.00043158768 1.432456 0.5
5.0482166 14.934167 -0.00016367566 3.5115727e-05 2.840655 0.5
14.056491 17.502014 -0.039194851 0.076255879 2.899005 0.5
21.836354 20.490136 -0.057153815 -0.084905258 4.137855 0.5
22.174558 17.991677 -0.072303252 0.062771592 1.992807 0.5
25.344557 15.47183 0.031047829 -0.070694891 0.375558 0.5
6.0675581 24.712613 -0.00024167711 -0.0015052578 0.629977 0.5
18.927939 7.3999183 -0.12415301 -0.095686862 5.301885 0.5
11.73232 27.213832 -0.017698402 -0.012571702 1.197725 0.5
11.285326 24.047466 -0.013048074 -0.019719219 2.939026 0.5
6.5135244 19.269798 -0.00033047775 -0.00063125284 3.912909 0.5
12.67762 10.646151 -0.00045164168 -0.00032212099 3.115045 0.5
8.5620804 5.4019095 0.0036503295 0.0054893 1.662001 0.5
11.682886 21.035266 -0.036213998 -0.0070906939 0.131507 0.5
