# x y vx vy theta radius
14.417368 17.383116 0.21388885 0.62995235 1.910281 0.5
15.409076 26.179631 0.081217191 -0.022215093 1.764168 0.5
21.870657 3.2952632 0.03546976 -0.084992484 3.951996 0.5
11.183657 7.3611746 0.0050598551 -0.0029028433 4.259518 0.5
4.9898757 22.206207 0.027538014 0.040520114 1.882067 0.5
19.216107 25.159765 0.014295638 0.059166859 0.92276 0.5
23.412333 10.743493 0.035156694 -0.1403985 4.981497 0.5
3.1893222 14.360305 -0.019982208 -0.032335459 0.663689 0.5
20.742155 10.213319 -0.04578222 -0.246011 4.599871 0.5
13.666257 0.73651816 0.015653722 -0.11118137 3.315122 0.5
4.2871547 18.673611 -0.1501024 -0.065167062 5.224588 0.5
19.717679 11.77545 -0.0042663752 -0.024850227 4.739779 0.5
16.394802 2.5350642 -0.033286954 -0.11769076 0.624425 0.5
3.7988737 16.825759 -0.088560821 -0.20565182 0.734434 0.5
1.014027 13.953321 0.17739033 -0.0050804592 4.989084 0.5
22.144373 9.6567526 0.013228813 -0.035772836 2.508867 0.5
20.467134 15.71567 0.037201615 -0.086949316 5.939565 0.5
13.479703 27.321998 -0.010779746 0.0052836673 0.028815 0.5
22.088152 17.891752 0.018639462 -0.15600507 3.449449 0.5
11.30311 24.95414 -0.043705692 0.025676021 0.592282 0.5
13.179947 25.772902 -0.038358093 0.17732243 6.045768 0.5
21.009793 11.683931 0.025993467 -0.035632712 0.890473 0.5
18.279892 24.496392 0.049664884 -0.059985779 2.353219 0.5
21.069739 20.828255 -0.097899568 -0.014519565 1.672869 0.5
24.607305 17.105275 0.028287636 0.0069362714 4.21507 0.5
10.764441 25.939132 -0.20424087 -0.16005596 0.4829 0.5
26.294229 8.7778386 -0.0029846111 -0.0069708843 6.274711 0.5
3.2898739 13.000414 0.1068449 0.054419638 1.301021 0.5
15.974803 24.102815 -0.022988231 0.18212704 3.538852 0.5
7.6125467 12.889123 0.0051752627 -0.01000128 1.72413 0.5
4.4133243 11.662588 0.27476508 0.28745202 0.779811 0.5
23.90557 14.523068 -0.031195307 -0.19081332 1.209651 0.5
24.573922 18.2833 0.013449624 -0.057847823 5.377079 0.5
20.318975 19.249139 0.13468522 -0.028268641 3.122843 0.5
23.331865 20.442186 -0.1057884 0.0034534614 4.105439 0.5
4.6752932 17.570995 0.093117546 0.10006906 2.246795 0.5
8.8339217 18.841671 0.039882328 0.04822814 3.468535 0.5
17.882125 15.40243 0.14071567 -0.15619938 5.532293 0.5
24.75001 6.3876153 -0.070636852 -0.02115046 0.531572 0.5
14.92305 27.376156 -0.01434139 -0.00058804711 5.261584 0.5
13.717086 24.749007 0.123439 0.10378321 0.040113 0.5
19.572592 22.857059 0.020021839 -0.036232896 4.576591 0.5
20.736178 23.053137 -0.11656918 -0.064017538 0.209824 0.5
20.189738 2.607995 -0.073485712 0.0022991879 1.770879 0.5
21.412581 19.58809 -0.21086652 -0.024358455 4.791815 0.5
17.733012 18.543334 -0.046429663 -0.14850136 2.522673 0.5
19.128598 21.176392 0.085946189 -0.21266759 3.232151 0.5
24.171659 12.746328 -0.24565445 -0.13399206 0.943125 0.5
21.155772 16.889054 0.27458909 -0.2088031 1.031271 0.5
9.9784915 22.300095 -0.067355029 -0.038776769 1.523797 0.5
21.619979 15.821304 0.086410666 0.049625601 1.787492 0.5
8.0113739 19.586952 -0.030053456 -0.066288973 3.056837 0.5
21.625236 8.4964644 0.0090530856 0.0085403115 3.332967 0.5
23.629283 9.4082475 -0.025538534 -0.041724566 3.889918 0.5
13.262472 21.190092 -0.083378773 -0.15087012 1.775857 0.5
19.561731 26.218863 -0.17490645 0.036839117 4.33857 0.5
20.602895 25.60824 0.01350051 0.036649533 2.652322 0.5
12.415894 19.93897 -0.16145031 0.15585909 1.360759 0.5
23.577038 16.660921 -0.092880618 -0.221306 1.350476 0.5
27.252622 13.471684 -0.0049919465 0.050238193 3.139709 0.5
18.868864 2.598983 0.02031513 -0.06815177 3.877928 0.5
9.5578231 14.645352 0.0043826106 -0.018384006 4.111005 0.5
6.8775074 14.692827 -0.13737747 0.07046252 4.354529 0.5
14.16997 22.619843 -0.1816177 0.025894239 1.958136 0.5
3.4435576 19.979692 -0.014713921 -0.016985159 1.935129 0.5
24.970001 14.852093 -0.009459555 0.11386557 0.983243 0.5
14.573821 14.962365 -0.028239566 -0.0024010793 4.524452 0.5
17.300852 27.034752 0.010845038 0.085450243 4.628506 0.5
7.9822028 20.728801 -0.0059156238 0.016297261 4.619789 0.5
15.427231 23.053551 -0.022422215 0.068053849 6.246698 0.5
25.804331 18.336052 -0.08830612 -0.059603558 2.597917 0.5
16.187569 27.062883 -0.15667372 0.00083477056 5.540445 0.5
12.676351 2.5409178 -0.01388421 -0.15301406 1.135786 0.5
2.6973003 17.037762 -0.0055848669 -0.090557474 0.649744 0.5
16.952734 14.541138 0.064548678 -0.24910408 4.647872 0.5
26.172196 11.627682 0.11744205 -0.26475182 3.116928 0.5
18.762677 10.2435 0.01405288 -0.032867923 1.058365 0.5
11.14774 21.939801 0.12934533 -0.22282022 1.223223 0.5
17.613566 7.0257553 -0.0098927888 -0.05685156 6.185729 0.5
26.933185 10.690706 0.036780846 -0.30135909 5.03693 0.5
18.946634 7.0610377 -0.0029627045 -0.026196857 0.158334 0.5
14.23155 26.458431 -0.0018102661 0.082792053 0.09489 0.5
18.151229 3.6602558 -0.016826768 -0.12105691 3.182579 0.5
18.652898 22.193251 -0.039617866 -0.017640035 5.999337 0.5
18.42609 26.692902 0.091524584 0.27044334 0.712677 0.5
25.047458 13.455927 -0.11331916 -0.044399981 1.70588 0.5
16.167008 18.440265 0.13881706 -0.12890425 5.092516 0.5
25.15699 19.325936 0.026368581 -0.046989391 0.506989 0.5
19.20722 19.339759 0.17587713 0.026197592 4.452103 0.5
9.0855604 20.305756 -0.07504172 0.080455761 3.429354 0.5
19.14961 17.922892 -0.080456948 0.1177666 5.942963 0.5
5.5992509 9.7428478 0.47272408 0.038841786 2.062723 0.5
10.990188 27.070622 0.11639696 -0.065432801 2.598321 0.5
26.243447 12.878224 -0.034899738 0.00059715824 6.159219 0.5
22.450013 21.457525 -0.059360406 -0.0041693859 1.488917 0.5
9.6904002 26.710117 -0.0059384225 -0.0070746091 1.927238 0.5
22.354619 11.275217 -0.21145809 -0.1390219 3.98558 0.5
27.054668 15.942519 0.096232738 -0.10765755 3.515453 0.5
15.562079 16.417888 -0.33782259 -0.22997149 3.362574 0.5
25.756672 7.7708379 -0.038514959 -0.01887579 2.617045 0.5
20.775794 18.238086 0.15090848 -0.17489588 4.416501 0.5
10.27051 21.088833 0.02361663 0.092578638 2.357123 0.5
22.324565 12.46018 -0.045928274 -0.045223619 0.027213 0.5
16.715656 8.0744919 0.028832367 -0.24741659 3.270335 0.5
4.7641009 23.709969 -0.042700604 -0.068066098 5.133302 0.5
10.906213 23.261644 -0.21628089 -0.14608581 4.163048 0.5
24.560056 20.402582 -0.046046872 0.032173216 3.93618 0.5
20.220865 21.6638 0.35948462 0.11544769 5.951127 0.5
18.713826 12.468911 0.015353347 -0.068021835 4.082451 0.5
18.438563 23.281092 0.088637509 0.24318022 1.780305 0.5
23.478464 6.8826126 -0.0099477637 -0.015929279 2.847882 0.5
5.5264817 21.171426 -0.084537491 -0.021057246 1.767937 0.5
25.767186 15.797598 -0.0050418531 0.086600038 0.00135 0.5
17.257814 13.080125 -0.17283334 -0.11188219 5.312468 0.5
8.1859162 23.607367 -0.11779668 0.12015196 0.320289 0.5
8.4726571 2.7746504 0.006098328 -0.27073275 0.581132 0.5
10.539597 18.313258 0.071892718 0.054007284 3.087421 0.5
24.42688 22.445902 0.031676201 0.014295787 3.560403 0.5
21.179736 6.5349504 -0.010382724 -0.047488936 0.555117 0.5
12.465865 22.459274 -0.084470846 -0.037398833 6.220608 0.5
14.593479 13.812496 -0.040565037 -0.011556249 5.652715 0.5
23.256885 22.2766 0.088283879 0.084450086 0.827952 0.5
25.164666 21.347291 -0.18001793 0.090219511 1.054048 0.5
25.790171 20.418861 0.063363555 -0.14716276 0.319962 0.5
17.1674 24.897719 -0.017491377 0.081982372 2.464344 0.5
26.048971 17.055849 0.0039407285 -0.13125051 3.780782 0.5
1.9107916 15.717461 0.10921423 0.011256336 0.745414 0.5
5.9098596 11.21067 0.002014739 -0.022654871 3.348875 0.5
22.426787 16.672389 0.0074115283 -0.090392217 5.365761 0.5
2.8429344 21.064227 0.015664059 0.0048999998 0.445642 0.5
26.861429 17.862743 -0.043495884 -0.0013845464 2.979068 0.5
23.244882 17.824117 -0.11606407 0.05267103 2.813895 0.5
22.442269 23.081485 0.070301407 0.13674167 4.039246 0.5
19.330893 16.459798 0.22636451 -0.48676293 4.602055 0.5
7.7712384 22.172587 -0.031118511 0.12597674 1.676583 0.5
20.106641 7.0287728 0.0075475544 -0.030992641 1.207935 0.5
20.896449 13.205625 -0.1444921 -0.13835881 6.164191 0.5
10.747402 15.583241 -0.074682609 -0.051157474 1.491784 0.5
21.73058 24.972877 -0.040168072 -0.00052384582 6.269379 0.5
26.297285 19.412113 0.099733149 -0.041306944 0.35856 0.5
14.327403 20.835696 -0.13071646 0.052865606 0.326238 0.5
7.0147227 23.119613 -0.058207061 0.12103308 1.608548 0.5
19.3505 9.0950474 -0.053434745 -0.01207824 2.616667 0.5
8.1646381 24.847169 0.11119529 0.072181096 0.410672 0.5
20.129012 5.3620969 -0.18133311 -0.010785838 3.210668 0.5
19.320647 15.335258 -0.00060774609 -0.084279835 0.309541 0.5
4.102302 15.626006 -0.099179884 -0.0008638508 1.761874 0.5
16.724229 19.783381 0.14422449 -0.084466228 4.731547 0.5
9.6044143 4.1781585 -0.0696546 -0.054916398 0.313065 0.5
17.29259 23.757389 0.023763801 0.049742664 0.087229 0.5
18.131544 14.052713 -0.074688662 -0.13124547 5.713071 0.5
22.505506 14.846573 -0.11319628 -0.10814335 0.34983 0.5
5.6454855 16.589391 -0.19498815 0.094167357 2.015368 0.5
6.6463981 18.951977 -0.066017934 0.031857219 0.42176 0.5
16.823911 11.517275 -0.0062601804 -0.013220555 5.580866 0.5
14.466183 23.882896 -0.11860016 0.065800669 4.066321 0.5
27.251042 12.033789 -0.13485686 0.04701672 5.863794 0.5
5.3388081 19.15517 0.049293884 -0.11638807 5.355125 0.5
16.544044 22.882118 0.19698041 0.21117876 5.404824 0.5
24.584627 15.936259 -0.006557675 -0.0076244349 1.361005 0.5
21.32252 14.650191 -0.03310407 -0.028419908 5.19755 0.5
16.049835 25.204253 -0.17950545 0.18122011 5.853071 0.5
13.460854 18.384633 -0.37728692 0.52175913 2.830697 0.5
15.638942 21.880377 -0.063173039 0.035989538 3.251414 0.5
20.487952 24.375164 0.060345174 0.11230637 3.305262 0.5
15.933429 20.67921 -0.33151672 -0.034780305 3.841898 0.5
12.019976 23.795056 -0.35052157 0.44414755 4.917041 0.5
13.548254 20.029771 -0.15197354 0.020124111 1.726803 0.5
12.221709 27.253308 0.026680068 -0.043818344 2.534849 0.5
24.303824 7.6490935 0.0028783452 -0.06375554 1.985571 0.5
14.972627 24.882891 -0.10222039 0.087574326 5.636684 0.5
16.931941 17.644112 0.035767059 0.30141356 0.642493 0.5
3.0619054 18.470043 -0.040558669 0.10179228 5.796573 0.5
26.98133 14.678424 -0.027133359 0.055094939 4.738871 0.5
25.955121 10.184379 -0.12071005 -0.086555958 1.568073 0.5
2.0037939 19.761363 -0.016865903 -0.011694906 2.749741 0.5
5.8006711 17.79165 -0.13451034 -0.034643036 1.171823 0.5
25.1866 8.9891652 -0.045226944 -0.019485361 2.226958 0.5
1.1341431 11.820131 0.10428866 -0.018335656 1.548545 0.5
11.278402 20.308715 0.023561828 -0.0064701976 3.653333 0.5
20.057902 14.173248 0.012575067 -0.082469177 4.394256 0.5
5.9619445 24.405944 0.0080710994 0.0083105819 0.605652 0.5
11.888099 26.166315 -0.1383479 -0.03274139 3.106146 0.5
22.32074 5.3448884 0.036199736 0.018351888 3.095002 0.5
19.366527 24.009689 -0.16278333 0.038376004 1.841384 0.5
20.362016 3.8378385 0.0003503341 0.064844601 6.034028 0.5
16.717557 9.2687576 0.36347636 0.039131289 1.857551 0.5
9.3358943 23.799769 -0.0070883372 -0.0058400279 1.702664 0.5
12.550936 24.865021 -0.037279898 0.28197571 1.16125 0.5
16.903364 26.001743 -0.42565795 0.051478866 4.720586 0.5
22.601256 24.2506 0.090060541 -0.00128113 0.205718 0.5
16.566918 15.848674 -0.12502603 -0.020420835 5.820667 0.5
8.8914343 22.774305 -0.16163723 0.12990679 3.894129 0.5
7.0975993 25.455706 -0.029996392 -0.0016520469 3.074393 0.5
15.749481 14.8372 -0.032216994 -0.15808758 0.467747 0.5
19.938045 20.29679 0.098022797 0.15213837 5.60533 0.5
12.06137 21.20762 0.12171539 0.2510712 6.227367 0.5
21.568816 23.775575 -0.33377231 0.038961673 5.177094 0.5
5.7723558 23.208319 0.11450465 0.015877276 0.203779 0.5
14.718322 6.1064529 -0.051865011 -0.012156369 6.095105 0.5
18.034981 25.652913 -0.057602219 -0.073528725 5.150288 0.5
22.864782 19.330006 -0.056891221 -0.14067349 3.059892 0.5
23.547086 23.442301 0.046566623 -0.004338279 3.692189 0.5
23.420909 4.5480837 -0.024041465 -0.034541144 3.246869 0.5
9.5708922 25.326535 0.0028512128 -0.013101446 2.032293 0.5
23.420017 15.535634 0.18362799 -0.028542721 6.136396 0.5
1.2504016 17.633732 0.0036752205 0.15100689 4.563161 0.5
4.5740094 20.312156 0.00076308923 0.0084411716 5.916686 0.5
22.035629 13.558511 -0.15884498 -0.02710067 1.344992 0.5
9.2076908 21.431547 -0.19518639 0.038519345 3.633442 0.5
9.2027505 17.713604 -0.083964539 -0.1031203 2.78777 0.5
16.882478 21.406046 0.018161112 0.23973799 1.483056 0.5
10.366066 24.245896 -0.26842654 0.044506544 0.879468 0.5
5.2140567 15.52247 -0.0055643314 -0.27320547 4.923104 0.5
7.1845078 24.257832 -0.093418344 0.13892698 5.350229 0.5
10.143728 19.366546 0.021438795 -0.096454688 1.508644 0.5
23.27716 13.422144 0.040434018 -0.11192764 4.32761 0.5
4.0687447 21.441516 0.0083312413 -0.023095624 1.3724 0.5
6.1247259 20.131912 0.078594085 0.14131238 2.64206 0.5
8.9791524 16.107635 0.013169306 0.011169434 2.466218 0.5
14.290522 19.12843 0.36726527 0.36207749 0.69625 0.5
17.932395 20.400256 0.092852366 0.0084284515 0.502972 0.5
23.360913 11.861404 0.0068477813 -0.044573701 4.066135 0.5
10.427275 16.877517 0.014781531 0.001677671 3.026607 0.5
11.636876 19.000741 -0.3607458 -0.06586357 6.171553 0.5
20.473762 9.153026 -0.07699198 -0.061228259 3.767955 0.5
24.000412 21.382701 0.06749313 0.029090134 5.349705 0.5
6.8341601 17.153591 0.093273647 -0.051865308 3.28374 0.5
24.539343 11.428755 0.016377206 -0.018883877 1.964272 0.5
18.098779 11.374059 -0.026453957 -0.010916108 1.170799 0.5
12.36076 18.019891 -0.47956904 -0.054716621 0.802835 0.5
22.837619 8.5374136 -0.01756535 -0.033399931 5.063896 0.5
7.5796999 15.901058 0.0320752 -0.16782842 2.243796 0.5
4.1903758 13.694359 0.014053841 -0.010744031 5.270568 0.5
13.163218 23.66268 -0.13432811 0.31925287 5.757172 0.5
9.3509812 5.4740986 -0.040895328 -0.046744467 5.271397 0.5
21.516316 22.147362 0.30359642 -0.22674929 3.151318 0.5
22.466659 7.4351239 -0.02279696 -0.030773174 0.221595 0.5
23.487537 5.7064304 0.027734246 0.045553861 1.510648 0.5
20.069211 17.297617 0.12805253 0.1984157 5.29405 0.5
24.815087 10.292743 -0.034779305 -0.015558024 2.737677 0.5
17.513808 22.31419 0.24159234 0.21727352 4.134415 0.5
12.516797 0.68302862 -0.029788067 -0.0042780595 1.432456 0.5
25.939758 14.205323 0.063372327 -0.017317195 2.840655 0.5
19.125216 13.541807 -0.042003366 -0.091632541 2.899005 0.5
15.253427 19.793831 0.10698473 -0.10765188 4.137855 0.5
5.0533437 4.975982 0.0014543651 0.005389387 1.992807 0.5
18.045743 16.992317 0.20143941 -0.050617767 0.375558 0.5
3.9465753 22.888465 0.14303264 -0.17849456 0.629977 0.5
6.2866147 22.173728 -0.15667708 0.020352475 5.301885 0.5
8.616467 26.23233 0.003327576 -0.0043204476 1.197725 0.5
6.9838597 21.300846 -0.021334492 -0.019741278 2.939026 0.5
11.586567 17.113327 -0.20114204 -0.24283993 3.912909 0.5
24.035072 19.340326 -0.21437808 0.051175268 3.115045 0.5
22.187783 20.365416 -0.0032568718 -0.12085082 1.662001 0.5
25.260678 12.316452 0.041137057 -0.14964127 0.131507 0.5
