# x y vx vy theta radius
9.7972768 12.748271 0.50159467 -0.43347579 4.4396471 0.5
19.921019 20.992372 0.0006133538 -0.0010598142 1.764168 0.5
13.941439 14.934741 0.039466462 0.023395409 3.951996 0.5
17.900261 22.37864 0.0068460179 -0.20584016 4.259518 0.5
14.10594 5.9288724 -0.0085688915 0.0050850169 1.882067 0.5
23.859092 10.485504 0.0049422458 0.0024029317 0.92276 0.5
8.9181296 21.620255 0.13130432 -0.13966652 4.981497 0.5
9.1390828 19.661753 0.0063710933 -0.12599292 0.663689 0.5
14.390523 25.299832 0.060052873 0.01380929 4.599871 0.5
2.4762481 11.851313 0.043125291 0.024052167 3.315122 0.5
4.3247918 16.651149 -0.0084674207 0.033492633 5.224588 0.5
11.057425 18.958407 -0.10607417 -0.055250465 4.739779 0.5
4.689333 11.302937 -0.13981278 -0.14539104 0.624425 0.5
6.4985772 16.862979 -0.013389056 -0.05097854 0.734434 0.5
2.0669919 15.605617 -0.13251885 -0.088327636 4.989084 0.5
25.289821 11.163444 0.0011944386 -0.001742855 2.508867 0.5
12.47374 12.698985 0.43282872 -0.33838222 5.939565 0.5
6.701759 22.513079 -0.12997087 0.16270811 0.028815 0.5
16.269922 13.099221 0.13163024 -0.021055347 3.449449 0.5
20.833613 14.235409 -0.0032274778 -0.0012556699 0.592282 0.5
27.102028 14.118685 0.0012860984 0.00071472572 6.045768 0.5
2.7875412 21.394998 -0.14976805 -0.11398953 0.890473 0.5
23.377726 13.183592 -0.00038731712 -0.0003471422 2.353219 0.5
25.947247 9.5761008 -0.00019790646 0.00062601513 1.672869 0.5
21.750269 15.538059 -0.0015796088 -0.0014197597 4.21507 0.5
11.161138 10.106398 -0.053303302 -0.067050345 0.4829 0.5
10.393566 13.84604 0.04775917 -0.01310626 6.274711 0.5
10.661726 17.774868 -0.011693986 -0.039040284 1.301021 0.5
24.35815 22.563957 0.12012959 0.010974287 3.538852 0.5
13.689611 13.009249 0.12262521 -0.10435595 1.72413 0.5
4.2735223 20.190842 -0.043779501 -0.16059125 0.779811 0.5
2.3675741 14.295678 0.019452077 0.011803552 1.209651 0.5
3.7751296 14.069655 0.00062656697 -0.022769975 5.377079 0.5
23.994653 17.621103 -0.0011099766 -0.00026843964 3.122843 0.5
20.428669 16.469322 0.16964116 -0.06194967 4.105439 0.5
9.4832452 24.362647 0.30352291 -0.00036973334 2.246795 0.5
24.531369 21.463378 0.026393014 -0.15720583 3.468535 0.5
19.210163 17.723018 0.06703765 -0.030600949 5.532293 0.5
9.6495095 26.627061 -0.033120504 -0.099814926 0.531572 0.5
11.905024 11.456493 -0.060011295 0.063528678 5.261584 0.5
17.461693 18.480504 0.073833066 -0.10778052 0.040113 0.5
22.537733 23.981759 0.015595184 -0.074620931 4.576591 0.5
21.768903 4.8823066 -0.0014583711 6.7926503e-05 0.209824 0.5
9.315259 25.501311 -0.022190846 -0.030097758 1.770879 0.5
10.25968 19.767201 0.00066311917 -0.037450567 4.791815 0.5
21.883497 12.691263 -0.00014508469 0.00025016414 2.522673 0.5
18.645642 14.39579 0.13338761 -0.265369 3.232151 0.5
17.637663 11.66052 0.0015318903 0.0039903746 0.943125 0.5
17.423505 25.83168 -0.036974095 -0.087847113 1.031271 0.5
5.0148702 15.769838 0.06516876 -0.025013201 1.523797 0.5
16.949394 22.972872 0.050824678 0.023922796 1.787492 0.5
3.9278065 21.243362 0.11917787 -0.19623166 3.056837 0.5
14.860666 14.225291 -0.025861627 0.010884685 3.332967 0.5
23.011636 21.813432 0.00034740918 -0.00051584109 3.889918 0.5
22.936332 18.538867 0.00083055364 0.00078687383 1.775857 0.5
14.207486 8.3802647 -0.056232037 -0.12377716 4.33857 0.5
25.622624 13.995005 -0.0011242273 -0.00041915277 2.652322 0.5
20.151175 12.818433 -0.0064763422 0.006776018 1.360759 0.5
19.156593 20.159079 -0.04043507 0.053276487 1.350476 0.5
26.962217 12.371939 0.001780324 0.00087164254 3.139709 0.5
18.803771 9.4940142 0.10551709 0.092715644 3.877928 0.5
20.138531 22.387053 0.080775641 -0.040800475 4.111005 0.5
10.489261 16.170532 -0.28628726 0.98641141 4.354529 0.5
10.575401 24.716619 0.095948702 -0.13739557 1.958136 0.5
15.635649 25.191225 0.2244331 -0.12601256 1.935129 0.5
18.814981 24.358746 0.15860806 0.187217 0.983243 0.5
11.193673 22.661814 -0.024761313 0.055134499 4.524452 0.5
16.721251 17.098446 -0.14130047 -0.14245176 4.628506 0.5
17.869471 23.577856 0.14028693 0.042024259 4.619789 0.5
10.511649 25.841822 0.076608448 0.14114713 6.246698 0.5
17.998613 17.231652 0.20600991 -0.074209123 2.597917 0.5
19.289988 2.6576121 0.1937647 0.054771484 5.540445 0.5
7.0325479 20.433006 -0.051046419 -0.042319635 1.135786 0.5
11.003238 15.040509 0.75941804 -0.034252065 0.649744 0.5
15.768536 27.317292 -0.014280756 -0.012800648 4.647872 0.5
6.1407924 13.185132 -0.027866095 0.091503284 3.116928 0.5
25.289584 16.925819 0.24733374 0.095024668 1.058365 0.5
13.319797 18.550125 -0.085980033 0.0071875913 1.223223 0.5
22.192777 19.509141 0.067148393 -0.082240722 6.185729 0.5
13.946306 19.467853 0.0048451323 0.10384124 5.03693 0.5
4.2751058 23.264876 -0.092893579 -0.071768014 0.158334 0.5
11.604379 26.177903 0.098835114 0.10879486 0.09489 0.5
7.0737657 14.480527 -0.097220938 0.097824322 3.182579 0.5
0.62916874 14.564892 -0.032992937 0.020561192 5.999337 0.5
20.859851 18.770352 0.077468861 -0.13686059 0.712677 0.5
17.511029 19.626593 0.080204593 0.099811885 1.70588 0.5
18.27968 5.1748746 0.13151443 0.4032568 5.092516 0.5
11.524246 6.4064171 -0.0074933965 0.0030258587 0.506989 0.5
19.799556 25.064414 -0.046039109 0.0088376144 4.452103 0.5
8.3644524 16.95807 -0.059548271 -0.12202987 3.429354 0.5
11.958209 27.262519 0.0032242719 -0.14960931 5.942963 0.5
21.798359 24.842581 0.0069862803 -0.0083098994 2.062723 0.5
8.6947335 18.265832 0.0093684549 -0.0080707446 2.598321 0.5
6.1406667 11.046849 -0.25145577 0.11165843 6.159219 0.5
21.720994 3.0362785 -0.0015427851 -0.00022205612 1.488917 0.5
8.3739592 20.599588 -0.074085167 0.04356119 1.927238 0.5
8.1998718 22.591657 -0.052626143 -0.048488511 3.98558 0.5
14.617382 9.5486711 0.021905333 -0.1054243 3.515453 0.5
19.103692 19.008722 0.053369719 -0.045125776 3.362574 0.5
5.0228952 19.32685 -0.028355389 -0.044666939 2.617045 0.5
7.4314772 2.4288359 -0.041948458 -0.013473432 4.416501 0.5
12.673841 15.283603 0.0042422351 0.029618606 2.357123 0.5
11.872597 4.3955335 -0.01852355 -0.0057026694 0.027213 0.5
12.742161 26.370918 0.10444062 -0.014459416 3.270335 0.5
7.2792501 24.6004 -0.012455417 0.027281273 5.133302 0.5
15.87971 23.608625 0.030339721 0.13358489 4.163048 0.5
17.895328 15.617539 -0.041050284 -0.042806015 3.93618 0.5
14.648292 27.301072 -0.13799185 -0.20233419 5.951127 0.5
1.9346965 19.944012 -0.10431513 -0.11459147 4.082451 0.5
25.671373 15.729654 0.00041852114 -0.00015366613 1.780305 0.5
19.954902 14.963659 0.2419683 0.034496279 2.847882 0.5
24.648326 12.901931 -0.00090129315 -0.0012549385 1.767937 0.5
20.543174 17.644234 0.20808987 -0.0087867 0.00135 0.5
22.419917 22.874118 -0.0030825225 -0.029660281 5.312468 0.5
1.6143054 18.447824 0.0012048204 -0.015532073 0.320289 0.5
18.442699 26.690528 -0.0037999275 -0.16528779 0.581132 0.5
11.676448 25.071657 -0.013573131 -0.12544191 3.087421 0.5
3.8803029 12.111986 0.0079948987 0.042023573 3.560403 0.5
11.033852 21.13305 0.026933296 -0.35989189 0.555117 0.5
8.0407241 19.20112 -0.09091361 -0.016542184 6.220608 0.5
8.4810564 26.243358 0.088895266 0.084492306 5.652715 0.5
23.437354 7.8430768 0.0001081759 0.0010328631 0.827952 0.5
9.3880187 15.579295 -0.00015630249 0.040949273 1.054048 0.5
26.725955 17.396973 0.00070272111 -0.00020289752 0.319962 0.5
3.4836181 22.379159 0.013780138 -0.0039774035 2.464344 0.5
5.1308917 20.950538 0.056195849 0.03779061 3.780782 0.5
6.0992847 15.215969 0.0027037096 -0.022330385 0.745414 0.5
25.700188 12.358727 -0.0013311405 0.00086842265 3.348875 0.5
16.19579 26.15977 0.051769069 -0.056545327 5.365761 0.5
17.36092 8.5097206 0.063453902 0.0096202735 0.445642 0.5
24.217695 20.385907 -0.0019988758 -0.00057881859 2.979068 0.5
25.035744 7.2486655 -0.12094032 0.28640339 2.813895 0.5
7.3310442 17.845348 -0.12857964 0.039950097 4.039246 0.5
13.689557 24.273841 -0.00056028034 0.036792837 4.602055 0.5
14.874605 12.887587 0.008702096 -0.16747454 1.676583 0.5
26.806896 15.22274 -8.0170853e-05 0.0017021341 1.207935 0.5
13.808655 20.75212 -0.13404968 -0.014762629 6.164191 0.5
4.7859818 22.113329 0.22101658 -0.11964142 1.491784 0.5
9.5273297 17.475513 0.035142959 -0.0018117529 6.269379 0.5
11.622233 13.401645 0.16391085 0.17456608 0.35856 0.5
15.963048 11.270486 0.014654512 0.087423097 0.326238 0.5
17.091581 9.7247094 0.45024561 -0.065057404 1.608548 0.5
7.4397569 23.400727 0.0013415662 -0.13569891 2.616667 0.5
12.290146 23.07965 0.041949558 -0.083902452 0.410672 0.5
7.8685059 10.723474 0.34903937 0.38435951 3.210668 0.5
3.162075 6.7063157 -0.034097909 0.20690843 0.309541 0.5
18.679113 25.470662 0.11274446 -0.15622055 1.761874 0.5
9.2967064 22.957647 0.040315358 0.015946535 4.731547 0.5
8.3080019 13.096958 -0.069543299 -0.32029793 0.313065 0.5
24.36502 19.231347 -0.00035597534 -0.001029211 0.087229 0.5
19.363652 11.883632 -0.001635198 -0.00073162254 5.713071 0.5
25.320849 20.654037 -0.00076142309 0.0020957662 0.34983 0.5
12.71112 20.447356 -0.029343667 -0.096535503 2.015368 0.5
4.6035721 17.991334 -0.055067153 -0.075611644 0.42176 0.5
15.305435 7.3710823 0.010861681 -0.012464977 5.580866 0.5
14.698533 23.101749 -0.16409811 -0.083369669 4.066321 0.5
18.992312 22.878902 -0.13571036 -0.079733666 5.863794 0.5
13.132961 7.7555828 -0.0023425123 -0.070268441 5.355125 0.5
20.732035 24.440291 0.0088581516 0.064324065 5.404824 0.5
19.743168 23.695984 0.090208887 -0.14959351 1.361005 0.5
15.028918 26.207004 0.073514758 0.075961196 5.19755 0.5
23.519351 23.416286 0.02454791 0.031983637 5.853071 0.5
12.18519 17.906226 -0.040683877 0.010329801 2.830697 0.5
24.591888 15.318324 0.071738975 -0.13274203 3.251414 0.5
27.220805 16.359739 0.00024041515 -0.0012819962 3.305262 0.5
18.262576 7.2772087 -0.0017933787 -0.0016163962 3.841898 0.5
21.537195 20.425601 0.29393197 0.1483482 4.917041 0.5
23.977841 16.439009 -0.020161386 0.0057501644 1.726803 0.5
16.442161 19.263123 -0.022328117 -0.041466443 2.534849 0.5
1.3035232 13.526736 -0.0058822837 -0.0087952938 1.985571 0.5
14.9474 16.549796 -0.024487152 0.047145337 5.636684 0.5
22.713839 16.309928 -0.025143209 -0.16362785 0.642493 0.5
9.7144981 18.723483 0.085625047 -0.081631408 5.796573 0.5
3.8287719 19.086931 -0.019857488 0.0086096642 4.738871 0.5
6.1877289 24.907502 -0.16864499 -0.068647171 1.568073 0.5
17.318034 14.096846 0.15898104 -0.27629713 2.749741 0.5
14.310095 22.015665 -0.061966994 0.01336444 1.171823 0.5
21.878907 17.623541 0.073152168 0.11262211 2.226958 0.5
1.0113301 17.269195 -0.011560313 -0.000628564 1.548545 0.5
19.104518 13.294849 -0.00042149985 -0.00055176672 3.653333 0.5
11.994649 21.72951 -0.0092139054 0.018365345 4.394256 0.5
15.557352 22.369734 0.041017484 -0.10056285 0.605652 0.5
7.4748466 25.741416 -0.018726782 -0.17527125 3.106146 0.5
16.013591 15.553614 0.02794475 -0.13393199 3.095002 0.5
24.266525 9.2076512 -0.0016346915 -0.00039301176 1.841384 0.5
26.632533 10.865377 -5.5976132e-05 0.00023879328 6.034028 0.5
23.198705 11.615793 0.0035989539 0.0052054567 1.857551 0.5
5.4154193 17.17559 -0.00066328245 -0.098846502 1.702664 0.5
5.1772958 24.131006 -0.021606681 -0.028733043 1.16125 0.5
15.78194 17.917194 -0.080194823 0.021616093 4.720586 0.5
3.3337807 17.506772 -0.19089844 -0.078289628 0.205718 0.5
23.025522 6.7699692 -0.0072878943 0.031790743 5.820667 0.5
11.407727 20.042458 -0.028286483 -0.010225557 3.894129 0.5
26.473557 18.890372 0.00091927843 -0.0013628701 3.074393 0.5
8.3668558 24.898676 -0.078204851 -0.085967737 0.467747 0.5
16.619062 20.537102 0.12865029 -0.011186865 5.60533 0.5
15.777909 21.289706 -0.014880157 -0.07104236 6.227367 0.5
21.158285 23.204581 -0.00017775229 -0.00015144698 5.177094 0.5
6.2238586 21.36319 -0.1226353 -0.12274383 0.203779 0.5
19.056425 16.588473 0.12476646 -0.18096927 6.095105 0.5
13.794319 11.065383 0.10603295 -0.15646607 5.150288 0.5
10.4112 23.501411 0.098746905 0.16477506 3.059892 0.5
11.479279 23.899728 -0.036362975 0.14754913 3.692189 0.5
5.9233584 20.155735 0.082731806 0.010401082 3.246869 0.5
13.106537 25.229451 0.024203075 0.030971194 2.032293 0.5
15.492323 20.02914 0.13272883 0.07480776 6.136396 0.5
12.874197 16.765178 0.13826297 0.012516097 4.563161 0.5
3.8904013 15.243394 -0.018050191 -0.011667807 5.916686 0.5
10.241016 22.078087 0.069648153 0.011221492 1.344992 0.5
19.125096 21.780915 0.13866226 0.015267918 3.633442 0.5
5.4645157 22.993726 -0.077023168 0.0032128061 2.78777 0.5
6.7427728 18.905184 -0.024858943 -0.16045353 1.483056 0.5
14.096135 17.297505 -0.033522312 -0.059628035 0.879468 0.5
16.649254 24.521545 0.095314616 -0.10924467 4.923104 0.5
14.568838 18.439709 -0.043501081 -0.11906824 5.350229 0.5
17.805339 21.138817 0.084842333 0.0033109449 1.508644 0.5
22.70507 9.982881 -0.0023183964 0.0023597996 4.32761 0.5
19.693777 8.815099 0.0144968 -0.0078240849 1.3724 0.5
5.6039291 12.091467 0.045402393 -0.05158428 2.64206 0.5
3.7341413 10.454534 0.030079867 -0.054961597 2.466218 0.5
13.010059 10.198874 -0.076911056 -0.15061143 0.69625 0.5
13.518364 27.424176 0.16771131 -0.12880527 0.502972 0.5
13.205232 21.747957 0.25183629 -0.062401032 4.066135 0.5
11.249907 8.0454916 0.0078091186 -6.6490244e-05 3.026607 0.5
5.6593608 18.355415 -0.037958044 0.069584236 6.171553 0.5
17.738817 24.730941 -0.072775945 0.028517441 3.767955 0.5
0.75701797 15.722723 0.0051145912 0.011268696 5.349705 0.5
12.268583 19.288069 0.12457965 0.036280614 3.28374 0.5
2.7940761 18.583384 -0.004322979 -0.012705638 1.964272 0.5
16.834707 21.727827 -0.17602066 -0.11419239 1.170799 0.5
22.563833 14.493966 -0.00062141426 0.0018336299 0.802835 0.5
6.269758 23.79553 0.031271739 -0.19956433 5.063896 0.5
2.5842927 13.161939 -0.010485472 0.010837212 2.243796 0.5
21.706115 21.509192 0.016477489 0.11338925 5.270568 0.5
13.471885 22.828152 0.15346363 -0.058566686 5.757172 0.5
16.199784 14.288807 0.041182277 0.028605862 5.271397 0.5
19.565882 26.203671 0.131545 0.097710388 3.151318 0.5
13.040332 13.944147 -0.15271265 -0.043538395 0.221595 0.5
25.097621 18.367004 -0.00036704918 0.0013406429 1.510648 0.5
20.9655 10.851689 -0.0020024065 0.0038699687 5.29405 0.5
9.8790955 20.976476 0.018323762 0.072632713 2.737677 0.5
13.913445 26.361526 -0.00013043897 0.075786797 4.134415 0.5
20.338322 19.834393 0.14254398 0.084861079 1.432456 0.5
3.0383279 20.304946 0.025313081 -0.068811655 2.840655 0.5
22.817768 20.690035 -0.00036024055 0.0012170878 2.899005 0.5
8.1225706 15.702975 0.066638141 -0.053581939 4.137855 0.5
16.159993 8.6202601 -0.019434286 0.01256366 1.992807 0.5
12.515146 24.273029 0.038257702 -0.039613552 0.375558 0.5
10.866239 27.06092 0.0037973434 0.031403163 0.629977 0.5
17.045492 27.055808 0.053388216 0.063452152 5.301885 0.5
7.6666278 21.536338 0.023691469 0.027726839 1.197725 0.5
14.885496 11.603213 0.0059633694 -0.010446122 2.939026 0.5
20.781991 25.594584 0.020073096 -0.17658937 3.912909 0.5
14.91136 24.319262 -0.013713967 -0.11376332 3.115045 0.5
8.5008719 23.774039 -0.019275658 -0.047283573 1.662001 0.5
3.2612155 16.229793 0.0096957722 -0.0078997592 0.131507 0.5
