# x y vx vy theta radius
13.625813 10.800743 -1.3908789 -0.3642554 3.2389918 0.5
21.655303 3.2880794 -0.23800535 0.04604306 1.764168 0.5
18.179794 25.605733 0.0088974884 0.0011889903 3.951996 0.5
8.7515979 5.3249338 -0.065456459 -0.10990284 4.259518 0.5
22.287202 10.415701 0.030528486 0.12885264 1.882067 0.5
14.163727 7.5488606 -0.060672228 0.0039336348 0.92276 0.5
16.719763 4.8944959 -0.0072082766 0.00096286637 4.981497 0.5
23.293064 7.2582282 -0.064432151 -0.087427872 0.663689 0.5
21.352162 23.876949 -0.017416599 0.019469289 4.599871 0.5
18.13113 3.1325636 -0.26373463 -0.087866901 3.315122 0.5
16.513679 22.83134 0.025165146 0.0020226811 5.224588 0.5
4.0930066 4.9254876 -0.0061844834 0.015841341 4.739779 0.5
19.117295 23.815274 -0.030259865 0.0014185271 0.624425 0.5
5.7865739 9.078698 -0.0021922026 0.0017286622 0.734434 0.5
22.639156 17.157337 -0.048502983 0.0057089374 4.989084 0.5
26.699656 9.5914758 -0.1050506 0.094581409 2.508867 0.5
11.294078 23.911453 -0.049146797 -0.027587534 5.939565 0.5
9.828274 17.244177 0.017787392 -0.0056826926 0.028815 0.5
8.9162648 6.5099981 -0.15818565 -0.20429742 3.449449 0.5
23.378891 11.078245 -0.0050205014 -0.032420702 0.592282 0.5
18.141168 1.6830685 -0.0022585342 -0.00048410187 6.045768 0.5
16.972398 18.851526 -0.041967402 0.043523468 0.890473 0.5
14.801328 18.511864 -0.043060662 -0.0083316243 2.353219 0.5
19.480757 3.7545306 -0.029065449 0.092588909 1.672869 0.5
19.604801 15.124468 0.050493157 0.0068766578 4.21507 0.5
24.872054 17.491132 0.050674487 0.047597341 0.4829 0.5
17.988844 19.497412 -0.035959674 -0.015625823 6.274711 0.5
7.1097127 18.691672 -0.045393118 -0.038272414 1.301021 0.5
15.751982 1.038732 -0.0016808384 0.0067981953 3.538852 0.5
11.442329 18.782678 -0.077041964 0.051619913 1.72413 0.5
27.112936 11.058914 -0.038043107 0.03455685 0.779811 0.5
27.288789 15.903543 -0.035455725 -0.045082971 1.209651 0.5
14.385785 4.3043325 -0.061361151 -0.19506591 5.377079 0.5
13.447101 1.935698 -0.0042720478 0.0049880052 3.122843 0.5
23.778755 8.381385 -0.021181695 0.11442015 4.105439 0.5
10.874998 19.774887 -0.024935099 -0.0076359146 2.246795 0.5
19.550493 8.1625098 0.013372931 -0.070175442 3.468535 0.5
16.449677 26.130387 -0.048254461 0.021260431 5.532293 0.5
24.378831 10.505792 -0.050290526 0.05690503 0.531572 0.5
8.8454022 23.214283 -0.038502723 0.054581288 5.261584 0.5
14.761417 22.455983 -0.042638388 0.015066422 0.040113 0.5
13.292171 19.271966 -0.0015176872 0.019665573 4.576591 0.5
6.2681403 12.986273 -0.13543981 -0.011051169 0.209824 0.5
10.783925 12.393635 -0.039272727 -0.010991207 1.770879 0.5
20.467715 7.501538 0.10191653 -0.062425297 4.791815 0.5
15.30721 25.725811 0.0018639658 0.017684738 2.522673 0.5
12.708895 25.987061 -0.012553805 0.0079652437 3.232151 0.5
22.445952 5.1942972 0.064404634 -0.027110936 0.943125 0.5
15.713062 4.0084426 -0.091674429 -0.20223403 1.031271 0.5
13.495213 25.162539 -0.042531532 -0.0029421542 1.523797 0.5
21.181038 5.4800222 0.034281689 -0.050989795 1.787492 0.5
24.889453 6.2141059 -0.036493989 -0.019802706 3.056837 0.5
11.793485 22.789296 -0.067983342 -0.029910284 3.332967 0.5
12.310233 21.685074 0.0037881733 0.058240193 3.889918 0.5
12.623507 6.6994574 -0.080386726 -0.013311458 1.775857 0.5
26.404871 15.211308 -0.03436437 -0.074231634 4.33857 0.5
24.374989 18.665185 -0.015117709 0.016715186 2.652322 0.5
18.878622 13.038895 0.039888811 0.024865948 1.360759 0.5
12.721088 8.13451 -0.066260564 -0.021227173 1.350476 0.5
17.593795 13.173871 -0.009526566 0.034369362 3.139709 0.5
19.48726 18.892185 -0.014253916 0.066699243 3.877928 0.5
20.031545 12.160067 -0.055870666 0.040479087 4.111005 0.5
15.964681 20.4896 -0.014707411 0.0074254771 4.354529 0.5
12.192174 20.356455 -0.024857046 -0.031412027 1.958136 0.5
22.187792 15.236086 0.0040848426 -0.03671004 1.935129 0.5
18.203946 26.737172 -0.027384511 0.038340453 0.983243 0.5
18.516532 4.3240658 -0.039838157 -0.1379895 4.524452 0.5
24.407292 7.2590791 -0.029435019 -0.0003909836 4.628506 0.5
19.138615 22.575975 0.019414894 0.030672682 4.619789 0.5
8.6253489 16.435286 -0.0075121042 -0.013383606 6.246698 0.5
25.579623 9.5009432 0.042828941 -0.0056384189 2.597917 0.5
12.781561 3.2035177 0.0260277 -0.17280219 5.540445 0.5
24.938195 21.723862 0.0012384397 -0.011108422 1.135786 0.5
27.297551 13.419868 -0.0080132391 -0.010791892 0.649744 0.5
20.799629 15.770074 -0.0036719314 0.079445121 4.647872 0.5
17.086019 21.48561 -0.028478294 0.0097123545 3.116928 0.5
25.34879 13.582789 0.064500582 0.060753337 1.058365 0.5
9.7659912 24.15428 -0.048180894 0.01944641 1.223223 0.5
11.325359 26.305516 -0.039511762 -0.048059016 6.185729 0.5
16.454016 12.814145 0.0075867668 0.10363776 5.03693 0.5
12.003002 27.271985 0.013165689 -0.0075312841 0.158334 0.5
19.169447 24.990859 -0.032310464 0.012270215 0.09489 0.5
16.895675 16.842972 -0.12472415 0.0098469325 3.182579 0.5
20.219816 4.6669082 -0.098103566 -0.043433086 5.999337 0.5
21.886871 12.854242 -0.058276442 -0.052622005 0.712677 0.5
18.774922 17.203074 -0.082474773 0.088314348 1.70588 0.5
27.406966 14.602717 0.051326083 0.015733979 5.092516 0.5
1.288373 14.178599 0.01377416 -0.0530672 0.506989 0.5
20.414544 25.808014 -0.019872077 0.026208721 4.452103 0.5
22.192082 6.344861 -0.08007151 0.036979391 3.429354 0.5
14.100825 26.146523 -0.034446553 -0.08432431 5.942963 0.5
20.227498 20.855976 -0.058231095 0.10760968 2.062723 0.5
12.022305 25.057548 -0.016461238 -0.030206882 2.598321 0.5
22.701314 19.846934 0.014259475 0.10388743 6.159219 0.5
24.399155 20.571795 -0.024151777 0.020760504 1.488917 0.5
25.673764 7.348065 -0.045522699 -0.030059011 1.927238 0.5
17.619382 9.7637578 0.088659621 -0.019619416 3.98558 0.5
23.306588 9.791123 -0.016127217 0.090373907 3.515453 0.5
13.658254 21.681973 -0.036840869 0.034886463 3.362574 0.5
22.558071 24.303667 -0.012686258 0.020430764 2.617045 0.5
11.807444 5.8216094 -0.055622056 -0.017623851 4.416501 0.5
1.3513407 16.63738 -0.010977121 0.03862254 2.357123 0.5
20.553822 19.768678 -0.0090189973 -0.020974448 0.027213 0.5
2.8696276 11.047658 -0.00061786079 -0.005358656 3.270335 0.5
13.342999 27.189174 -0.059295522 0.024121234 5.133302 0.5
15.732317 5.8938403 0.019946212 -0.35222527 4.163048 0.5
25.067317 8.3971949 -0.033188589 6.1815278e-05 3.93618 0.5
15.676279 27.002508 -0.03206033 0.066837276 5.951127 0.5
22.835203 20.968402 -0.0639225 -0.0098449601 4.082451 0.5
4.5670508 15.590341 0.0093002523 0.0010421571 1.780305 0.5
24.991102 19.60633 0.022943089 -0.006752301 2.847882 0.5
25.175884 11.293512 0.039904725 0.081532875 1.767937 0.5
21.667769 19.186269 0.0045828986 -0.0018730186 0.00135 0.5
26.280151 12.951877 0.02849358 -0.0049981309 5.312468 0.5
23.060226 16.008529 0.0030181877 0.048564536 0.320289 0.5
16.159362 17.999377 -0.049703559 0.020575864 0.581132 0.5
18.114375 24.379838 0.033628325 0.0094069159 3.087421 0.5
20.349126 24.489326 0.022056555 0.0038959407 3.560403 0.5
20.761185 14.65171 -0.013446905 -0.0029954635 0.555117 0.5
5.3287088 5.6805461 -0.00070756059 0.00057438184 6.220608 0.5
13.459243 23.111908 0.044295335 0.057738504 5.652715 0.5
14.771497 19.645215 -0.033405314 0.018508778 0.827952 0.5
22.066337 9.3191874 -0.040393948 -0.033407021 1.054048 0.5
18.757522 11.239921 0.0065466856 0.014322712 0.319962 0.5
23.796883 19.62358 0.10893737 0.063925328 2.464344 0.5
15.496319 8.8321878 0.010445539 -0.014792536 3.780782 0.5
27.06675 17.128177 0.024310975 0.045097577 0.745414 0.5
0.82253682 12.624312 2.3618787e-05 -5.1881941e-06 3.348875 0.5
21.861114 7.4362181 -0.073071928 -0.035822631 5.365761 0.5
18.490658 18.38088 0.02809123 0.016951203 0.445642 0.5
9.4170528 25.681853 -0.017700173 0.038348724 2.979068 0.5
25.102273 16.186049 -0.021876387 0.033337334 2.813895 0.5
26.066879 10.526837 -0.05757408 -0.088660298 4.039246 0.5
17.013708 8.6512651 0.034176322 -0.025941266 4.602055 0.5
23.225612 14.753467 -0.0080005656 0.096504039 1.676583 0.5
17.801075 23.083264 0.025005687 -0.045448664 1.207935 0.5
24.405183 9.3865637 -0.04572803 -0.048952579 6.164191 0.5
6.4789288 5.6433538 -0.010917919 0.0089048425 1.491784 0.5
4.425163 23.106401 0.047239363 -0.024177928 6.269379 0.5
19.189707 9.8818282 -0.008056099 0.056179354 0.35856 0.5
20.624068 18.551591 -0.025548881 -0.018103721 0.326238 0.5
19.177354 21.382391 -0.043848848 -0.013223695 1.608548 0.5
24.23475 22.642775 0.015318897 -0.032087919 2.616667 0.5
3.3969668 13.87129 -0.027321887 -0.0060059698 0.410672 0.5
26.005114 17.496806 -0.026373919 -0.041930902 3.210668 0.5
21.116013 11.545498 0.0022531902 0.030002543 0.309541 0.5
15.460276 23.413837 -0.054628206 0.027689273 1.761874 0.5
14.00621 13.566359 -0.13030125 -0.011071367 4.731547 0.5
10.105369 26.642304 -0.055852875 -0.014614302 0.313065 0.5
27.295249 12.22512 -0.018609588 -0.052214092 0.087229 0.5
17.604512 17.709628 -0.034180096 -0.0045143072 5.713071 0.5
8.1075017 26.028181 0.00030954918 0.027869021 0.34983 0.5
20.662849 13.161238 -0.014963582 -0.051251572 2.015368 0.5
18.602184 6.7638113 0.052366889 -0.084558763 0.42176 0.5
10.139016 8.2862851 0.040867467 -0.012576668 5.580866 0.5
17.791839 5.2470933 -0.033435068 -0.089912164 4.066321 0.5
23.436975 5.9837091 0.016138612 -0.11823372 5.863794 0.5
14.618195 20.790677 -0.015055379 0.070410339 5.355125 0.5
23.637195 17.72077 -0.014421101 -0.04399007 5.404824 0.5
17.132199 6.2003926 -0.094099679 -0.087158143 1.361005 0.5
5.0694892 11.510673 -0.0036067827 -0.0091748447 5.19755 0.5
12.87753 9.9739658 -0.027683792 0.026938816 5.853071 0.5
10.793448 24.948812 -0.046403916 -0.013250682 2.830697 0.5
19.734241 16.516193 -0.025846266 -0.051444823 3.251414 0.5
20.162646 22.04845 -0.038593749 0.055856155 3.305262 0.5
13.887131 17.429453 -0.050834862 0.033006692 3.841898 0.5
15.637652 16.183837 -0.020340819 -0.037402418 4.917041 0.5
26.21527 16.318924 -0.09227249 0.01391384 1.726803 0.5
26.235997 11.790478 -0.01537506 0.003062591 2.534849 0.5
25.571494 20.700483 0.020111777 0.017933536 1.985571 0.5
21.279467 4.3336995 -0.13892492 0.039905318 5.636684 0.5
21.194521 22.689347 -0.014521305 0.015862826 0.642493 0.5
17.901115 14.273628 -0.061833683 -0.061715053 5.796573 0.5
11.226409 1.8588279 -0.0037061132 0.0027608177 4.738871 0.5
23.042392 18.719908 -0.018853272 0.022668493 1.568073 0.5
24.339496 14.189412 -0.021979781 -0.0084421545 2.749741 0.5
8.081135 8.7490653 -0.1933661 0.036400405 1.171823 0.5
21.021434 10.33756 -0.078734697 0.081710011 2.226958 0.5
17.332077 3.9463606 0.024644241 -0.03217227 1.548545 0.5
17.370831 15.812196 -0.013540465 0.019787944 3.653333 0.5
22.347327 11.601248 -0.055215456 -0.093470608 4.394256 0.5
24.203718 11.862176 -0.039425304 0.056137165 0.605652 0.5
15.063011 17.263415 -0.013808747 0.039124283 3.106146 0.5
14.467401 24.027592 -0.027957461 0.036572129 3.095002 0.5
18.181658 21.91009 -0.013151432 -0.0036542279 1.841384 0.5
15.502984 14.955541 0.017017644 0.024610298 6.034028 0.5
22.568263 8.32315 0.013075833 -0.006890242 1.857551 0.5
24.282766 15.418681 -0.013943752 0.018106251 1.702664 0.5
15.541222 21.629455 0.0072450385 0.035117148 1.16125 0.5
22.277412 23.215815 -0.033882483 -0.021836371 4.720586 0.5
19.256253 20.256847 -0.005934558 -0.010905188 0.205718 0.5
16.753699 23.935064 -0.025561617 -0.037602832 5.820667 0.5
21.345242 8.4523641 -0.031144591 0.10098739 3.894129 0.5
7.0312589 22.453833 -0.011218285 0.0029582419 3.074393 0.5
8.4014422 4.108994 0.00034368386 -0.00055053559 0.467747 0.5
21.670161 21.644076 0.024097476 -0.03422681 5.60533 0.5
26.672054 18.388466 -0.033805548 0.0066080359 6.227367 0.5
19.619508 13.943124 -0.012216706 0.0042749576 5.177094 0.5
26.218314 19.527203 0.00094324325 -0.013926791 0.203779 0.5
22.685441 22.129062 0.0040971319 0.0089371241 6.095105 0.5
19.273159 26.341964 0.0145181 0.033597679 5.150288 0.5
23.686377 4.7898865 -0.17057021 0.13451638 3.059892 0.5
13.3235 5.5089025 -0.11328609 -0.046816207 3.692189 0.5
20.291649 9.1285646 0.01145267 -0.026108811 3.246869 0.5
19.13253 5.3763609 0.049718545 -0.097851649 2.032293 0.5
7.8559022 21.613977 -0.072788938 0.022523011 6.136396 0.5
17.68916 11.972003 -0.029315096 -0.02148136 4.563161 0.5
13.478842 20.503373 -0.03538641 -0.021617148 5.916686 0.5
8.5520255 20.086876 -0.0050339204 -0.0080202263 1.344992 0.5
24.019443 16.593015 -0.015398802 -0.014025971 3.633442 0.5
25.517266 18.541304 0.018223368 0.012858874 2.78777 0.5
12.80196 24.185645 -0.053046516 -0.026744231 1.483056 0.5
25.259867 12.471558 -0.012530265 -0.025074892 0.879468 0.5
26.199524 8.4616322 -0.06725708 -0.02244171 4.923104 0.5
26.364471 14.090683 0.056339787 -0.031812889 5.350229 0.5
19.905068 10.810361 -0.025815499 0.082014664 1.508644 0.5
14.444086 15.542781 -0.13086354 0.027708801 4.32761 0.5
8.3878412 10.954618 -0.083866995 -0.015598212 1.3724 0.5
6.6188969 20.971759 0.0011457801 -0.0053219105 2.64206 0.5
20.528497 2.7823774 -0.10027473 -0.1675755 2.466218 0.5
22.994359 13.656714 0.0077211897 0.031743752 0.69625 0.5
16.215667 2.7554926 -0.0036565174 -0.005797841 0.502972 0.5
15.825959 6.9545736 0.17101638 -0.70953368 4.066135 0.5
17.076658 27.061831 0.016782364 0.016812111 3.026607 0.5
21.863703 14.109783 -0.061809322 -0.065944658 6.171553 0.5
20.940389 17.358424 -0.057135991 -0.05035766 3.767955 0.5
6.3088721 23.747858 -0.00096797692 -0.00076640996 5.349705 0.5
16.237287 13.956576 0.076157975 0.032884493 3.28374 0.5
20.029275 6.2899128 -0.10083099 0.060855365 1.964272 0.5
14.5705 27.397986 0.0014979055 0.029345214 1.170799 0.5
19.832522 17.718831 -0.037992944 0.024628899 0.802835 0.5
20.160579 23.346497 -0.044133095 0.044480574 5.063896 0.5
25.30718 14.919561 0.00090997275 0.10257959 2.243796 0.5
17.166694 25.01932 0.041978071 -0.003834636 5.270568 0.5
14.487169 5.8095213 -0.017655698 -0.077158526 5.757172 0.5
11.051036 21.536967 -0.0317197 -0.012405335 5.271397 0.5
6.7692826 25.103261 0.019497261 0.056733844 3.151318 0.5
23.765147 21.596772 -0.034508859 0.029813603 0.221595 0.5
21.575562 20.427729 0.0026661401 -0.00062120492 1.510648 0.5
22.940251 3.9664674 0.067111042 -0.020235786 5.29405 0.5
15.853995 24.642903 -0.035869587 -0.0067926288 2.737677 0.5
17.056337 20.181316 -0.0077136981 -0.00071687561 4.134415 0.5
18.704205 15.847104 -0.06611025 0.016704714 1.432456 0.5
15.062083 2.3595768 -0.0021850643 0.0029283818 2.840655 0.5
17.35812 7.510922 -0.02201625 -0.052302146 2.899005 0.5
23.188174 12.378723 -0.0082468912 -0.072288151 4.137855 0.5
22.002627 18.081344 -0.0030558749 0.0094767045 1.992807 0.5
4.6226283 17.119895 0.046442206 -0.034945721 0.375558 0.5
23.415547 23.515835 0.019775759 0.0096989563 0.629977 0.5
21.445732 24.997247 0.038564618 0.010740501 5.301885 0.5
18.093854 20.625985 0.021493392 0.033526151 1.197725 0.5
6.6872229 17.12799 -0.0081916824 -0.012177592 2.939026 0.5
8.6995873 24.706811 -0.064270758 -0.038819766 3.912909 0.5
4.2049916 20.108137 -0.020063329 0.014237821 3.115045 0.5
21.716415 16.453616 -0.050039002 0.083433887 1.662001 0.5
24.122528 13.075865 -0.00034052661 0.083116967 0.131507 0.5
