# x y vx vy theta radius
22.599638 8.8845088 -2.5320936 -0.58107654 3.5148449 0.5
4.7922916 22.193779 0.0061583099 0.0038231891 1.764168 0.5
11.426836 14.742931 0.001291748 0.00096185894 3.951996 0.5
6.5539432 5.8912341 0.00016865876 -0.00016519205 4.259518 0.5
20.101604 22.014894 -0.0011748651 -0.052967653 1.882067 0.5
15.51528 23.52275 0.015197616 -0.0096577847 0.92276 0.5
4.7267556 10.318296 0.00019500052 0.00010700574 4.981497 0.5
9.4193019 19.858824 0.0017183302 0.0083768312 0.663689 0.5
17.093404 1.054209 -0.078504885 0.058334652 4.599871 0.5
9.6468923 3.8077514 -0.00012045376 -0.00067544476 3.315122 0.5
5.0015716 17.669937 -0.00094144276 -0.0014655867 5.224588 0.5
14.573428 7.8937366 -0.0021765814 0.0016941022 4.739779 0.5
20.848586 20.331391 -0.037327333 -0.0045298905 0.624425 0.5
13.601477 23.878759 -0.029065861 0.0010182101 0.734434 0.5
2.7579181 14.049705 0.00028125724 0.00094259795 4.989084 0.5
10.270446 23.837774 0.0064553937 0.0011096985 2.508867 0.5
1.1545232 10.379491 -0.00052384248 -0.00017331305 5.939565 0.5
13.193776 5.3036806 -0.0062920387 0.025312979 0.028815 0.5
10.020053 10.923821 -0.0038519044 0.010045048 3.449449 0.5
22.320004 17.856663 0.0054804613 -0.022503744 0.592282 0.5
13.531291 4.2214533 0.016957241 0.0049283681 6.045768 0.5
5.7756568 22.769015 0.0049979755 0.0030244686 0.890473 0.5
21.605467 23.229632 -0.15913511 0.11371435 2.353219 0.5
8.5156266 20.563464 -0.0041273966 -0.00079622376 1.672869 0.5
17.716677 26.771402 -0.019320404 0.00075984321 4.21507 0.5
7.8155646 14.478481 -0.0035970272 -0.00011323959 0.4829 0.5
15.273703 14.706014 0.0071341401 -0.0037097732 6.274711 0.5
11.093103 1.1213509 -0.067095759 -0.024292628 1.301021 0.5
19.666788 23.2786 -0.16873455 -0.16661186 3.538852 0.5
27.097491 14.035643 -0.088718304 -0.0050174174 1.72413 0.5
15.416952 9.3537646 -0.09574671 0.14417924 0.779811 0.5
17.650205 17.338337 -0.014921433 -0.0120099 1.209651 0.5
18.059801 22.958502 0.0068956483 0.12002084 5.377079 0.5
21.969704 3.3493791 -0.093189847 -0.037744461 3.122843 0.5
16.420642 24.392397 0.068185616 0.10120701 4.105439 0.5
4.1023384 23.087396 0.0048524477 0.005779281 2.246795 0.5
14.777271 4.4294204 -0.027311837 -0.0098810589 3.468535 0.5
12.385392 18.053122 0.0045717468 0.00094279205 5.532293 0.5
8.4917612 4.7018198 0.00041904269 -0.00024737372 0.531572 0.5
18.889302 25.923327 -0.042018937 0.21270488 5.261584 0.5
15.936406 6.3592838 -0.097291658 -0.010264592 0.040113 0.5
8.1583939 23.212889 -0.0034054822 0.011062846 4.576591 0.5
4.946273 7.125255 0.00039223053 0.0003612328 0.209824 0.5
5.060048 12.300166 -0.00060091384 0.00012574606 1.770879 0.5
13.387832 0.68682884 0.018996466 0.012707127 4.791815 0.5
12.177957 9.964119 0.0013287537 -0.00040513791 2.522673 0.5
12.158816 1.5063262 0.015850766 -0.039062996 3.232151 0.5
11.463976 19.190401 0.0014000964 0.0022357924 0.943125 0.5
19.550798 20.407326 -0.10568771 0.12693586 1.031271 0.5
11.983939 27.242738 -0.0036977316 0.0025553387 1.523797 0.5
5.8830148 24.634149 0.0011697408 -0.0001530167 1.787492 0.5
3.9935756 12.844541 0.00081052527 0.00034841972 3.056837 0.5
17.754136 6.1711085 -0.19557454 0.052585263 3.332967 0.5
4.9150241 16.542175 -0.00092403644 0.0065020386 3.889918 0.5
15.437204 18.523792 -1.3295647e-05 -0.0036433295 1.775857 0.5
2.8380461 12.798126 0.00074034623 0.0005335907 4.33857 0.5
18.043635 10.41819 -0.67747247 0.21854624 2.652322 0.5
16.315543 25.620397 -0.015844926 0.0041328004 1.360759 0.5
13.421353 25.38704 -0.0011910462 0.00572616 1.350476 0.5
3.070614 11.694719 -0.0051716423 0.00085249258 3.139709 0.5
2.9028546 15.271814 -0.0033297365 0.00473198 3.877928 0.5
8.9018153 16.809257 -0.00096625527 -0.0062549664 4.111005 0.5
5.9791438 13.086098 -0.00071147145 0.0010622974 4.354529 0.5
6.5394439 3.0362389 -2.79457e-05 -0.00025277158 1.958136 0.5
24.596107 20.749892 0.039910691 0.086397555 1.935129 0.5
16.286789 21.180282 0.0095599597 -0.046118362 0.983243 0.5
15.093066 0.90869193 -8.9804759e-05 0.00046272398 4.524452 0.5
3.4466226 10.558098 0.00084047351 -0.0015432583 4.628506 0.5
4.126739 18.40826 -0.0032757952 0.0029063149 4.619789 0.5
20.220714 7.331551 -0.59349555 -0.35410337 6.246698 0.5
3.7803046 14.556249 -0.0055911131 -0.0063715709 2.597917 0.5
8.3303482 13.431665 -0.0018183764 -0.008299252 5.540445 0.5
17.78181 2.5392794 -0.060744299 -0.10028181 1.135786 0.5
27.13904 16.468532 -0.015365023 0.24592494 0.649744 0.5
9.4587175 18.583375 -0.0010439299 0.0009033991 4.647872 0.5
14.787285 16.165676 -0.0079289141 0.00011639178 3.116928 0.5
7.6910044 21.345899 -0.0018962536 -0.002865673 1.058365 0.5
18.606742 1.763524 -0.022352293 0.011132995 1.223223 0.5
25.451356 19.056029 -0.14682427 0.11211238 6.185729 0.5
2.9104777 6.5580091 0.00056487508 -0.00040181761 5.03693 0.5
22.349123 15.642515 -0.22819889 -0.35123304 0.158334 0.5
7.2106211 18.572142 0.0032828598 -0.0043045626 0.09489 0.5
24.718859 16.683876 0.0084405439 -0.026761423 3.182579 0.5
14.339812 2.34174 -0.030978103 0.032977264 5.999337 0.5
10.681683 6.6553704 -0.11687067 -0.15949959 0.712677 0.5
13.348369 13.991804 0.0024144995 -0.0051888874 1.70588 0.5
4.3612624 19.624667 0.00095525853 -0.010622003 5.092516 0.5
15.052795 17.307565 0.0019417468 -0.0084508767 0.506989 0.5
1.1188394 17.817125 0.00047956734 0.00065276368 4.452103 0.5
6.5335556 10.047153 -0.00022382208 -0.00065630205 3.429354 0.5
2.2922091 19.757145 0.00032864467 0.00087236149 5.942963 0.5
19.18014 3.975112 -0.1089299 0.18936143 2.062723 0.5
8.9723308 14.432927 0.00044794967 -0.0054229792 2.598321 0.5
1.8428016 12.277347 0.001005401 -0.00057224195 6.159219 0.5
11.152282 24.56286 -0.11702189 0.14219912 1.488917 0.5
3.9532599 15.897201 -0.0094382407 -0.0053301339 1.927238 0.5
2.9562945 16.448418 -0.0050825945 0.0024097459 3.98558 0.5
10.208308 9.5706466 -0.0020748541 0.00041521033 3.515453 0.5
10.896462 13.440421 0.0062192088 -0.010620379 3.362574 0.5
11.742828 20.32492 -0.010541583 -0.0080832289 2.617045 0.5
13.154636 3.1261104 -0.012443925 0.0049504191 4.416501 0.5
9.3062718 1.4690406 0.00041684561 -0.00056158995 2.357123 0.5
20.192847 18.285967 -0.09834524 -0.16890672 0.027213 0.5
21.529868 12.502785 0.0054852072 0.072845438 3.270335 0.5
5.795226 10.922558 -0.0012989658 -0.00051366923 5.133302 0.5
5.2279737 18.86794 -0.0083744366 -0.0012648916 4.163048 0.5
4.238257 11.376599 0.0044045687 -0.0015910201 3.93618 0.5
22.211239 5.1478486 0.0070430143 0.13607474 5.951127 0.5
18.810569 19.406427 -0.24331546 -0.03878033 4.082451 0.5
8.8648063 6.6621986 0.00081510658 -0.00027831014 1.780305 0.5
7.2077459 24.335803 0.0018982875 0.00042170524 2.847882 0.5
6.1330318 14.548056 -0.0002958867 0.00017477459 1.767937 0.5
5.6079431 9.2416279 0.00056605877 -0.0020802135 0.00135 0.5
4.7023849 8.4335912 -0.00010615133 0.0013073188 5.312468 0.5
16.331962 17.016195 -0.25138409 -0.071133582 0.320289 0.5
5.827912 15.643962 0.0012162755 -0.0025961003 0.581132 0.5
16.462148 22.379589 -0.008762912 -0.054511718 3.087421 0.5
10.234704 5.6288914 0.0010997908 -0.00018761261 3.560403 0.5
6.4408099 20.537557 0.0053128104 -0.0076398876 0.555117 0.5
10.933602 4.2246218 -0.11600006 0.17961801 6.220608 0.5
12.314169 25.066563 -0.011279447 -0.0027383251 5.652715 0.5
6.2358661 19.364672 -0.0010560182 -0.00066126252 0.827952 0.5
17.443334 8.5158144 0.00016993561 4.4425229e-05 1.054048 0.5
5.3519881 20.152706 0.0054202882 0.0041021245 0.319962 0.5
9.9510636 25.080217 -0.0015070993 0.012251584 2.464344 0.5
11.913674 23.743189 -0.036822428 -0.012985395 3.780782 0.5
11.566934 11.141231 0.0096164935 -0.011756366 0.745414 0.5
14.395892 6.6395551 -0.0361146 0.12892908 3.348875 0.5
15.085755 20.927981 -0.061218212 -0.0099297849 5.365761 0.5
2.0121213 11.149447 6.4954388e-05 -1.2255481e-05 0.445642 0.5
16.627379 4.9121032 0.0010667792 9.2323041e-05 2.979068 0.5
16.586004 14.839205 -0.0054391302 -0.0055169943 2.813895 0.5
17.747133 20.25228 -0.00033006231 0.0095785995 4.039246 0.5
24.512453 12.941191 -0.32218961 0.058415271 4.602055 0.5
7.007015 15.441339 -0.0032065768 -0.0072733057 1.676583 0.5
7.294521 10.958089 -0.00021906788 -0.00069893904 1.207935 0.5
1.5907667 13.378814 0.00033971181 0.00013084302 6.164191 0.5
13.196171 15.287706 -0.00080368015 -0.00014010358 1.491784 0.5
12.634865 21.141912 -0.0024319219 0.0090010445 6.269379 0.5
4.3390499 20.977486 0.00060087796 -0.0008798912 0.35856 0.5
2.4262518 9.9750119 -0.005773867 -0.0039894753 0.326238 0.5
3.4206391 20.275892 -0.0103907 0.0015046284 1.608548 0.5
11.640214 8.3033784 0.0022766685 0.041950972 2.616667 0.5
12.212464 13.224749 -0.0062095268 -0.0047272854 0.410672 0.5
1.7177467 14.582575 -0.00093490138 -0.00052578054 3.210668 0.5
2.5106351 20.950952 0.0010708428 0.0014892872 0.309541 0.5
8.7570005 10.012634 -0.014220255 0.005414824 1.761874 0.5
11.977473 15.804173 0.0031749256 -0.0022120926 4.731547 0.5
10.240675 2.6631397 0.0015500324 -0.0025113404 0.313065 0.5
9.8268882 17.49777 0.00052164304 -0.00022575761 0.087229 0.5
14.236079 22.787324 0.0068267482 0.015685306 5.713071 0.5
15.180491 25.481599 0.025987812 0.05077487 0.34983 0.5
7.0324547 8.9281257 -0.00060462515 0.00027299282 2.015368 0.5
7.8792038 3.1749369 5.4645033e-05 0.00038568784 0.42176 0.5
4.5763415 4.7525116 0.00014542799 0.00045891836 5.580866 0.5
13.765889 19.038852 0.00019972542 0.007090731 4.066321 0.5
6.020853 4.7780612 -0.00010351692 -0.00032452752 5.863794 0.5
21.484141 21.253758 -0.083149724 -0.27307476 5.355125 0.5
1.9261091 15.849995 0.0014053552 0.00046574336 5.404824 0.5
0.69215116 15.404442 -0.00037267693 1.6270842e-05 1.361005 0.5
21.354211 7.7495432 -0.16626221 0.0020246767 5.19755 0.5
9.4790209 12.415317 0.00034469102 -4.8242711e-05 5.853071 0.5
11.390805 17.250574 -0.010781334 0.0014263523 2.830697 0.5
6.7818062 23.28821 0.00024702735 0.0062295403 3.251414 0.5
2.2664801 7.578768 8.2963913e-05 0.00035261507 3.305262 0.5
7.4916057 12.426669 0.0010162494 0.0012565292 3.841898 0.5
10.729053 18.197256 0.0011898585 -0.0009406959 4.917041 0.5
5.5572299 3.5994487 0.00012157013 -0.00018506845 1.726803 0.5
14.025919 20.164578 -0.0092128844 -0.0035052885 2.534849 0.5
8.3513196 19.134078 0.0032123293 -0.0025731211 1.985571 0.5
8.5239082 22.116258 -0.001299379 0.0017867708 5.636684 0.5
2.0174716 17.100859 -0.0004145356 0.00090175085 0.642493 0.5
3.9134149 5.8668533 -7.6636827e-05 0.00086429012 5.796573 0.5
8.9168577 24.182717 -0.0025300145 -0.0039939179 4.738871 0.5
18.036689 11.844695 0.0026143509 -0.023597537 1.568073 0.5
8.3006082 17.782638 -0.0046595812 0.0011370005 2.749741 0.5
9.4021166 15.579777 -0.0019921446 0.0035426584 1.171823 0.5
0.72347704 12.62612 2.7366666e-05 0.00044328204 2.226958 0.5
9.3961665 8.2718389 0.0015332567 0.00016566538 1.548545 0.5
19.203173 8.1872594 -0.39182015 0.18980552 3.653333 0.5
25.944146 15.488498 -0.0051377084 -0.0007302347 4.394256 0.5
13.882978 26.530474 0.0014275311 0.0021236845 0.605652 0.5
6.0718058 18.016936 -0.00039118836 -0.0037143806 3.106146 0.5
0.90033481 11.485005 -0.0007543919 0.0012174959 3.095002 0.5
14.26989 10.691652 -0.024012193 -0.023232332 1.841384 0.5
20.357165 24.458584 -0.11143138 0.22276517 6.034028 0.5
16.105023 11.57973 0.010109328 -0.016215974 1.857551 0.5
3.9392063 17.131881 0.00049024737 -0.0001634134 1.702664 0.5
11.508862 2.7870865 -0.11263332 0.0054320782 1.16125 0.5
4.9956936 13.912296 3.1233256e-05 -0.0040848347 4.720586 0.5
22.765608 21.402335 -0.10486544 -0.17740646 0.205718 0.5
16.001678 13.563862 -0.00056470822 -0.0011838327 5.820667 0.5
6.1375263 16.849447 -0.0011377305 -0.0046415459 3.894129 0.5
16.258283 20.04911 0.0030842834 -0.0055516297 3.074393 0.5
18.090978 16.181147 -0.076869267 -0.046464973 0.467747 0.5
13.146952 16.748975 -0.017307852 0.0090145398 5.60533 0.5
9.7703398 22.498613 -0.004931845 0.002174259 6.227367 0.5
5.865518 8.0468548 0.00012954071 -0.0011242888 5.177094 0.5
14.64587 13.114944 0.012960248 -0.0099107725 0.203779 0.5
13.390269 7.6727742 0.0014813174 0.0014954088 6.095105 0.5
3.4867497 21.79809 -0.0013716796 0.00047002319 5.150288 0.5
17.809427 24.405028 -0.0086020287 -0.028120893 3.059892 0.5
10.168901 14.685963 -0.0034518113 -0.00047345094 3.692189 0.5
4.8018771 15.055463 -0.0038361953 -0.0051612878 3.246869 0.5
7.6710748 6.5808681 -0.00058412175 0.00041241646 2.032293 0.5
7.3078898 19.800884 0.013044083 -0.0072763481 6.136396 0.5
7.2083874 13.518253 -0.0056465435 -0.009671809 4.563161 0.5
16.931405 18.35339 -0.080673478 0.060835758 5.916686 0.5
14.134918 21.63323 0.0050738836 -0.049219024 1.344992 0.5
7.2672829 4.2981527 0.00013546268 -0.00016729787 3.633442 0.5
12.868241 19.818861 -0.0052883788 -0.00048258117 2.78777 0.5
1.9589174 18.582756 -0.00060628768 0.0012211562 1.483056 0.5
8.3938767 8.8958088 -0.0065946808 -0.018671875 0.879468 0.5
14.537972 24.532463 -0.14039467 0.086243622 4.923104 0.5
7.8424987 25.357813 -0.016190276 0.018065204 5.350229 0.5
23.808607 5.4027698 -0.021416764 -0.30020249 1.508644 0.5
9.7639037 21.304654 0.0044584921 0.004943823 4.32761 0.5
17.952929 4.2925778 -0.081582941 0.014353094 1.3724 0.5
10.918232 22.859704 -0.070257939 0.044990055 2.64206 0.5
8.1790974 15.816136 -0.0045923108 0.0041465439 2.466218 0.5
5.2118587 5.8288713 8.8110314e-05 9.1150449e-05 0.69625 0.5
13.562561 17.87969 -0.010613112 0.0030540746 0.502972 0.5
19.039809 14.86793 0.12211675 -0.22740212 4.066135 0.5
8.5682644 11.187183 0.001168471 -0.00026511206 3.026607 0.5
20.60838 16.602322 -0.081123502 -0.075193502 6.171553 0.5
2.638508 8.6591576 0.0011026638 3.9998361e-05 3.767955 0.5
1.473996 9.1865527 7.5067744e-05 9.6803126e-05 5.349705 0.5
7.3772119 16.963887 -0.0030946078 0.0018779701 3.28374 0.5
2.9065118 17.904002 0.00038963329 0.00065681575 1.964272 0.5
11.793131 5.2578039 0.0037193575 6.8702428e-05 1.170799 0.5
19.154798 24.518358 -0.039526036 -0.011604132 0.802835 0.5
3.2778981 19.153813 -0.0012757798 -0.013758711 5.063896 0.5
12.598727 11.8049 -0.13782187 0.060192553 2.243796 0.5
8.0318909 7.7936784 0.00051655857 -0.00048696771 5.270568 0.5
10.522228 8.3927909 -0.061464891 0.0029809844 5.757172 0.5
23.478293 22.429397 0.1416829 0.010291068 5.271397 0.5
5.6218093 21.405575 -0.0034261638 0.0024406371 3.151318 0.5
9.2131888 26.286416 -2.8828094e-08 -1.6981855e-06 0.221595 0.5
16.990616 7.1820293 -0.12940956 0.1654396 1.510648 0.5
24.890156 7.0365415 -0.17717804 -0.045558138 5.29405 0.5
6.7190694 21.920179 -0.0060283281 0.006343918 2.737677 0.5
5.0957029 23.749679 0.00065539882 0.0012353958 4.134415 0.5
12.005435 22.293483 0.024465784 -0.0069194203 1.432456 0.5
0.85587036 16.689572 -0.00062255569 0.0013954499 2.840655 0.5
6.5080677 11.834354 -0.000238541 0.0016657354 2.899005 0.5
20.240379 25.657755 -0.082324661 0.29837718 4.137855 0.5
15.640063 26.753263 -0.0067558312 -0.030283091 1.992807 0.5
3.729001 8.9945586 -0.00013884239 5.2200232e-05 0.375558 0.5
3.7953178 7.5689345 -0.00041475831 -0.00063234142 0.629977 0.5
10.56609 19.949273 -0.0078316267 -0.0065711639 5.301885 0.5
0.64460379 14.029281 -0.00047532 0.00093892625 1.197725 0.5
10.527112 15.907571 -0.00085442342 0.0046150943 2.939026 0.5
18.215128 13.98544 0.0075521999 -0.014026444 3.912909 0.5
13.112647 22.513 -0.046340422 -0.090901938 3.115045 0.5
18.73915 21.863148 -0.14269026 -0.013114111 1.662001 0.5
10.991927 21.610978 -0.084764724 -0.047582208 0.131507 0.5
