# x y vx vy theta radius
0.87520119 13.684468 0.30409783 2.8458348 5.9109381 0.5
12.101461 4.9581791 -0.037586347 0.093897339 1.764168 0.5
7.3058653 2.5740997 -0.015134206 0.0070395596 3.951996 0.5
8.211901 23.97696 0.027057279 0.049962274 4.259518 0.5
8.0388364 12.165818 -0.1018156 0.082208508 1.882067 0.5
13.290655 24.148088 -0.0050672849 0.0027215534 0.92276 0.5
18.415457 8.0471397 0.0040415563 0.026509257 4.981497 0.5
23.337782 21.992293 -0.00039560219 0.00067002664 0.663689 0.5
10.04625 16.384868 0.034975312 0.079849586 4.599871 0.5
14.133187 25.064675 -0.0014336041 0.0013302114 3.315122 0.5
27.041509 10.939656 -0.00013633484 -0.00044903844 5.224588 0.5
5.3151637 16.975681 0.0019352425 -0.018430291 4.739779 0.5
26.116386 19.703512 0.0017768468 0.0002935453 0.624425 0.5
25.678625 7.4330933 -0.00028630044 -0.00011368437 0.734434 0.5
10.654591 13.527369 0.06573199 0.01824212 4.989084 0.5
18.064715 15.666041 -0.052264112 0.05793276 2.508867 0.5
24.102507 20.903602 -0.00025483967 -0.000952758 5.939565 0.5
22.95302 5.8646941 -0.00035081137 -0.00072748482 0.028815 0.5
9.4142592 12.831325 -0.040673308 0.074439358 3.449449 0.5
14.744286 6.1443508 0.035576982 0.090792004 0.592282 0.5
23.26917 7.1505735 0.00043864111 -0.00024275881 6.045768 0.5
22.920584 20.670689 -0.0011370061 0.00063844931 0.890473 0.5
13.775075 21.405046 0.0046480436 0.00049201072 2.353219 0.5
25.523379 20.879006 -0.0003660994 -0.0027139688 1.672869 0.5
19.460911 2.9619122 0.14045563 0.039190717 4.21507 0.5
18.473071 10.625974 0.036067789 0.0099519041 0.4829 0.5
16.815995 20.531763 -0.00089125412 0.00080875489 6.274711 0.5
10.938412 15.182258 0.031564698 0.049509026 1.301021 0.5
22.428597 16.014364 -0.00017749451 -0.00064265003 3.538852 0.5
8.6587788 17.534549 0.030320294 0.000427817 1.72413 0.5
9.7011129 18.702691 0.019636754 0.004873338 0.779811 0.5
8.3365172 13.711148 -0.0064161095 0.021400422 1.209651 0.5
4.2514492 22.27115 0.014486506 0.0077102884 5.377079 0.5
10.97899 20.089358 -0.00054274148 -0.00066683037 3.122843 0.5
26.679206 18.386815 0.0012617057 0.00036079316 4.105439 0.5
19.018805 7.0924384 0.0068108484 -0.044841995 2.246795 0.5
16.345202 8.1640969 -0.043136697 0.014794559 3.468535 0.5
12.757041 10.150772 -0.08537059 0.066760338 5.532293 0.5
17.589721 26.145054 -0.00050341375 -0.00018560034 0.531572 0.5
15.34301 24.976936 0.00031287006 -0.0033422985 5.261584 0.5
9.4319996 11.510079 0.050287775 0.043361253 0.040113 0.5
20.016837 6.480024 0.037354393 0.049719277 4.576591 0.5
10.468127 25.403133 -0.00090282472 0.0046892934 0.209824 0.5
21.09358 22.188955 -0.0020709242 -0.0015753547 1.770879 0.5
22.500527 13.768028 -0.00080332506 -0.0012960044 4.791815 0.5
21.379879 12.135207 0.0006596703 -0.00029504487 2.522673 0.5
24.954734 11.684178 -0.0010723539 -0.0012915128 3.232151 0.5
12.031396 16.410139 0.011475062 -0.015233053 0.943125 0.5
21.073446 15.583181 0.00053518946 -7.6720794e-05 1.031271 0.5
16.967112 1.043765 0.068291509 0.010189912 1.523797 0.5
24.169181 5.3045042 0.00027014302 0.00027473634 1.787492 0.5
25.044596 14.771214 0.0016622388 -0.0026871888 3.056837 0.5
27.341585 12.451989 -0.00095475887 -0.00092377047 3.332967 0.5
23.355441 9.9472301 -0.00010245198 -6.6699967e-06 3.889918 0.5
15.226671 10.993021 0.031292346 0.13233883 1.775857 0.5
6.2697294 24.690808 0.021253726 -0.01302353 4.33857 0.5
17.26353 5.2968831 0.046890799 0.01427905 2.652322 0.5
17.511702 9.6709805 0.017379266 0.083537112 1.360759 0.5
12.028274 11.344748 -0.04193398 0.058683073 1.350476 0.5
22.222129 10.110653 0.00030436517 -0.00012736205 3.139709 0.5
22.014503 14.892876 0.00019975706 -0.00055532049 3.877928 0.5
24.691729 15.840306 0.0018404746 0.00022749747 4.111005 0.5
16.883626 24.844109 -0.0021268606 -4.9910186e-05 4.354529 0.5
19.440671 22.2164 -0.0010707861 -0.00013208311 1.958136 0.5
22.057852 7.7961887 -0.0012134325 -0.0010467516 1.935129 0.5
6.6089197 7.8648676 -0.05877927 0.056746121 0.983243 0.5
14.773694 23.948527 -0.0021990082 0.00057731311 4.524452 0.5
24.825544 6.5136154 -0.0005347663 0.00044718163 4.628506 0.5
3.2475286 20.997953 -0.0026590997 0.043074716 4.619789 0.5
8.7200335 22.381158 0.00044970885 0.015224856 6.246698 0.5
9.9760228 3.8051575 -0.029240217 0.036606761 2.597917 0.5
5.4326517 10.510801 -0.017359019 0.01323808 5.540445 0.5
6.7894533 9.9448519 0.051153736 -0.024657217 1.135786 0.5
11.47723 8.8983192 0.060195636 -0.011971903 0.649744 0.5
18.65344 9.4584928 0.097797493 -0.016402328 4.647872 0.5
18.426164 17.686894 -0.0020454478 -0.0023657674 3.116928 0.5
20.053771 5.2736883 0.10890475 0.019028473 1.058365 0.5
21.776156 17.028625 -0.0029351176 0.00092783439 1.223223 0.5
26.763948 17.209898 -0.00017155912 -0.002715669 6.185729 0.5
7.4709817 20.843977 0.014343138 0.028536661 5.03693 0.5
22.782112 3.9106494 0.004047525 -0.0017071535 0.158334 0.5
23.296067 14.797187 7.3558374e-05 -0.00017746718 0.09489 0.5
26.307001 13.019158 -0.00024095197 0.00060376862 3.182579 0.5
23.601026 11.103275 0.00052225437 -0.00051559982 5.999337 0.5
17.356293 14.681057 -0.026268516 0.012071279 0.712677 0.5
14.76748 16.429539 0.0082240442 0.021918993 1.70588 0.5
4.3278354 20.376715 0.0023550533 -0.0063068879 5.092516 0.5
18.164295 1.2997878 0.038641101 0.15698548 0.506989 0.5
18.019058 24.952042 -0.001637421 0.0010237651 4.452103 0.5
19.967992 7.7308372 0.069796389 0.064663816 3.429354 0.5
11.288773 26.896801 -0.0054794691 0.0068661048 5.942963 0.5
15.69805 20.906681 -0.0013102481 0.0012752246 2.062723 0.5
19.287984 16.254239 0.031962615 0.027285957 2.598321 0.5
13.513754 16.032169 -0.00028661892 -0.00014800328 6.159219 0.5
16.924074 3.8788635 0.06880078 -0.064095408 1.488917 0.5
19.582265 10.172376 0.076666345 0.057618879 1.927238 0.5
23.522983 18.212437 0.00093244826 0.0011438261 3.98558 0.5
7.4858649 23.106343 0.028437666 -0.010855449 3.515453 0.5
1.1738625 15.273559 0.0029504592 0.016454929 3.362574 0.5
24.154717 17.277061 -2.4224869e-05 -0.00046246284 2.617045 0.5
16.573757 2.8076669 0.088260815 0.012585854 4.416501 0.5
19.250659 4.0721121 0.065025403 -0.01906237 2.357123 0.5
26.139228 14.32577 -0.0014169344 3.6727127e-05 0.027213 0.5
16.788963 26.9373 -0.0014266169 0.00045540764 3.270335 0.5
23.564243 19.430471 0.00019137493 -0.0013736539 5.133302 0.5
11.186796 3.8922789 0.039881107 0.039034934 4.163048 0.5
20.453328 16.621555 2.1756478e-05 -0.0019671254 3.93618 0.5
21.20611 20.272502 -0.00024771255 -0.0005309799 5.951127 0.5
7.2644116 18.138922 0.030443367 0.010175944 4.082451 0.5
24.698945 22.121059 -1.4191363e-05 0.00035289498 1.780305 0.5
14.42944 10.135178 0.021522589 0.053124481 2.847882 0.5
18.638264 5.3132204 0.026696762 0.10021097 1.767937 0.5
12.762466 3.483702 0.020549888 -0.022508239 0.00135 0.5
21.875203 21.221045 0.0011315645 -0.00096696542 5.312468 0.5
20.887336 8.4370116 -0.0019618497 0.0088041366 0.320289 0.5
20.369241 2.2912972 0.00017542438 -0.00016158505 0.581132 0.5
16.121702 15.873085 -0.0013034974 0.00094433886 3.087421 0.5
26.346844 15.435262 0.0015675073 -0.0022107322 3.560403 0.5
13.644669 2.1935889 -0.082585394 0.05665538 0.555117 0.5
5.8502365 14.935958 0.017683121 -0.00052346998 6.220608 0.5
21.778978 6.4441584 0.036845536 -0.028328992 5.652715 0.5
16.114866 25.869044 -0.0026446478 -0.0013583461 0.827952 0.5
9.5638258 23.242477 0.018592596 0.020114824 1.054048 0.5
19.358486 13.210354 -0.0017837892 0.017442144 0.319962 0.5
14.088832 8.9640249 0.0472148 -0.0068973395 2.464344 0.5
16.191968 14.285363 0.0083147282 0.011021092 3.780782 0.5
3.5845529 17.356682 -0.00068697026 0.0093015913 0.745414 0.5
27.259036 16.105576 0.0011433369 -0.00025357947 3.348875 0.5
13.571456 5.0274745 0.041687298 0.00094190541 5.365761 0.5
8.5619813 2.9323838 0.028662505 -0.021936617 0.445642 0.5
24.574223 10.271944 0.00081775063 2.2129103e-05 2.979068 0.5
26.513538 9.7479188 4.7052029e-05 -0.001465521 2.813895 0.5
20.245288 21.324088 6.5955645e-05 7.5062861e-05 4.039246 0.5
11.024267 6.3217912 -0.031498319 0.089519769 4.602055 0.5
16.402399 6.4917493 0.060995833 0.16227621 1.676583 0.5
15.033502 19.887783 -0.00032661627 -0.00062277314 1.207935 0.5
14.326375 15.250837 -0.0067186256 0.0024435305 6.164191 0.5
9.8042731 14.44777 -0.0025639399 0.059868672 1.491784 0.5
16.911984 22.752248 -0.00042393918 -0.00076778331 6.269379 0.5
25.038991 18.749415 -0.0023913461 -0.0012906277 0.35856 0.5
8.0622672 25.184066 0.081289307 0.01479236 0.326238 0.5
23.914109 8.6444358 0.00067885779 -0.0017306397 1.608548 0.5
12.350313 26.483542 -0.0045157437 0.0015292404 2.616667 0.5
6.4448652 13.551716 0.04592246 -0.015459877 0.410672 0.5
20.674056 17.942843 -0.00095714187 -0.0003043767 3.210668 0.5
15.671105 5.3609061 0.0010015316 0.054534714 0.309541 0.5
17.435766 13.31305 0.015661235 0.0047681388 1.761874 0.5
19.561661 17.60152 -0.0020739852 -0.001054222 4.731547 0.5
3.1957467 15.372587 0.019446301 0.0030518949 0.313065 0.5
19.883955 23.633957 -2.2101586e-05 -0.0013656044 0.087229 0.5
22.526074 12.10696 -0.00036494358 0.00036788282 5.713071 0.5
20.913344 9.6601611 0.08768783 0.031794165 0.34983 0.5
21.673176 3.711677 0.136033 -0.036145653 2.015368 0.5
20.357482 24.845735 -0.0025192353 -0.00097294834 0.42176 0.5
25.16631 13.077906 0.00082500199 -0.00056843213 5.580866 0.5
13.159577 18.154331 0.033138985 0.038092699 4.066321 0.5
15.366563 7.2612711 -0.0047614897 0.019469406 5.863794 0.5
13.760554 19.736817 0.010820176 0.0018226887 5.355125 0.5
19.994684 18.855988 0.00025215301 -0.00075177544 5.404824 0.5
5.9963182 19.104258 0.024612009 0.0018313982 1.361005 0.5
7.3903616 14.516202 -0.00035593759 -0.00067358428 5.19755 0.5
1.5085448 18.509408 0.020861917 0.014208751 5.853071 0.5
22.204499 18.237781 -0.0016704179 0.0001082252 2.830697 0.5
19.667124 8.8286725 0.018029658 0.0048205425 3.251414 0.5
18.372106 14.179615 -0.0097703281 -0.019878281 3.305262 0.5
19.851009 25.96145 -0.0014487417 -0.0010364941 3.841898 0.5
12.794013 8.7920424 0.072281384 0.015282491 4.917041 0.5
7.8925173 7.836549 -0.055831591 0.066278042 1.726803 0.5
18.338983 22.828474 -0.0007995056 -0.00036662037 2.534849 0.5
19.230181 24.989874 -0.0022355833 -0.0017664139 1.985571 0.5
15.642828 17.176988 -0.00032434613 0.00040773752 5.636684 0.5
20.55892 11.026767 0.00075749751 -0.0016667407 0.642493 0.5
24.823317 19.943112 -0.00016978398 0.0014624796 5.796573 0.5
11.128679 12.235055 0.074676561 -0.019072546 4.738871 0.5
21.08528 14.237974 -0.0013701067 -0.0011832403 1.568073 0.5
15.32604 0.6609727 -0.027376694 0.087485929 2.749741 0.5
18.634657 11.916604 -0.0029743501 0.0006816085 1.171823 0.5
20.975729 7.2502594 0.047069241 0.0043966446 2.226958 0.5
15.221647 8.5814973 0.060852536 0.019478814 1.548545 0.5
8.5935437 21.001472 0.0045584084 0.024262164 3.653333 0.5
25.190666 9.2071044 -0.00012968097 -0.00045087588 4.394256 0.5
21.35935 19.05403 3.5095673e-05 -0.001796486 0.605652 0.5
8.4824282 16.065947 0.0078629483 0.0044212677 3.106146 0.5
17.444758 18.938301 -0.0013994113 0.00057507326 3.095002 0.5
14.700361 4.3449766 0.041137833 -0.018748256 1.841384 0.5
14.39896 3.2383846 0.019987895 -0.018056481 6.034028 0.5
10.728393 10.457475 0.038888844 0.078077445 1.857551 0.5
15.605256 18.778519 -0.00071389013 0.00076452948 1.702664 0.5
18.704472 23.944196 -0.0012256733 -0.00041475192 1.16125 0.5
6.4018781 12.069411 0.0064176671 -0.021996159 4.720586 0.5
25.619288 17.671277 0.00033545993 -0.00096008213 0.205718 0.5
9.7677366 1.3658579 0.075983483 0.015311401 5.820667 0.5
14.041573 0.69631969 0.014287481 0.065127739 3.894129 0.5
7.3399588 19.282672 0.020050776 0.011855605 3.074393 0.5
13.843758 7.1040727 0.085849993 0.11917841 0.467747 0.5
15.423724 2.4695247 0.0064354568 0.043043098 5.60533 0.5
11.338765 2.4869663 0.036312917 0.032014646 6.227367 0.5
19.140685 20.945745 -0.00044650583 0.00025789299 5.177094 0.5
17.196798 16.879627 -6.6421901e-05 0.0010824319 0.203779 0.5
21.196352 23.85879 -0.0015584142 0.0013277429 6.095105 0.5
19.237417 1.728247 0.13829662 0.058072977 5.150288 0.5
25.716976 10.66226 -0.00016036636 -0.00080524038 3.059892 0.5
26.108125 11.741701 0.0012651926 0.00038892618 3.692189 0.5
15.94958 9.4974179 0.090091192 0.12678414 3.246869 0.5
11.722722 25.319205 -0.0017370499 0.0057094387 2.032293 0.5
21.8924 4.84894 -0.0028016966 0.0072770887 6.136396 0.5
18.070267 2.4650496 0.056155399 0.017854485 4.563161 0.5
17.457866 23.782009 -0.0019576635 0.0017238916 5.916686 0.5
20.026308 12.057492 -0.0013169255 0.00020261494 1.344992 0.5
20.502983 13.23489 0.062606206 0.00064949559 3.633442 0.5
13.65674 26.116651 -0.0027738743 0.0021856769 2.78777 0.5
14.990328 13.411359 0.094995725 0.17024035 1.483056 0.5
22.295712 24.193708 -0.0010222102 0.0017666323 0.879468 0.5
21.879965 9.0014219 0.081679572 0.04741065 4.923104 0.5
27.384907 14.792302 0.0012648453 0.0005463733 5.350229 0.5
13.391677 27.282427 -0.00013809635 0.0025898965 1.508644 0.5
18.150465 6.3915739 0.041928914 0.031740354 4.32761 0.5
23.935421 12.728555 -0.00038215288 -0.00014611527 1.3724 0.5
9.7121944 6.3668616 0.0056279492 0.076477381 2.64206 0.5
24.100085 13.962804 -0.00056307201 0.00016628137 2.466218 0.5
9.7698291 20.46702 0.041223521 -0.015836516 0.69625 0.5
19.66294 14.893478 0.021424162 0.015546951 0.502972 0.5
25.680745 16.536021 0.00071708836 6.6613467e-05 4.066135 0.5
21.47499 25.073722 -0.0001672018 0.00049557603 3.026607 0.5
18.717618 26.442082 -0.00086417816 -7.787238e-05 6.171553 0.5
12.601765 19.66866 -0.0026535463 -0.0041091238 3.767955 0.5
15.472898 22.751167 -0.00312243 -0.001044724 5.349705 0.5
12.936276 1.139847 0.020262524 0.0059699958 3.28374 0.5
17.530536 11.435866 0.051202846 0.076438484 1.964272 0.5
3.6504374 8.8627973 0.019245528 -0.0088751831 1.170799 0.5
2.5587207 19.488935 -0.0090015157 0.030872299 0.802835 0.5
20.431706 4.1268588 -0.008257102 0.0044510088 5.063896 0.5
27.36655 13.604785 0.0017948442 -0.0014935731 2.243796 0.5
14.115386 11.507029 0.06380134 0.13415019 5.270568 0.5
16.666769 10.480025 0.0006451848 -0.024018567 5.757172 0.5
11.781956 0.76782273 -0.020721627 -0.010279121 5.271397 0.5
22.436031 19.573352 0.0022854888 0.0011764839 3.151318 0.5
22.93307 17.179333 -0.0012344731 -0.001178191 0.221595 0.5
6.3654349 16.42768 0.00213333 0.021626354 1.510648 0.5
18.346728 20.038282 0.0011842536 0.00019092327 5.29405 0.5
23.572716 16.044913 0.00011139261 -0.0025830033 2.737677 0.5
12.285822 23.107111 -0.0027325394 0.00023039556 4.134415 0.5
14.987056 26.129639 -0.0031022487 0.001937504 1.432456 0.5
23.488834 23.326502 -0.00090409607 1.4306397e-05 2.840655 0.5
10.419887 23.993931 -0.00053705646 0.0055754462 2.899005 0.5
5.9738387 20.477095 0.036448971 0.026070966 4.137855 0.5
17.825269 21.824967 -0.0011169546 0.00086154748 1.992807 0.5
15.816768 3.6745837 -0.02018463 -0.051429815 0.375558 0.5
26.273887 8.6062304 0.00023070264 0.00020225034 0.629977 0.5
18.084766 3.6164497 0.087158466 0.011747296 5.301885 0.5
17.275254 7.4532559 -0.027119458 0.026897128 1.197725 0.5
9.2566288 7.6511566 -0.052379207 -0.051275356 2.939026 0.5
6.1378504 22.790821 -0.003810031 0.0059860413 3.912909 0.5
18.666225 18.954767 -0.0013771901 -0.00019117024 3.115045 0.5
19.993224 20.183477 -0.0012844825 -0.00029905688 1.662001 0.5
22.367147 22.78558 -0.0031511376 0.0010166964 0.131507 0.5
