# x y vx vy theta radius
10.749396 24.838162 0.82632391 1.3902486 2.2791828 0.5
18.988218 9.8882166 -0.013504373 -0.016154763 1.764168 0.5
22.808259 22.365616 0.1042207 -0.028066147 3.951996 0.5
23.664974 21.631992 0.020138687 0.0020030376 4.259518 0.5
16.532237 11.790323 -0.029468635 -0.034758702 1.882067 0.5
22.817748 7.3018938 -0.038430168 -0.066841785 0.92276 0.5
19.201156 8.2378059 -0.0028321277 -0.00012263668 4.981497 0.5
25.593472 20.793474 -0.014840971 -0.0011667567 0.663689 0.5
14.161641 3.4504061 -0.0012080157 0.0012368106 4.599871 0.5
13.995427 22.529523 0.069301584 -0.056034893 3.315122 0.5
12.346295 23.102503 -0.049411873 -0.024231476 5.224588 0.5
21.443435 2.9560175 -0.00087713776 -0.00026164079 4.739779 0.5
20.478941 12.472173 -0.0024491437 0.00012909328 0.624425 0.5
4.7458569 12.99941 -0.020101476 -0.024863763 0.734434 0.5
15.712106 20.013144 -0.075719364 0.035759773 4.989084 0.5
26.29029 19.328989 0.008004381 0.018341847 2.508867 0.5
16.413145 13.034964 -0.034300231 -0.032177365 5.939565 0.5
20.750144 14.626619 -0.0073017985 -0.010818385 0.028815 0.5
23.42379 14.522618 -0.011229955 0.0055208901 3.449449 0.5
2.8400485 20.021594 -0.29509431 -0.12561184 0.592282 0.5
15.003539 1.1025433 -0.0016882511 -8.078379e-05 6.045768 0.5
23.380827 13.336591 -0.0047305069 0.0051177594 0.890473 0.5
8.4241969 7.6975676 0.00019268689 0.00035885552 2.353219 0.5
26.749639 9.7525498 -0.021319939 -0.0089847112 1.672869 0.5
4.2397853 15.782654 -0.10597977 -0.29160916 4.21507 0.5
19.852347 7.2558264 -0.00014905692 -0.00010261031 0.4829 0.5
10.152001 3.8227039 -0.00054715356 0.00024518362 6.274711 0.5
21.631464 23.845193 0.006134469 0.038187974 1.301021 0.5
24.585491 16.553805 0.0031660245 0.0054739912 3.538852 0.5
14.315624 12.279918 -0.032304961 -0.03563616 1.72413 0.5
9.7384043 19.298209 -0.19085359 0.072158551 0.779811 0.5
19.302503 25.353832 0.02299238 -0.023910595 1.209651 0.5
19.809001 1.9546711 -0.00052772189 -0.0025671481 5.377079 0.5
21.191928 21.30135 -0.062285876 -0.25742347 3.122843 0.5
21.290473 9.2655839 -0.01498688 -0.031370956 4.105439 0.5
23.948925 18.902306 -0.031415771 -0.044488013 2.246795 0.5
22.155378 6.2852567 -0.0053853829 -0.0085212469 3.468535 0.5
4.8682414 23.020193 -0.17813176 0.099133682 5.532293 0.5
25.380865 18.587644 0.0069126918 -0.020741763 0.531572 0.5
14.927853 16.134961 0.033310009 -0.062143706 5.261584 0.5
13.652769 5.3258047 -0.00097447951 0.00014759907 0.040113 0.5
25.713241 17.347939 -0.0078877551 -0.038520633 4.576591 0.5
11.303806 12.98026 -0.087747796 -0.43401237 0.209824 0.5
16.983563 22.7367 0.050960405 -0.10156049 1.770879 0.5
14.134838 9.3516559 -0.0034203786 0.0014676721 4.791815 0.5
17.602201 16.509706 0.077077935 -0.071910207 2.522673 0.5
13.426961 18.892731 0.12383382 -0.27891397 3.232151 0.5
23.633133 11.332283 -0.025413498 0.0010566144 0.943125 0.5
10.990684 18.620874 -0.013623197 -0.020946177 1.031271 0.5
4.4481372 20.297581 -0.15646585 -0.11191735 1.523797 0.5
17.131456 20.06216 0.12223414 -0.043545886 1.787492 0.5
18.047705 14.127 -0.036661283 -0.016925964 3.056837 0.5
17.151923 26.474885 0.11185154 0.25076283 3.332967 0.5
22.085827 16.442053 0.0037159853 -0.028841019 3.889918 0.5
16.741145 25.20257 -0.0059330229 -0.054070583 1.775857 0.5
5.5801726 22.102169 0.0070328276 -0.065971976 4.33857 0.5
3.515857 8.5117038 -0.00056094915 0.00049955316 2.652322 0.5
3.4488569 22.273855 0.12883188 -0.060129549 1.360759 0.5
17.485767 24.337372 -0.0044915823 0.10161854 1.350476 0.5
18.102772 2.8350574 7.5624587e-05 0.0015675498 3.139709 0.5
24.847228 19.747735 0.031570353 -0.029720504 3.877928 0.5
19.813258 13.419456 -0.011560286 -0.0051555058 4.111005 0.5
22.804023 18.674077 -0.017649013 -0.010188933 4.354529 0.5
19.933965 22.343914 0.10861334 -0.036005962 1.958136 0.5
8.0738297 18.262912 -0.15405401 -0.36294791 1.935129 0.5
16.565553 9.0354067 -0.0026054169 -0.0019230819 0.983243 0.5
9.8437473 1.6616651 0.0016397009 0.000414861 4.524452 0.5
24.083595 9.2042495 -0.0069636347 0.007316222 4.628506 0.5
18.29978 1.6927143 -0.0028308139 0.00065373495 4.619789 0.5
0.9278134 16.307618 -0.14805209 -0.0066238075 6.246698 0.5
19.904766 19.916697 -0.011968661 0.08932908 2.597917 0.5
18.957674 16.409767 -0.0071918078 -0.045023723 5.540445 0.5
27.307327 12.264939 -0.04802576 -0.027783865 1.135786 0.5
8.9339208 16.01421 -0.16496721 -0.45160076 0.649744 0.5
13.703442 8.2442457 -0.0012986282 -0.00078629728 4.647872 0.5
19.579526 4.458186 -0.0020509747 0.00074658345 3.116928 0.5
25.317315 12.343966 -0.0065037993 -0.017538978 1.058365 0.5
25.172479 6.5461121 0.0012667969 0.00050584994 1.223223 0.5
20.277063 18.803139 -0.046599069 -0.022921294 6.185729 0.5
21.327093 15.603702 -0.00034439463 -0.0026112058 5.03693 0.5
17.50377 6.7264449 -0.001459443 -0.0011239492 0.158334 0.5
18.619207 6.4292916 -0.0019440747 0.00073027333 0.09489 0.5
24.130576 12.477721 0.013307655 0.010472628 3.182579 0.5
14.340593 14.634294 0.10641705 -0.082255211 5.999337 0.5
18.257999 7.6212204 -0.0020527907 0.0038052814 0.712677 0.5
23.474778 8.2334402 -0.0028480119 -0.013540574 1.70588 0.5
16.869025 5.5614269 -0.0015332574 0.00098716022 5.092516 0.5
24.403739 20.787597 -0.0046652704 -0.015510476 0.506989 0.5
18.040742 25.521143 0.0081463862 -0.005882118 4.452103 0.5
24.443478 5.5503197 -0.0022971822 -0.00050770431 3.429354 0.5
21.433775 4.1414328 0.0015729305 -0.00057754945 5.942963 0.5
13.527292 6.7562426 -0.0013023337 -0.0019164475 2.062723 0.5
3.6613994 19.251009 0.052605186 -0.22321234 2.598321 0.5
23.423134 4.5702017 -0.0017219411 -0.00035781866 6.159219 0.5
15.261105 13.359494 0.0086329168 -0.0064252584 1.488917 0.5
15.810256 15.200663 -0.12468739 -0.22397369 1.927238 0.5
21.051306 13.461081 -0.011620142 -0.013761481 3.98558 0.5
20.076987 21.096697 0.062514268 0.084593653 3.515453 0.5
25.806939 7.6228507 -0.0014488319 -0.0011194961 3.362574 0.5
15.470758 3.1035299 -0.002149645 0.00045418214 2.617045 0.5
23.505522 10.217573 0.012529034 -0.030499453 4.416501 0.5
1.0979304 15.085849 0.022954426 -0.29809603 2.357123 0.5
5.7919066 19.658799 -0.43118242 0.054117346 0.027213 0.5
4.6697873 14.609918 7.2110669e-05 -0.031496561 3.270335 0.5
5.9388177 23.99864 -0.045347427 0.0068391124 5.133302 0.5
10.161526 20.668334 -0.25622165 -0.036507679 4.163048 0.5
12.35603 7.9082925 -0.0029378287 -0.0011713224 3.93618 0.5
26.681689 18.085257 0.0087450825 -0.019264508 5.951127 0.5
12.921339 9.4619982 -0.0030803888 -0.0016388092 4.082451 0.5
20.920615 5.2500005 -0.0015927175 -0.00057312216 1.780305 0.5
8.240909 13.005616 0.010157446 -0.023665369 2.847882 0.5
20.479917 8.3995819 -0.0104227 -0.0099548705 1.767937 0.5
9.4647579 2.8362395 0.00055829216 0.0011317171 0.00135 0.5
12.071709 14.0925 0.023960954 -0.054887606 5.312468 0.5
0.74598386 13.813919 -0.0015571074 -0.0057626141 0.320289 0.5
7.1136461 23.568484 0.11918743 -0.10395747 0.581132 0.5
14.631091 4.5814811 -0.002424125 -0.00054723745 3.087421 0.5
13.774362 24.251541 0.044764097 0.0070018795 3.560403 0.5
13.48306 0.62996719 -0.0047506554 0.0023971656 0.555117 0.5
12.359089 12.683608 0.31666346 -0.14474468 6.220608 0.5
24.863018 13.387303 -0.0049403962 -0.042930579 5.652715 0.5
23.917348 6.5978754 -0.016625313 -0.026533298 0.827952 0.5
22.393259 21.149216 0.36400387 -0.059295834 1.054048 0.5
27.258764 15.812601 0.0044488626 -0.050301232 0.319962 0.5
13.892038 11.077606 -0.0027119682 0.0023482615 2.464344 0.5
22.875729 12.332578 -0.016930202 -0.036953329 3.780782 0.5
22.042577 14.561776 -0.00028490403 -0.038446546 0.745414 0.5
20.424046 24.546342 0.020433873 -0.0073817668 3.348875 0.5
5.9839275 18.233995 -0.025693476 -0.24989103 5.365761 0.5
13.434505 26.859031 -0.040398789 -0.023012515 0.445642 0.5
12.82648 3.4215401 -0.0033688676 0.00010615838 2.979068 0.5
11.949821 21.15507 -0.068398558 0.012135741 2.813895 0.5
21.637592 18.883085 -0.022887897 -0.032856258 4.039246 0.5
26.047923 16.271191 -0.014509261 0.0043982591 4.602055 0.5
26.34766 12.915916 -0.03123601 -0.021363807 1.676583 0.5
19.597841 5.8621588 -0.0011382491 -3.6467203e-05 1.207935 0.5
18.546768 15.275005 -0.027223712 -0.013518033 6.164191 0.5
18.872328 24.13228 0.21528814 0.1448002 1.491784 0.5
17.226108 1.3566938 -0.0017451127 0.00067766285 6.269379 0.5
22.559251 3.7026112 0.00040515787 -0.00019584083 0.35856 0.5
20.967953 17.759664 0.12300019 -0.18828879 0.326238 0.5
14.473161 19.94948 -0.0040985095 -0.098063795 1.608548 0.5
19.368638 14.467158 -0.011403817 -0.019874433 2.616667 0.5
5.6182095 8.6497647 0.0040363575 -0.022637377 0.410672 0.5
21.686145 10.320914 -0.0045890469 0.0054623166 3.210668 0.5
22.250014 8.2744012 -0.02018625 -0.040497094 0.309541 0.5
16.132663 24.074801 -0.22738133 0.21706345 1.761874 0.5
19.185092 18.435595 0.014653002 -0.014856784 4.731547 0.5
24.739223 14.515259 -0.024905947 0.0053357345 0.313065 0.5
27.411976 14.65746 0.023254108 -0.01905718 0.087229 0.5
22.229068 19.957633 -0.0057716792 -0.014331087 5.713071 0.5
18.257183 11.581995 -0.0021711323 -0.01406498 0.34983 0.5
1.510776 18.207536 -0.073551466 0.03079987 2.015368 0.5
22.732667 15.446577 -0.028064171 -0.03136828 0.42176 0.5
21.581082 25.031864 0.0319371 0.01958278 5.580866 0.5
16.145902 0.86208771 -0.0010255412 -0.0014970513 4.066321 0.5
24.630777 10.229785 -0.0029323481 -0.0068763731 5.863794 0.5
18.147766 8.9776015 0.011643395 -0.059663848 5.355125 0.5
23.340411 17.681756 0.039420874 -0.011397737 5.404824 0.5
22.087431 17.616708 -0.014145431 -0.016575883 1.361005 0.5
24.537585 17.738873 -0.0059101965 -0.023502362 5.19755 0.5
16.51246 7.6581521 -0.0046479424 -0.00049118764 5.853071 0.5
11.60214 1.2929235 -0.0014455335 -0.00063623578 2.830697 0.5
19.348411 11.981135 0.029198155 0.00070013814 3.251414 0.5
12.809212 15.841097 -0.1118825 -0.28530176 3.305262 0.5
22.80873 9.2700466 -0.0013221874 -0.011143165 3.841898 0.5
7.8784179 16.937003 0.035343815 -0.047408271 4.917041 0.5
25.162924 15.569987 -0.0070846724 -0.029806705 1.726803 0.5
21.74907 12.324406 0.0062266652 -0.013288493 2.534849 0.5
17.070683 17.610471 -0.017514895 -0.07227675 1.985571 0.5
24.018416 22.785016 -0.012931173 0.013159188 5.636684 0.5
16.052115 6.6259535 -0.0020510156 0.0011998348 0.642493 0.5
16.074674 2.063741 -0.0024758019 -0.002310179 5.796573 0.5
17.508624 12.702516 -0.00605834 -0.0083198397 4.738871 0.5
25.626101 9.5825061 -0.0025879467 0.0011741734 1.568073 0.5
27.358134 13.502695 -0.011524254 0.0072768021 2.749741 0.5
16.128705 4.0234923 -0.0029477174 -0.00080439805 1.171823 0.5
18.497832 19.636163 0.051540243 -0.02651231 2.226958 0.5
9.1540622 17.385526 0.11488962 -0.015490088 1.548545 0.5
20.566397 10.134721 -0.0055565852 -0.025558926 3.653333 0.5
23.336999 20.28042 0.027360757 -0.021252998 4.394256 0.5
16.406532 16.337644 0.096244047 -0.029288736 0.605652 0.5
6.5505794 7.1313352 -0.00031934034 2.4558825e-05 3.106146 0.5
24.807451 11.343859 0.00074443414 0.0065050539 3.095002 0.5
15.042747 26.78778 -0.01945952 -0.02386285 1.841384 0.5
25.041749 8.6170525 0.018349411 -0.034183861 6.034028 0.5
6.0923719 14.000791 -0.0034311905 -0.030230798 1.857551 0.5
14.803252 23.352247 -0.12169284 0.091659186 1.702664 0.5
15.393087 17.407885 0.14523925 -0.040250408 1.16125 0.5
16.537962 14.162444 -0.019497404 -0.023836131 4.720586 0.5
15.877066 10.597659 -0.0017835346 0.00097316798 0.205718 0.5
15.494371 8.307564 -0.0025182313 -0.00033127073 5.820667 0.5
16.817659 18.777631 -0.041047298 -0.20648949 3.894129 0.5
17.364938 4.2682033 -0.0024367987 -0.00015874755 3.074393 0.5
20.885184 16.654029 -0.01958183 -0.048945464 0.467747 0.5
2.9940963 17.246102 0.10063417 -0.081258056 5.60533 0.5
12.681404 1.8203917 -0.00078178159 0.0016010425 6.227367 0.5
3.9444156 17.884511 -0.084455581 -0.0009956234 5.177094 0.5
12.144981 5.8461056 -0.00086006583 0.00063647396 0.203779 0.5
24.932141 21.807317 -0.010006226 -0.068046835 6.095105 0.5
18.604449 21.157046 -0.020107021 -0.076566113 5.150288 0.5
7.4205953 3.4323995 0.00072324373 0.00031606912 3.059892 0.5
22.281705 11.336986 -0.0093923201 -0.026197649 3.692189 0.5
26.275114 11.758725 0.014836193 -0.044211604 3.246869 0.5
20.425619 3.5481512 -0.00041407324 0.00079738349 2.032293 0.5
21.102939 11.347333 -0.0021149192 -0.042955225 6.136396 0.5
20.724253 6.4448498 -0.021769842 -0.019756574 4.563161 0.5
17.351563 15.365194 -0.025177473 -0.023906079 5.916686 0.5
25.751904 10.735257 0.012769712 -0.018052039 1.344992 0.5
18.666009 22.717099 -0.024280594 -0.0099982664 3.633442 0.5
12.030594 17.615653 -0.061256124 -0.12417684 2.78777 0.5
6.896251 4.7713391 -0.0012784858 0.0023891465 1.483056 0.5
21.580128 7.2939509 -0.0073676004 0.0030191232 0.879468 0.5
16.930972 2.9602126 0.0012860364 -0.00097917935 4.923104 0.5
17.845188 10.125509 -0.026571208 -0.0041199742 5.350229 0.5
18.324799 5.018292 -0.0031979097 0.001100633 1.508644 0.5
23.181833 5.7194034 0.012094494 -0.0073368579 4.32761 0.5
19.688857 10.835411 0.0039119827 -0.0025733937 1.3724 0.5
25.889977 13.950679 -0.054009911 -0.016535119 2.64206 0.5
13.523379 13.766686 -0.2122117 -0.28179477 2.466218 0.5
8.4152955 4.9334541 -0.00089951984 0.00035726301 0.69625 0.5
20.379955 25.801793 0.020431682 0.001290759 0.502972 0.5
2.6929347 15.21541 0.0050669002 -0.0095016037 4.066135 0.5
23.372687 16.403351 0.01153744 -0.0019124617 3.026607 0.5
1.8049662 19.344032 -0.064602807 -0.023111289 6.171553 0.5
21.584698 22.699888 -0.013981177 0.027231367 3.767955 0.5
5.8351196 15.924831 0.14924583 -0.063433569 5.349705 0.5
14.316247 2.2321917 -0.0018724113 -0.00047027714 3.28374 0.5
11.294586 8.6241803 -0.00016757046 0.00013192678 1.964272 0.5
20.470442 23.324923 -0.0038200526 0.051747773 1.170799 0.5
24.028236 15.485595 -0.0042243205 -0.040396083 0.802835 0.5
24.519164 7.5957138 -0.018651772 -0.036719383 5.063896 0.5
1.9763949 10.790465 0.0004658059 0.00036503776 2.243796 0.5
14.73138 18.822531 0.045764851 0.0085165771 5.270568 0.5
26.324408 14.9979 -0.02847721 -0.034398666 5.757172 0.5
15.634179 5.3455896 -0.0015008975 0.0013812221 5.271397 0.5
19.954152 15.791042 -0.022660956 -0.048225092 3.151318 0.5
18.703103 12.985332 -0.042948206 -0.026320379 0.221595 0.5
27.021019 10.880601 -0.0033528569 -0.035809836 1.510648 0.5
18.558579 3.8651077 -0.0016274975 -0.001510392 5.29405 0.5
26.336226 8.6934427 0.00085958707 -0.0018818802 2.737677 0.5
22.187944 5.0317317 -0.0012922279 -0.0016135531 4.134415 0.5
10.675949 5.2495334 -0.00016278078 7.290645e-05 1.432456 0.5
16.55886 21.048336 -0.012676784 0.014594668 2.840655 0.5
21.074756 19.847177 0.19117997 -0.012428171 2.899005 0.5
18.327653 17.375716 0.13726248 -0.026435891 4.137855 0.5
26.94779 16.98306 -0.009200932 -0.027101821 1.992807 0.5
22.25193 13.408432 0.017765112 -0.036476065 0.375558 0.5
19.76836 17.206658 -0.025983899 0.0041524853 0.629977 0.5
23.008469 23.800235 -0.019290906 -0.034502206 5.301885 0.5
14.619312 21.437963 -0.016376933 0.090071212 1.197725 0.5
13.914856 17.519984 0.0090377973 -0.18877521 2.939026 0.5
19.304994 3.0059924 0.0017512141 0.0011025548 3.912909 0.5
14.766354 6.8122443 -0.0026372882 0.0027452933 3.115045 0.5
18.011597 18.449491 -0.060958889 -0.18503489 1.662001 0.5
11.832404 4.1186398 -0.00044042079 -0.0005120295 0.131507 0.5
