# x y vx vy theta radius
22.469719 4.5007285 -0.57408704 0.0106493 4.8593717 0.5
27.087755 15.501354 -0.020382684 0.037352909 1.764168 0.5
17.253998 22.830993 -0.031012103 0.045455658 3.951996 0.5
17.001146 21.671229 -0.0096664655 0.017674531 4.259518 0.5
17.568452 26.604817 -0.052237461 0.024525326 1.882067 0.5
21.937087 22.856381 -0.016971118 0.011123589 0.92276 0.5
10.075745 26.748401 -0.00042114652 -0.00019972322 4.981497 0.5
2.8672474 18.43514 0.001634853 0.00035451957 0.663689 0.5
14.692726 21.201331 -0.023210998 -0.054488146 4.599871 0.5
27.308953 12.614232 -0.018406631 -0.024094752 3.315122 0.5
16.652531 25.948922 -0.05796806 0.032456612 5.224588 0.5
2.2764079 13.140947 -0.0032033519 -0.0017649077 4.739779 0.5
19.361575 20.839441 -0.010037107 0.012183978 0.624425 0.5
22.061755 3.2666321 0.049283577 -0.82561309 0.734434 0.5
13.762212 24.486103 -0.022992203 0.02595441 4.989084 0.5
7.0502658 12.046235 -0.0082753947 -0.0022970091 2.508867 0.5
6.6085683 20.731846 0.00023039835 0.00012889629 5.939565 0.5
18.525806 25.447022 -0.015147312 0.011914571 0.028815 0.5
13.419387 2.574683 -0.05322623 -0.0045032953 3.449449 0.5
14.43813 26.654899 -0.010064456 0.017527936 0.592282 0.5
24.406727 19.376362 -0.034568431 -0.014428399 6.045768 0.5
4.0000132 14.55168 0.0025183006 0.00026903159 0.890473 0.5
14.334555 19.61236 -0.037969368 -0.025320762 2.353219 0.5
19.923611 24.812362 -0.032957993 -0.0042688633 1.672869 0.5
13.56325 27.363712 0.00095966004 0.0031978697 4.21507 0.5
9.3493332 21.425357 -0.0024245598 -0.0078939028 0.4829 0.5
12.391045 27.173366 -0.065508258 -0.014600744 6.274711 0.5
15.398054 23.898998 -0.029752186 0.01254459 1.301021 0.5
25.926746 15.992602 0.011514838 0.015452284 3.538852 0.5
22.733495 20.743124 -0.044142793 -0.0078565738 1.72413 0.5
14.321221 23.359421 -0.0043615617 0.01294682 0.779811 0.5
12.489475 13.458059 -0.060358403 -0.0029269178 1.209651 0.5
20.372635 20.329762 0.026007853 -0.037035149 5.377079 0.5
16.736473 4.1113625 -0.14028509 0.11287448 3.122843 0.5
25.361027 21.145772 -0.01967457 0.012529049 4.105439 0.5
16.718548 12.042686 -0.051812181 -0.0016368182 2.246795 0.5
17.909993 3.2677591 -0.17675297 -0.034598016 3.468535 0.5
26.783808 11.260507 -0.0050449541 0.0023836012 5.532293 0.5
7.4469173 7.7024124 0.0042727707 0.0013770831 0.531572 0.5
5.3336017 9.9158222 -7.6252001e-05 0.0029080619 5.261584 0.5
19.846156 16.973193 -0.052677241 0.029559509 0.040113 0.5
24.56239 10.135224 0.0018183497 -0.018753037 4.576591 0.5
10.95103 20.205556 0.0020091069 -0.01033353 0.209824 0.5
22.071552 19.52083 0.030397668 -0.00353448 1.770879 0.5
19.216781 5.5501582 0.0065269622 -0.00033644966 4.791815 0.5
23.672914 21.463693 -0.0090927769 0.03981593 2.522673 0.5
23.71437 8.996416 -0.13856111 -0.022305806 3.232151 0.5
18.510184 7.1047202 -0.030688661 -0.045925128 0.943125 0.5
23.206436 16.105041 -0.034212031 -0.021892029 1.031271 0.5
18.781906 24.355688 -0.039162408 0.0241464 1.523797 0.5
11.276858 27.151968 -0.02924242 -1.8673748e-05 1.787492 0.5
22.805819 23.744762 -0.020879093 0.032514152 3.056837 0.5
17.596429 1.7200281 -0.21257915 0.076942336 3.332967 0.5
18.1735 19.476522 -0.042009881 0.00013776394 3.889918 0.5
8.2099393 17.920724 -0.0062095769 0.017313072 1.775857 0.5
22.176116 10.823937 -0.10003365 -0.020735792 4.33857 0.5
16.577591 27.16161 -0.042499512 0.038204648 2.652322 0.5
16.194648 10.790876 0.0037639818 0.022069677 1.360759 0.5
12.645584 24.572989 -0.019661841 0.001940994 1.350476 0.5
19.28902 2.9235239 -0.21304334 -0.12210564 3.139709 0.5
13.890405 7.7522143 -0.1390257 0.0058229171 3.877928 0.5
11.0815 14.368787 5.5329186e-05 -0.041590438 4.111005 0.5
14.737847 2.3017246 -0.060695848 -0.0099881614 4.354529 0.5
5.0980412 5.5605205 0.0010590085 0.0021942642 1.958136 0.5
24.7378 18.147412 -0.042414187 0.011732459 1.935129 0.5
10.495292 21.348025 -0.050492106 -0.020023746 0.983243 0.5
21.362816 13.045423 -0.066595518 -0.022445675 4.524452 0.5
16.531994 20.573242 -0.068856308 -0.043687275 4.628506 0.5
13.811715 11.751908 -0.016043209 0.057213732 4.619789 0.5
10.607313 9.7460603 -0.02180956 -0.0024018147 6.246698 0.5
7.5312684 6.4016994 -0.007159152 0.0025244569 2.597917 0.5
6.273254 3.0460669 -0.0011850273 -0.00087797097 5.540445 0.5
19.084037 18.585559 -0.011177687 0.015019526 1.135786 0.5
11.238661 25.935875 -0.062004034 0.009374501 0.649744 0.5
8.9256368 25.663238 -1.0255762e-07 -8.4180533e-08 4.647872 0.5
24.541443 7.9455626 -0.049923361 0.047716224 3.116928 0.5
22.091497 24.664726 -0.039189323 0.026734662 1.058365 0.5
0.72872062 13.47784 0.0026220495 -0.00092543778 1.223223 0.5
11.339924 12.89089 0.0067192534 0.0099788902 6.185729 0.5
14.958096 22.316439 -0.029410624 0.026136696 5.03693 0.5
2.6646255 20.321162 0.0022745491 0.0055472498 0.158334 0.5
15.024487 25.148977 -0.013208674 -0.030807416 0.09489 0.5
11.336502 18.472303 -0.048977332 -0.025717959 3.182579 0.5
8.1269461 21.858517 -0.028950799 0.0090065817 5.999337 0.5
9.0475038 22.939657 -0.00050252182 2.2846267e-05 0.712677 0.5
17.519386 8.928159 -0.017866639 0.17133647 1.70588 0.5
18.730799 16.241603 -0.054972566 0.032662966 5.092516 0.5
24.291216 14.760698 -0.035739054 0.013519693 0.506989 0.5
22.30299 18.392722 -0.025853941 -0.001134112 4.452103 0.5
3.7802786 5.6515062 -0.0025399036 0.00026493908 3.429354 0.5
6.2988247 24.076134 -0.00010322861 0.000250161 5.942963 0.5
7.0400564 19.524855 0.00018470957 -0.00043322604 2.062723 0.5
20.62156 4.5585637 -0.46881481 -0.11749283 2.598321 0.5
20.764294 22.778867 0.013011078 0.040747254 6.159219 0.5
16.944396 19.294329 -0.078965254 0.00075864182 1.488917 0.5
19.591063 8.7279967 -0.23457118 0.17716091 1.927238 0.5
15.917867 22.897358 -0.022192515 0.052539969 3.98558 0.5
25.609214 17.350124 0.011329162 0.0045948469 3.515453 0.5
8.1035417 19.960251 -0.00065813907 3.0298404e-05 3.362574 0.5
17.265609 15.301985 -0.13163698 -0.029458694 2.617045 0.5
20.885922 7.1288212 -0.28815473 0.488357 4.416501 0.5
19.974057 2.0264125 -0.10483373 -0.042369529 2.357123 0.5
12.100708 2.7793246 -0.058717986 0.027147954 0.027213 0.5
22.924595 14.436228 -0.036642193 -0.0099929263 3.270335 0.5
14.989204 18.209761 -0.07003099 -0.0066625345 5.133302 0.5
16.679856 2.783539 -0.15323032 0.0095642886 4.163048 0.5
14.446476 4.5505429 -0.22000418 -0.084047266 3.93618 0.5
9.9410669 14.430252 -0.047578626 0.011728762 5.951127 0.5
17.371371 17.175733 -0.052093747 -0.012779212 4.082451 0.5
6.8646794 9.233599 0.0050355341 -0.0027507071 1.780305 0.5
25.585687 11.471441 -0.021259045 -0.019003726 2.847882 0.5
16.493236 18.168046 -0.031465277 -0.005683251 1.767937 0.5
24.225911 13.320489 -0.052876928 -0.012108977 0.00135 0.5
13.352155 1.339481 -0.049226027 -0.0020989837 5.312468 0.5
15.035284 13.481574 -0.056537914 -0.0083792991 0.320289 0.5
11.949341 15.424872 0.0052175818 0.00022302185 0.581132 0.5
12.477293 25.882471 -0.055620352 0.022351327 3.087421 0.5
12.662449 8.0240306 0.0021110267 0.0055198317 3.560403 0.5
1.7498775 18.918161 0.00073316158 0.00036316547 0.555117 0.5
4.2827035 18.322484 -0.00012013141 3.9467323e-06 6.220608 0.5
26.90505 13.884108 -0.036322241 0.0090596959 5.652715 0.5
9.3725581 19.50599 -0.00011596175 0.00065037524 0.827952 0.5
21.921544 21.637516 0.012670981 -0.025569016 1.054048 0.5
15.79054 21.443943 -0.046842826 -0.013781446 0.319962 0.5
5.251955 12.343618 0.0021191815 0.0023027924 2.464344 0.5
8.7718056 1.7048597 -0.00096086053 0.00031571702 3.780782 0.5
15.750423 19.189745 -0.049118846 -0.034547519 0.745414 0.5
13.183788 23.495695 0.0094214005 0.0005736275 3.348875 0.5
18.154441 14.323478 -0.048530691 -0.029276501 5.365761 0.5
18.116958 4.6573766 -0.19959689 0.032664741 0.445642 0.5
3.1765232 12.231799 0.0029407124 0.006595005 2.979068 0.5
10.214877 24.241179 -0.00020891235 0.00044697674 2.813895 0.5
6.0652684 18.597299 -0.00099974808 0.00024328935 4.039246 0.5
10.030254 3.6846696 -0.06740426 -0.0035080205 4.602055 0.5
6.237989 14.256839 -0.0061023397 0.0066932924 1.676583 0.5
5.1979666 14.731477 -0.0015895706 0.0026907114 1.207935 0.5
12.803777 5.7408312 -0.023767326 -0.0012809527 6.164191 0.5
20.752441 14.153408 -0.049146447 0.010452783 1.491784 0.5
15.105203 12.347017 -0.043458929 -0.037011761 6.269379 0.5
25.916742 7.9520822 0.17453931 0.54805186 0.35856 0.5
9.7866389 13.086012 -0.0089389038 0.01262774 0.326238 0.5
16.20611 24.92006 0.00069284614 0.0047074804 1.608548 0.5
19.632972 14.518606 -0.023645279 -0.039853374 2.616667 0.5
25.625216 13.548624 -0.030335775 0.013626628 0.410672 0.5
19.731349 21.988075 -0.02068147 -0.019922775 3.210668 0.5
14.417943 14.715504 -0.069028641 -0.052420302 0.309541 0.5
12.461032 17.005203 -0.06706129 0.037312867 1.761874 0.5
20.953043 2.7896379 -1.1262398 -0.65414967 4.731547 0.5
18.904983 26.511519 -0.013764894 0.0036009088 0.313065 0.5
18.835583 17.460994 -0.0521372 -0.018171573 0.087229 0.5
20.18136 18.140119 -0.012130992 -0.001702083 5.713071 0.5
18.415932 10.085493 -0.065918182 0.1478599 0.34983 0.5
26.71827 18.042668 -0.011807632 0.017171975 2.015368 0.5
14.677335 0.72442512 -0.057347798 0.005098837 0.42176 0.5
7.4935155 15.771529 0.0019752893 0.007136519 5.580866 0.5
15.278129 7.7500963 -0.012312545 -0.084348698 4.066321 0.5
24.398373 20.4947 0.0078283779 -0.011376699 5.863794 0.5
16.264801 5.3208257 -0.05128512 0.064788071 5.355125 0.5
17.918999 20.837338 -0.057708836 0.0045377675 5.404824 0.5
26.807452 16.831776 -0.0088940053 0.053007382 1.361005 0.5
5.9895281 6.6587499 0.0010946202 0.0024200501 5.19755 0.5
23.52417 18.411986 -0.052929003 0.030297283 5.853071 0.5
11.538403 21.857379 -0.058925072 0.017017002 2.830697 0.5
3.7370336 20.837196 4.8665319e-05 0.00054335803 3.251414 0.5
21.599772 16.387229 -0.058077711 0.0047196968 3.305262 0.5
8.3413062 3.6260101 -0.00031944467 -0.011052165 3.841898 0.5
24.688516 15.848465 0.0060895535 -0.027087842 4.917041 0.5
17.626197 6.208872 -0.072645056 -0.01149712 1.726803 0.5
7.9893961 10.409731 -0.0028056401 0.0082643455 2.534849 0.5
15.725985 14.935628 -0.030354064 0.026499924 1.985571 0.5
10.298247 7.7723793 -0.0036991291 -0.00078455811 5.636684 0.5
3.4781904 13.32864 0.00022364375 0.0045431467 0.642493 0.5
24.226801 16.954326 0.012628846 -0.017931082 5.796573 0.5
21.520905 20.523184 -0.037083713 -0.0015242083 4.738871 0.5
4.132394 15.805568 9.3033461e-05 0.0050191349 1.568073 0.5
22.955422 22.348607 0.010658676 0.014229824 2.749741 0.5
18.594783 21.968349 -0.003538975 -0.016876653 1.171823 0.5
12.666306 21.773605 -0.028687315 -0.0063900415 2.226958 0.5
19.593978 10.703183 -0.06298929 -0.01351218 1.548545 0.5
19.29479 19.710962 -0.059947378 0.031107255 3.653333 0.5
25.562343 20.021782 -0.031797786 -0.00010535104 4.394256 0.5
17.432934 25.129392 -0.055876437 0.028334228 0.605652 0.5
4.6214582 11.281189 0.00093806837 0.0031555179 3.106146 0.5
21.121468 25.29382 -0.064929559 -0.046347424 3.095002 0.5
11.241897 1.5148017 0.0025821844 0.0037609907 1.841384 0.5
11.227199 23.524677 -0.0077058933 0.0051490689 6.034028 0.5
19.68521 23.688243 -0.060797643 0.032349102 1.857551 0.5
20.316029 15.558281 -0.052768229 -0.018886422 1.702664 0.5
11.876092 9.9106053 0.0023947902 -0.012868097 1.16125 0.5
3.2070212 8.2698095 -0.0016024618 -0.00028868209 4.720586 0.5
15.398611 20.255757 -0.030190555 -0.02445138 0.205718 0.5
26.07858 14.718811 0.015005726 0.0095607781 5.820667 0.5
7.7852212 23.046193 -7.7927047e-05 7.0909265e-05 3.894129 0.5
13.685836 22.359398 -0.031936197 0.073512223 3.074393 0.5
24.467074 11.266018 -0.036337243 0.030154722 0.467747 0.5
16.188065 13.150618 -0.044007859 -0.010047252 5.60533 0.5
18.861177 1.6409512 -0.10719116 0.012557022 6.227367 0.5
2.8445484 9.8619404 -0.002602261 0.00083288644 5.177094 0.5
9.256638 4.9303688 -0.0057758301 0.007352666 0.203779 0.5
20.765136 21.487125 0.0019870716 0.031618369 6.095105 0.5
16.107625 0.84129965 -0.15305614 0.068190704 5.150288 0.5
5.6794676 8.3013138 -0.0084387799 0.00294692 3.059892 0.5
16.375284 8.8018513 -0.11182434 0.0038604519 3.692189 0.5
1.0002833 12.196971 0.0010396754 0.0082427286 3.246869 0.5
13.801054 25.634224 -0.070773265 -0.045742902 2.032293 0.5
8.2625908 9.320588 0.0059375956 -0.0098217385 6.136396 0.5
21.110138 17.427582 -0.064585188 0.013681821 4.563161 0.5
13.696797 13.108822 -0.056804582 -0.014554157 5.916686 0.5
24.658317 22.032118 0.0016205533 -0.01466416 1.344992 0.5
13.647998 16.989929 0.0061460998 0.009207935 3.633442 0.5
25.795961 18.681712 -0.015314494 -0.0079687657 2.78777 0.5
22.761497 12.131664 -0.045924371 -0.07043846 1.483056 0.5
11.20026 17.148701 -0.059092222 0.011845003 0.879468 0.5
5.6519374 15.82747 0.00164777 0.0088438452 4.923104 0.5
17.733017 23.875172 -0.025910224 -0.0064280334 5.350229 0.5
17.307704 13.423998 -0.055469448 0.0080009478 1.508644 0.5
14.750175 6.5928721 -0.13449694 0.045360114 4.32761 0.5
1.7164689 16.204978 0.0011143849 0.007125048 1.3724 0.5
10.257745 22.8997 -0.0004506687 -0.00012572043 2.64206 0.5
16.740847 6.9295069 -0.067844508 0.086474939 2.466218 0.5
16.533197 23.842497 -0.035823775 0.0042992913 0.69625 0.5
13.403326 15.688487 -0.062499548 0.01680001 0.502972 0.5
20.592025 19.222699 0.019559775 0.025879684 4.066135 0.5
19.29559 4.2991175 -0.047182359 -0.11389028 3.026607 0.5
3.9227162 7.3709275 0.0015486708 -0.0023812811 6.171553 0.5
23.801547 23.09335 -0.0077147961 0.017830012 3.767955 0.5
10.698976 5.6044481 -0.0045579891 0.011603476 5.349705 0.5
12.562133 11.246612 -0.058914532 -0.00037968228 3.28374 0.5
12.469452 20.54644 -0.058606361 0.027470522 1.964272 0.5
12.183104 19.322159 -0.037468376 -0.0082521762 1.170799 0.5
23.199468 19.589284 -0.017457106 0.017325966 0.802835 0.5
20.710154 11.547297 -0.032347833 -0.023068733 5.063896 0.5
1.2348088 14.782921 -0.00147488 0.0042508404 2.243796 0.5
13.482332 18.393056 -0.0066823066 -0.027232884 5.270568 0.5
15.357175 9.6451932 -0.10346099 0.041241105 5.757172 0.5
22.859876 17.308579 -0.052019022 0.0076017308 5.271397 0.5
15.093146 16.87171 -0.017452656 -0.028071158 3.151318 0.5
20.987302 24.061101 -0.052590139 0.003027076 0.221595 0.5
9.8742034 11.82175 -0.0028217363 0.0037703752 1.510648 0.5
7.4611981 2.4364905 0.00019325129 -0.00027445549 5.29405 0.5
18.590567 23.153799 -0.063560352 0.023134894 2.737677 0.5
22.262553 15.442561 -0.035333239 -0.010202872 4.134415 0.5
8.7619714 7.6897976 -0.0034370934 -0.0075843109 1.432456 0.5
6.9668775 4.4324203 0.00075062587 0.0015966874 2.840655 0.5
19.265429 13.125797 -0.011756295 -0.0061467461 2.899005 0.5
15.467686 26.200819 -0.030458787 0.0010796612 4.137855 0.5
9.5663734 2.5448018 -0.010237285 0.0094169688 1.992807 0.5
17.755875 18.36181 -0.029250941 -0.0092513949 0.375558 0.5
3.1453142 17.106928 0.001539544 4.0119636e-05 0.629977 0.5
16.13196 16.077747 -0.09806514 0.04281468 5.301885 0.5
19.040667 11.989746 -0.087915753 0.11489872 1.197725 0.5
19.952369 25.929607 -0.06120044 -0.002296738 2.939026 0.5
13.592663 20.730203 -0.047061969 -0.020588266 3.912909 0.5
26.219277 9.0443518 0.023945771 -0.027543706 3.115045 0.5
15.314443 27.357275 -0.038993917 0.014682128 1.662001 0.5
12.196854 22.894504 -0.016652614 -0.0065348093 0.131507 0.5
