# x y vx vy theta radius
5.611232 24.229972 -0.66415346 0.092311957 2.9301209 0.5
19.549642 6.4227413 -0.00099295074 0.0025934518 1.764168 0.5
20.943451 23.675672 0.012220968 -0.01681578 3.951996 0.5
16.165965 12.464354 -0.002368013 -0.0052656158 4.259518 0.5
5.3341026 20.376522 -0.2817484 -0.10312832 1.882067 0.5
3.2666447 11.122642 0.033400705 0.00068843812 0.92276 0.5
25.045611 19.36791 -0.0021154101 -0.00075587615 4.981497 0.5
9.6001885 13.345754 -0.02283209 -0.022752781 0.663689 0.5
12.103772 13.700785 0.018964929 0.019567305 4.599871 0.5
23.15946 20.166676 -0.0027748972 0.0013672856 3.315122 0.5
13.549386 6.4718 -0.0022975005 -0.00091191315 5.224588 0.5
2.0072586 12.226317 0.002180757 -0.022095431 4.739779 0.5
16.524604 16.466282 0.0042533406 0.015529343 0.624425 0.5
6.8945505 2.7779433 0.022634349 -0.033535503 0.734434 0.5
12.661715 0.96962631 0.00020573098 -0.00077742214 4.989084 0.5
16.173861 10.145266 -0.008612216 0.0009547376 2.508867 0.5
7.4124733 13.540427 0.017807611 -0.034788181 5.939565 0.5
22.919753 6.7040112 -0.0070740724 0.0024677085 0.028815 0.5
26.792932 16.23237 0.0015465441 -0.0014225392 3.449449 0.5
12.572815 8.9778352 -0.0033832229 0.0033672372 0.592282 0.5
15.354638 27.178602 0.010280718 -0.0093026558 6.045768 0.5
20.913714 2.7452247 0.00028710893 -0.0019755817 0.890473 0.5
7.8029696 6.4892277 0.035922744 0.026070121 2.353219 0.5
12.142256 19.075255 0.04119981 -0.045611859 1.672869 0.5
2.8249097 17.983093 0.013245699 0.023106538 4.21507 0.5
13.368189 15.902326 0.055110886 -0.09297944 0.4829 0.5
8.3947061 20.090777 0.016260501 -0.004690273 6.274711 0.5
18.848076 1.5601564 -0.0029760442 -0.00075490106 1.301021 0.5
6.1055111 15.269169 0.041426154 -0.016196471 3.538852 0.5
18.673812 24.403943 0.0345564 -0.030951007 1.72413 0.5
9.5609227 15.957718 -0.054678612 0.010511071 0.779811 0.5
11.903098 4.4225397 0.00011890718 -0.00016902191 1.209651 0.5
20.270843 7.8332571 0.0016016695 -0.0026512245 5.377079 0.5
10.970994 2.5109212 8.6130237e-05 0.00019461184 3.122843 0.5
22.040927 10.021153 0.0061677096 0.0036727546 4.105439 0.5
10.969896 12.794883 0.021748205 -0.0024705989 2.246795 0.5
10.875253 5.4778234 -0.0015800281 0.0019191454 3.468535 0.5
4.2244779 21.738396 -0.15015759 0.038851826 5.532293 0.5
8.0622471 1.9636284 0.002311591 0.0043800186 0.531572 0.5
7.4642939 14.690511 0.0036415621 0.0033305171 5.261584 0.5
17.257374 5.0115776 -0.0035136256 0.0043617296 0.040113 0.5
14.06486 14.464251 0.034973056 -0.028856963 4.576591 0.5
13.449451 24.367261 -0.012525902 0.031871806 0.209824 0.5
7.2369776 5.5175066 0.019298479 -0.0082567481 1.770879 0.5
13.567835 22.442393 0.12791063 0.17936048 4.791815 0.5
6.8297053 21.17154 -0.18056004 0.13053199 2.522673 0.5
8.31709 8.8973423 0.0068716595 -0.054141173 3.232151 0.5
24.129073 16.17329 0.0017468874 0.0087462897 0.943125 0.5
11.470701 18.090376 0.13936888 -0.11343525 1.031271 0.5
12.020805 1.9298196 -0.00048063414 -0.0012752396 1.523797 0.5
9.2660955 17.321018 0.047598365 -0.064077107 1.787492 0.5
4.4057279 10.91482 0.020511321 -0.022689309 3.056837 0.5
6.3123426 11.836936 0.030164767 -0.028858444 3.332967 0.5
18.776927 9.0148138 -0.0011806098 0.0030656725 3.889918 0.5
10.250508 18.091454 -0.032555157 0.068678785 1.775857 0.5
5.354307 21.586661 0.016569783 -0.18659804 4.33857 0.5
25.787446 9.5770548 0.0019776644 0.0034278122 2.652322 0.5
14.142729 1.724255 -0.00020273302 -0.001166396 1.360759 0.5
6.3955671 14.159607 0.01146847 -0.016976395 1.350476 0.5
8.7292815 3.1047989 -0.00094221558 0.0003674057 3.139709 0.5
15.367539 0.87272065 1.0870811e-05 -8.8787989e-05 3.877928 0.5
19.062995 7.5477809 0.00054518014 -0.0014271552 4.111005 0.5
10.872392 16.959709 0.0088439004 -0.10230282 4.354529 0.5
9.6087122 10.966154 0.033082264 -0.058421324 1.958136 0.5
1.2803779 9.8742245 0.021047999 0.014851956 1.935129 0.5
1.0171704 15.473881 0.0049970724 0.0086803309 0.983243 0.5
17.698263 1.1422519 4.4226656e-05 -0.0034316612 4.524452 0.5
4.6253704 17.227285 -0.21637805 -0.23497085 4.628506 0.5
8.6588981 14.167593 0.0066485107 -0.01543523 4.619789 0.5
7.2384007 11.08729 0.022073412 -0.00991947 6.246698 0.5
13.212441 13.263138 0.030111336 -0.042991625 2.597917 0.5
8.9836575 9.8266285 0.0056475971 0.022932887 5.540445 0.5
4.4746813 4.9501197 0.016998989 -0.036953334 1.135786 0.5
16.746417 11.388814 0.0065630433 -0.010350819 0.649744 0.5
1.060801 17.344586 0.0082114521 0.011273948 4.647872 0.5
21.508208 25.113527 0.0079771852 -0.034741723 3.116928 0.5
11.260154 10.191805 -0.0046953357 -0.003472999 1.058365 0.5
17.022087 3.380126 -0.0024012993 0.001016086 1.223223 0.5
4.1603186 20.492068 -0.003985062 -0.068953054 6.185729 0.5
13.911095 9.5538639 -0.011946852 0.0025254839 5.03693 0.5
25.551405 7.3241105 0.00071044589 0.0065276253 0.158334 0.5
22.057773 5.1826496 0.0022003758 -0.00053687097 0.09489 0.5
17.902044 7.383353 0.001183012 -0.00032239899 3.182579 0.5
8.4362363 11.654699 0.0090592445 -0.062303054 5.999337 0.5
8.5281769 15.348291 -0.0062164551 -0.018375507 0.712677 0.5
15.852684 14.298114 0.038531824 -0.014406935 1.70588 0.5
20.599317 9.3407106 -0.0010653558 -0.0080231392 5.092516 0.5
5.0750869 3.9747213 -0.016387949 -0.0065271774 0.506989 0.5
14.147968 17.702555 0.0647834 -0.11171473 4.452103 0.5
10.969216 14.275969 0.0026506598 -0.044890781 3.429354 0.5
8.9474455 7.1468289 0.0001516681 0.00012918099 5.942963 0.5
7.2742162 15.885447 -0.08070388 -0.83086674 2.062723 0.5
5.642757 7.0189718 0.04344835 -0.041906103 2.598321 0.5
12.655941 5.3946222 -0.0011932373 0.0017807488 6.159219 0.5
5.9071313 4.9476113 0.0086642949 -0.0050723074 1.488917 0.5
23.226661 23.603985 -0.004431175 -0.011462121 1.927238 0.5
18.488759 5.9262327 -0.0042763649 -0.0030574391 3.98558 0.5
3.0203451 8.8064216 0.019815784 -0.012598816 3.515453 0.5
2.1390599 10.968793 0.018378533 -0.05098972 3.362574 0.5
17.660176 10.098084 -0.00078182905 -0.0086532268 2.617045 0.5
24.687079 10.220778 0.008918059 -0.0033132338 4.416501 0.5
14.862698 4.4877906 0.00097782699 -0.008769964 2.357123 0.5
12.882603 10.627169 -0.00074707245 -0.0074080501 0.027213 0.5
24.345777 22.253127 -0.0051846856 0.00029415918 3.270335 0.5
18.258077 25.804293 -0.0040611564 -0.012907413 5.133302 0.5
3.551088 5.6266 0.012817918 -0.063985776 4.163048 0.5
2.4885058 9.8446564 0.023903718 -0.033020825 3.93618 0.5
21.562631 16.114263 0.0063924641 0.0026761498 5.951127 0.5
19.816621 11.036086 -0.00054478486 0.0058562605 4.082451 0.5
3.2304865 13.144125 0.011028102 -0.041118901 1.780305 0.5
18.016015 2.5722409 7.1583326e-06 0.00082701544 2.847882 0.5
20.598826 20.183874 0.017925458 -0.036175011 1.767937 0.5
24.994646 13.717489 0.010066804 0.0056875603 0.00135 0.5
11.99545 7.4864182 8.6935402e-05 8.4963488e-05 5.312468 0.5
17.093683 6.1856266 -0.0026272155 -0.0013377692 0.320289 0.5
12.792902 18.14703 -0.0069862635 -0.011548862 0.581132 0.5
1.6888288 18.427723 0.020662888 0.0010149343 3.087421 0.5
22.407585 15.220881 0.0040037595 0.0019445479 3.560403 0.5
26.802707 11.51847 -0.0028068622 0.0046899218 0.555117 0.5
15.337514 7.2780626 -0.0028895566 -0.010930426 6.220608 0.5
8.3936554 22.305345 0.056635029 -0.016956476 5.652715 0.5
11.714218 16.236231 0.14798761 -0.12885776 0.827952 0.5
7.3481881 12.31935 0.026644199 -0.011139423 1.054048 0.5
26.329845 12.846389 9.9166566e-06 3.6179572e-05 0.319962 0.5
13.346175 7.7418258 -0.00069574686 0.003886582 2.464344 0.5
23.692467 5.0346636 0.0033234456 -0.0031472809 3.780782 0.5
7.7428386 10.06488 0.018960405 -0.024354012 0.745414 0.5
6.3131509 12.991664 0.013338631 -0.027535674 3.348875 0.5
4.1467585 8.8342837 -0.0188435 -0.017335204 5.365761 0.5
5.8861844 9.2342605 0.018076217 -0.012162652 0.445642 0.5
19.145695 3.5878377 0.00058863479 -0.0045012542 2.979068 0.5
11.727221 20.558155 0.1771491 -0.020999362 2.813895 0.5
1.8595296 19.573071 0.018646108 -0.089266046 4.039246 0.5
2.2297059 7.5099608 -0.014775305 -0.053299512 4.602055 0.5
3.657447 7.7609678 -0.0028661792 0.011795748 1.676583 0.5
14.46881 8.1670442 -0.0025014498 -0.0010587675 1.207935 0.5
20.499216 3.9026627 -0.0054676259 0.0025534007 6.164191 0.5
12.911272 3.8677801 9.3316075e-05 4.2452436e-05 1.491784 0.5
18.038629 4.0201813 -0.0020994419 -0.0033211836 6.269379 0.5
1.9396976 14.549174 0.015452082 -0.019174003 0.35856 0.5
5.5690231 10.851071 0.00059002792 -0.020163573 0.326238 0.5
15.20388 10.802978 -0.0036405496 -0.010329909 1.608548 0.5
13.220608 20.860424 0.094375446 -0.051105262 2.616667 0.5
8.4066614 16.533658 0.45844551 -0.35680005 0.410672 0.5
20.502394 22.570511 0.03204347 -0.024220992 3.210668 0.5
17.084732 21.14907 0.020106267 -0.050988898 0.309541 0.5
19.764837 2.5409452 -0.010442953 -0.0033665388 1.761874 0.5
3.1034864 14.258618 0.012185161 -0.031366119 4.731547 0.5
3.2339564 6.7255272 0.06556151 -0.023184029 0.313065 0.5
9.9680582 4.781389 0.0020170647 -0.0039760427 0.087229 0.5
19.909376 25.5573 0.0022544219 -0.016676523 5.713071 0.5
15.127154 16.75723 0.13491504 -0.10350822 0.34983 0.5
2.2280903 17.014374 -0.00027174545 0.0016019325 2.015368 0.5
1.9436867 13.382635 -0.011882252 -0.00020268229 0.42176 0.5
0.58084901 14.437916 0.02108538 0.023035165 5.580866 0.5
17.134135 8.4431116 -0.0010136758 0.0016506784 4.066321 0.5
13.32511 11.873074 0.022633632 -0.016693502 5.863794 0.5
12.095799 23.829671 0.0067726297 0.024346256 5.355125 0.5
11.914753 3.2341263 -0.0001262096 -7.7259987e-05 5.404824 0.5
11.438588 0.84175887 0.015952506 0.002471783 1.361005 0.5
3.0325453 21.529116 0.10720185 -0.1144327 5.19755 0.5
6.9146475 7.2845839 -0.0047871236 -0.008358435 5.853071 0.5
22.899661 4.0830234 -0.002295815 0.00079313842 2.830697 0.5
3.5892762 19.327488 0.010072621 0.038177403 3.251414 0.5
5.4027712 18.01816 -0.13702722 -0.060705822 3.305262 0.5
6.1999627 16.463463 0.0053977124 -0.037333652 3.841898 0.5
10.653531 19.296415 -0.045640832 -0.068172117 4.917041 0.5
8.4903705 12.910273 0.015800516 -0.0048627535 1.726803 0.5
15.372332 21.075199 0.19036368 0.11867392 2.534849 0.5
4.1620364 13.809007 0.012524404 -0.032354014 1.985571 0.5
24.205595 8.8793054 0.0017627934 0.0012365359 5.636684 0.5
6.5619233 10.16073 0.01514321 -0.0089882077 0.642493 0.5
5.2344627 22.805074 -0.40799465 -0.55952431 5.796573 0.5
9.46623 21.578594 0.044861375 0.011777937 4.738871 0.5
8.2101124 17.98779 -0.035836028 0.0058270959 1.568073 0.5
9.46489 8.7775222 0.026768485 -0.030494882 2.749741 0.5
5.0664987 16.10313 0.02323126 0.003850942 1.171823 0.5
6.1112621 18.948758 -0.086947181 0.12361202 2.226958 0.5
4.5248803 6.9209828 0.001997936 -0.04740964 1.548545 0.5
16.237266 23.196041 -0.0028389013 -0.026728595 3.653333 0.5
14.543223 19.980047 0.1703094 -0.097753717 4.394256 0.5
13.780182 0.63368616 9.7226024e-05 -8.4979457e-05 0.605652 0.5
1.8290562 8.7245529 -0.0062638062 0.00026174857 3.106146 0.5
24.19126 6.5132302 0.0048058963 0.0040579699 3.095002 0.5
20.674202 6.751281 -0.0024481533 -0.0026436894 1.841384 0.5
13.738472 4.9350837 -0.0015432934 -0.0060770962 6.034028 0.5
11.430348 6.5150345 3.8692336e-05 8.1399941e-06 1.857551 0.5
0.77446041 12.148499 0.016926772 -0.0071480769 1.702664 0.5
10.380737 8.1215189 0.042185201 -0.038978784 1.16125 0.5
19.505237 21.151657 -0.0057823616 -0.025081042 4.720586 0.5
0.6695422 13.293636 -0.0055163952 -0.020445815 0.205718 0.5
3.840262 12.15724 0.010733786 -0.020300945 5.820667 0.5
21.663651 7.6316326 0.0024361939 -0.0012867807 3.894129 0.5
16.258412 15.34962 0.022333299 -0.0028900687 3.074393 0.5
8.384179 4.3608619 0.043000352 -0.029380977 0.467747 0.5
10.682448 15.529756 -0.0016887686 -0.073762001 5.60533 0.5
7.5427582 23.57403 0.094743637 -0.086888012 6.227367 0.5
8.3966153 5.4885156 0.0085907051 -0.023810242 5.177094 0.5
6.8823047 18.041925 0.16234382 0.024309596 0.203779 0.5
10.727237 11.614048 0.02197606 -0.069566853 6.095105 0.5
10.206028 9.6583654 -0.00035305408 -0.0078388212 5.150288 0.5
8.0074024 7.8028189 0.0013162764 -0.0066334355 3.059892 0.5
10.841292 3.7833948 -3.5263308e-05 -1.7889445e-05 3.692189 0.5
10.334787 6.88456 0.00017799641 -4.3687885e-05 3.246869 0.5
9.1092081 1.5112514 -0.0030002527 -0.0047113217 2.032293 0.5
15.555601 18.086901 0.053452306 0.0080529775 6.136396 0.5
15.704294 2.0303666 -0.00013747168 -0.0019841097 4.563161 0.5
12.000291 12.042183 0.0021839052 -0.047786553 5.916686 0.5
9.7992221 2.7269417 -0.001018535 2.5146972e-05 1.344992 0.5
13.029053 2.7363155 -0.00088382243 0.0019668977 3.633442 0.5
7.2357471 22.281855 0.02707514 0.033801723 2.78777 0.5
1.0131227 11.040845 0.02324248 -0.0074533738 1.483056 0.5
21.86625 19.464192 -0.0049201587 0.0018575502 0.879468 0.5
14.062859 18.942382 0.019660805 -0.024049114 4.923104 0.5
7.4148791 17.030751 0.09736174 0.098811794 5.350229 0.5
2.2138016 15.821117 0.020152363 -0.00088885719 1.508644 0.5
19.69012 12.187197 -0.00076999264 0.0012511237 4.32761 0.5
18.35683 11.415623 0.0029731664 -0.0045698429 1.3724 0.5
3.6983784 9.9917224 0.011307873 -0.017175839 2.64206 0.5
21.715833 4.0999839 -0.0023013773 0.0074549935 2.466218 0.5
20.189931 14.399424 -0.0029585551 -0.0024677449 0.69625 0.5
9.6803725 12.114093 0.016641701 -0.0048575391 0.502972 0.5
17.886782 18.906439 -0.00045156653 -0.0093391338 4.066135 0.5
16.031553 4.5676016 -0.002660403 0.00049091089 3.026607 0.5
4.9541839 8.0481554 -0.031168177 -0.024436414 6.171553 0.5
24.750382 12.207102 -0.0015838344 -0.0070140006 3.767955 0.5
20.866852 5.2076278 -0.0027715388 -0.0018311277 5.349705 0.5
2.5935305 20.41339 0.040193239 -0.032532923 3.28374 0.5
6.2310059 6.0507412 0.024651363 -0.016648505 1.964272 0.5
9.6454962 19.838786 -0.074091948 0.012046724 1.170799 0.5
11.410438 8.8759201 0.0057687525 0.0040394285 0.802835 0.5
9.4999958 5.8034823 0.023208173 0.010046893 5.063896 0.5
5.0719967 12.981837 -0.0015603615 -0.027519541 2.243796 0.5
5.0174514 11.855252 0.0027808994 -0.029756455 5.270568 0.5
3.7641531 15.2614 0.05567064 -0.026590151 5.757172 0.5
16.920748 1.9728669 -0.00079356617 -0.0027469959 5.271397 0.5
6.1061045 8.0658816 -0.0019124651 -0.00023900481 3.151318 0.5
7.4971959 18.986902 -0.0091413789 -0.034456361 0.221595 0.5
12.667854 17.030695 0.027539954 0.0030166151 1.510648 0.5
18.141806 22.010195 0.036638268 0.0221029 5.29405 0.5
7.1881374 4.2718357 0.016554859 -0.020356726 2.737677 0.5
16.510909 7.4820135 -0.0045651671 0.0040070007 4.134415 0.5
12.190209 15.117666 0.072462066 -0.044540455 1.432456 0.5
14.723958 23.819607 0.064829999 0.031542169 2.840655 0.5
6.1740986 3.713744 0.0083445608 -0.017644193 2.899005 0.5
22.110694 13.075538 -0.0014914499 0.0044527253 4.137855 0.5
15.117485 5.8158092 -0.0031180343 0.0052810191 1.992807 0.5
5.3010263 14.448403 0.023805182 -0.0087075603 0.375558 0.5
9.7607791 14.495256 0.027028926 -0.035367669 0.629977 0.5
7.1581601 9.0360883 -0.00069804369 -0.012670901 5.301885 0.5
19.428382 5.2978217 -0.0040717948 0.00092428919 1.197725 0.5
4.8794912 9.8742059 0.011704018 -0.051026114 2.939026 0.5
5.106364 5.8915537 0.026924868 -0.036983477 3.912909 0.5
15.705882 8.5403805 0.0073137723 -0.0010572055 3.115045 0.5
14.201596 3.0443972 -0.0011169149 -0.00067930449 1.662001 0.5
10.356679 1.5641946 0.0044916885 0.0076139645 0.131507 0.5
