# x y vx vy theta radius
26.211841 11.202012 0.87832403 0.63912076 5.8976475 0.5
13.252204 14.882232 -0.011096603 0.026451971 1.764168 0.5
11.975173 21.282406 0.031786531 0.016219476 3.951996 0.5
9.1431857 14.669595 -0.0057751684 -0.034124844 4.259518 0.5
4.7173205 17.530475 0.0041810741 -0.012580979 1.882067 0.5
9.7474692 9.5006447 0.0013145501 -0.050205195 0.92276 0.5
10.182677 19.232296 -0.082134854 0.010007019 4.981497 0.5
16.594654 23.97092 0.013329322 -0.0044795211 0.663689 0.5
4.0192272 19.43267 0.016811748 -0.0020563208 4.599871 0.5
9.0028833 25.375908 0.052340795 0.026066367 3.315122 0.5
10.097118 2.0021372 -0.0025665852 0.0037875824 5.224588 0.5
9.7867644 22.159884 -0.017132167 -0.0092531052 4.739779 0.5
14.955842 19.649839 -0.033025259 -0.0067621863 0.624425 0.5
6.4069629 23.809046 0.034056566 -0.045071954 0.734434 0.5
1.4997235 9.2221347 -0.0040366206 0.00052175496 4.989084 0.5
18.611537 2.1286419 -0.0047462018 -0.037830675 2.508867 0.5
18.861953 16.091951 0.075094762 -0.0024197851 5.939565 0.5
2.8103488 13.813156 -0.019312683 -0.0321796 0.028815 0.5
20.801418 18.462867 0.0041987813 0.02741138 3.449449 0.5
9.8781054 10.775761 0.014292814 -0.023951125 0.592282 0.5
10.911724 11.444563 -0.084411644 -0.00489614 6.045768 0.5
10.856298 3.4493153 0.0044391028 -0.0029368439 0.890473 0.5
5.9188674 13.849133 -0.005180384 0.01211675 2.353219 0.5
9.2734378 18.429832 0.0067164915 0.00079460307 1.672869 0.5
20.757436 24.098791 0.0044119947 0.068387682 4.21507 0.5
8.6264401 2.5486296 0.002767253 -0.0007056899 0.4829 0.5
22.68805 16.6966 0.039897084 0.027245081 6.274711 0.5
8.8836782 4.3414753 -0.0032072745 0.0063482146 1.301021 0.5
13.053867 20.42912 -0.034357824 0.018053584 3.538852 0.5
6.5217635 25.060159 -0.0035217363 -0.018775567 1.72413 0.5
12.103142 17.693976 -0.1278335 0.022207068 0.779811 0.5
4.7101116 11.804994 -0.0043328927 -0.0020176952 1.209651 0.5
17.863747 26.184973 0.0036374773 -0.03167449 5.377079 0.5
17.177063 19.651418 -0.038303188 -0.029000015 3.122843 0.5
18.637814 25.231984 -0.0042665142 -0.013615784 4.105439 0.5
19.68357 17.718345 0.049134216 0.011738656 2.246795 0.5
16.196503 21.769184 0.024063683 0.018784557 3.468535 0.5
5.3861394 24.2635 0.052172768 0.041844005 5.532293 0.5
2.9216639 6.7006217 -0.012344169 -0.0036565454 0.531572 0.5
2.1452886 7.7905736 0.0030976019 0.0050878084 5.261584 0.5
14.214644 14.105668 0.047078002 -0.014207568 0.040113 0.5
17.814492 3.922781 0.0069022138 0.0056498781 4.576591 0.5
24.684359 19.137046 -0.11747303 -0.016737502 0.209824 0.5
14.011393 3.923998 -0.044755088 -0.022005261 1.770879 0.5
5.1056974 14.906039 -0.026321021 -0.018091486 4.791815 0.5
7.6371388 11.761202 -0.021123189 0.012717805 2.522673 0.5
13.451519 1.0049807 0.0019901995 0.0012664914 3.232151 0.5
20.648912 19.589478 0.00047524719 0.0014781158 0.943125 0.5
18.52079 23.926222 0.0010567372 0.023664305 1.031271 0.5
20.457972 6.1975676 0.0081465326 0.0013896349 1.523797 0.5
3.5413199 11.542967 0.015913506 0.0069023572 1.787492 0.5
15.106446 23.650361 -0.07325129 -0.011323499 3.056837 0.5
13.32309 17.708184 -0.020177235 -0.053832592 3.332967 0.5
6.5199638 4.2148551 -0.042581413 -0.018981064 3.889918 0.5
5.9591498 9.5621376 -0.02566477 0.015650296 1.775857 0.5
5.8025244 12.347222 -0.01462357 0.015025686 4.33857 0.5
15.157209 2.0662568 -0.00030430129 0.0031732984 2.652322 0.5
4.9378328 18.676725 -0.014801278 -0.012312787 1.360759 0.5
18.081315 5.9980844 -0.0075198105 -0.00090942465 1.350476 0.5
10.066077 6.381284 -0.019036469 -0.044837099 3.139709 0.5
23.527353 21.595707 3.843994e-05 0.0068412569 3.877928 0.5
19.826095 20.438881 0.050310274 0.012387403 4.111005 0.5
11.632773 26.095788 -0.04748 -0.019389095 4.354529 0.5
10.941358 9.8960486 -0.029235968 0.001259004 1.958136 0.5
3.3299546 9.2488468 0.0077410878 -0.015653779 1.935129 0.5
6.1252988 6.8604513 -0.00067760068 0.0029647193 0.983243 0.5
23.045131 19.620864 -0.040314096 -0.0084114584 4.524452 0.5
13.87002 25.256457 -0.0088636794 -0.05196553 4.628506 0.5
3.4230359 8.0626164 -0.014429564 0.0059327687 4.619789 0.5
0.64254492 15.162539 0.015130865 0.048014035 6.246698 0.5
6.7624436 22.472914 5.0060125e-05 -0.00012200203 2.597917 0.5
18.705416 8.1253187 0.039001478 -0.011227571 5.540445 0.5
8.2204001 15.367554 -0.0089499964 0.012126314 1.135786 0.5
14.137043 18.719865 -0.022879723 -0.037297548 0.649744 0.5
4.9495346 16.384969 -0.0086237591 -0.0081151245 4.647872 0.5
25.447519 12.189573 -0.35242354 0.035708517 3.116928 0.5
10.827428 23.6734 -0.0075548529 0.012140386 1.058365 0.5
6.9382782 14.320693 -0.011414812 -0.036516477 1.223223 0.5
14.73959 27.192759 -0.0033337375 -0.0073624942 6.185729 0.5
1.4581146 10.35293 -0.0098003764 0.0057104912 5.03693 0.5
8.9735843 5.849285 0.039767202 -0.021271453 0.158334 0.5
2.7098154 12.357027 -0.022928316 -0.0021848248 0.09489 0.5
18.492778 18.224278 -0.062038085 0.032057508 3.182579 0.5
24.39498 11.465444 -0.069455353 -0.010985593 5.999337 0.5
7.5497228 24.620779 0.048751648 -0.030334076 0.712677 0.5
20.519037 22.895126 0.027412162 -0.0056471303 1.70588 0.5
27.092417 16.790758 -0.12484516 -0.023169426 5.092516 0.5
22.226971 18.858773 0.025080464 0.035644845 0.506989 0.5
7.7640379 20.208459 -0.008729688 -0.0056425308 4.452103 0.5
19.40574 23.200605 -0.011928677 0.014338203 3.429354 0.5
23.117242 17.861343 0.036612707 -0.045404319 5.942963 0.5
4.4688353 23.378021 -0.010725327 -0.011080802 2.062723 0.5
10.288805 14.051108 -0.0034020947 -0.019539881 2.598321 0.5
7.1263778 13.102915 -0.043066641 -0.012644316 6.159219 0.5
8.9390851 17.308113 -0.01000148 -0.029953589 1.488917 0.5
19.670461 24.547528 0.009037642 -0.0092270586 1.927238 0.5
6.564878 10.986103 -0.01022385 -0.0039434775 3.98558 0.5
12.192392 18.856132 -0.042148592 -0.0092115766 3.515453 0.5
16.7692 2.7470467 0.0092238021 0.00045547045 3.362574 0.5
10.35055 15.688006 0.0082853195 0.033693904 2.617045 0.5
14.864485 22.408942 0.014040934 -0.010503614 4.416501 0.5
3.692899 5.7640106 -0.032633388 -0.0059384399 2.357123 0.5
9.1160351 20.307864 -0.0095786685 0.0020301244 0.027213 0.5
10.245455 17.065192 0.0065992216 0.0063173574 3.270335 0.5
11.783339 24.330196 0.002758638 0.025493766 5.133302 0.5
4.9051524 22.082614 -0.065057423 -0.038141838 4.163048 0.5
5.5526225 23.082863 -0.041100675 0.0022937161 3.93618 0.5
9.7025633 23.600088 0.031021279 0.014984876 5.951127 0.5
23.69018 23.088949 -0.015247147 0.034036067 4.082451 0.5
1.6785188 18.776244 -0.027319688 -0.0026991965 1.780305 0.5
24.731402 17.061904 -0.21762165 0.022921245 2.847882 0.5
11.005406 25.151563 -0.023140487 -0.010552406 1.767937 0.5
17.598303 24.705589 0.072072563 0.0070335067 0.00135 0.5
15.713609 4.4179937 0.029395659 -0.0286732 5.312468 0.5
8.3909643 9.3261927 0.002262222 0.0013027492 0.320289 0.5
17.228201 22.252697 0.031630726 -0.026936631 0.581132 0.5
10.285382 20.465362 -0.050896898 0.015227306 3.087421 0.5
22.08291 21.663653 0.036735345 0.072884471 3.560403 0.5
18.361882 22.224961 -0.0021715634 0.0019108503 0.555117 0.5
10.449826 26.230753 0.032492455 0.0068797264 6.220608 0.5
21.961066 22.916548 0.065883816 0.027350483 5.652715 0.5
20.548311 21.595676 0.03315799 -0.0031430958 0.827952 0.5
18.586748 19.398486 0.017255695 -0.029877624 1.054048 0.5
4.1203313 15.461954 -0.010487982 -0.005724181 0.319962 0.5
20.845158 3.3655579 -0.75388444 -0.29726988 2.464344 0.5
17.482405 7.3416692 0.0017976872 0.03685937 3.780782 0.5
6.8820553 5.6446515 0.0007179265 0.0035172772 0.745414 0.5
4.8571199 9.220001 -0.00059457913 -0.0042928581 3.348875 0.5
7.8474004 19.013431 0.001845176 -0.0010995523 5.365761 0.5
22.093454 6.7550529 -0.0029476795 -0.0016243828 0.445642 0.5
7.6500869 4.6387307 0.014787627 -0.026030072 2.979068 0.5
12.824873 26.084333 0.016626546 0.057238916 2.813895 0.5
0.71991215 12.627033 0.012986732 0.016034231 4.039246 0.5
4.5662728 7.9949909 -0.030783121 0.0042592969 4.602055 0.5
0.80850867 16.287768 0.0072081732 -0.00017682563 1.676583 0.5
8.5696637 12.521236 -0.032445187 0.0071274816 1.207935 0.5
17.613194 21.118136 0.023642832 0.0048317761 6.164191 0.5
7.0308792 7.638453 0.019129524 -0.028182982 1.491784 0.5
19.49095 9.2420607 0.011824729 -0.013041096 6.269379 0.5
9.7061349 11.948845 0.02223156 -0.0090764937 0.35856 0.5
9.1838557 16.003606 0.028497995 0.0064350446 0.326238 0.5
9.9514785 24.751697 -0.052247017 0.029326155 1.608548 0.5
3.6574995 22.507903 0.005664988 -0.0073207512 2.616667 0.5
12.854147 24.788123 -0.091146627 -0.027839601 0.410672 0.5
16.18226 20.261645 -0.00034327563 -0.032581569 3.210668 0.5
7.8577543 25.821657 0.0014325817 -0.0079733337 0.309541 0.5
18.957961 26.481119 -0.017138156 -0.005078181 1.761874 0.5
8.1998785 21.872817 0.025236269 0.015230426 4.731547 0.5
7.1778326 9.963318 0.016319008 -0.036804482 0.313065 0.5
19.599384 18.869678 -0.081270941 -0.042852979 0.087229 0.5
24.901821 21.064643 0.018939454 -0.0079526187 5.713071 0.5
9.39239 26.59652 -0.018341232 0.00066091354 0.34983 0.5
8.7073284 23.037408 -0.027529253 -0.015513189 2.015368 0.5
7.388608 17.618724 -0.013973629 -0.0039769776 0.42176 0.5
11.266416 1.5608335 0.004329122 -0.0061316221 5.580866 0.5
6.6417206 2.9523255 -0.0013519103 0.0088158269 4.066321 0.5
8.4430339 13.7246 -0.0074580274 -0.011393414 5.863794 0.5
13.765748 9.6773652 0.032694975 -0.016270978 5.355125 0.5
23.071945 5.9986036 -0.24797151 0.06420896 5.404824 0.5
10.831885 13.057941 0.019020387 -0.0019059438 1.361005 0.5
3.9721719 21.303064 0.0067197125 -0.038438253 5.19755 0.5
12.105285 14.715933 0.03445675 0.0084729986 5.853071 0.5
13.669828 22.842741 0.0094227624 -0.026318983 2.830697 0.5
9.6693755 8.1812096 -0.056173247 -0.0062472979 3.251414 0.5
7.3175235 8.84575 -0.028660454 0.0020283325 3.305262 0.5
11.985142 20.01126 0.023960599 -0.001108009 3.841898 0.5
2.5463933 16.733349 -0.011652518 -0.0050986984 4.917041 0.5
21.611617 24.854044 0.0044263823 -0.0033465423 1.726803 0.5
11.12408 7.2613886 -0.015280798 0.0042316994 2.534849 0.5
3.8946408 10.31085 0.034977296 -0.088526133 1.985571 0.5
15.020564 26.016172 0.0075703556 0.06859474 5.636684 0.5
15.851138 17.347005 -0.018884371 -0.013105602 0.642493 0.5
2.3213768 17.857773 0.0044823022 0.025387573 5.796573 0.5
13.068693 27.316982 -0.031020894 0.0066406744 4.738871 0.5
3.3282654 20.317 -0.026454825 -0.041234661 1.568073 0.5
12.348272 8.318839 0.0046651884 0.0040831898 2.749741 0.5
1.9883297 11.386644 -0.0078773323 -0.015775652 1.171823 0.5
13.880728 26.464973 0.012021225 -0.029359166 2.226958 0.5
2.8116181 19.171046 -0.0037901256 0.046423415 1.548545 0.5
12.591791 22.285172 -0.03445345 -0.022052684 3.653333 0.5
24.009517 20.210173 -0.019344594 0.049273527 4.394256 0.5
5.3736853 10.89511 -0.03977512 -0.016433221 0.605652 0.5
2.7716795 21.351925 0.0064469549 0.021177055 3.106146 0.5
11.949883 27.230823 -0.069038766 -0.0018848859 3.095002 0.5
17.052091 14.54568 0.023882627 -0.029678718 1.841384 0.5
14.956821 12.13475 0.015060432 -0.0078160075 6.034028 0.5
24.739786 7.1126514 0.024836881 -0.11482275 1.857551 0.5
5.8626856 17.747891 0.027216489 0.030337938 1.702664 0.5
12.231342 2.8510799 -0.0038533276 -0.055334562 1.16125 0.5
14.923019 24.834392 -0.029129495 0.0093875693 4.720586 0.5
7.1176813 21.404276 -0.034409227 -0.0067943874 0.205718 0.5
1.7384782 13.161864 0.0076421132 0.0031808588 5.820667 0.5
16.948574 17.915818 0.028278538 -0.046217935 3.894129 0.5
26.756512 12.91162 0.0029249215 0.04890748 3.074393 0.5
15.015447 10.3505 0.066919721 -0.0059645168 0.467747 0.5
16.045533 25.011283 -0.0087421039 0.0098795266 5.60533 0.5
7.6077218 23.439792 -0.046621613 -0.040671573 6.227367 0.5
2.0076581 20.043044 0.033025423 0.049840401 5.177094 0.5
14.652966 20.893477 -0.012035458 0.010667584 0.203779 0.5
16.931527 10.459785 -0.0066584065 -0.070197353 6.095105 0.5
13.821708 24.052829 -0.0038934884 0.025684633 5.150288 0.5
1.8120317 15.645198 -0.032715179 0.024856355 3.059892 0.5
21.751866 8.7130103 -0.42307057 0.42653024 3.692189 0.5
4.0377876 6.839647 -0.0033028848 -0.02000512 3.246869 0.5
1.4514433 14.274703 -0.0074494764 -0.041558313 2.032293 0.5
26.250686 18.022075 -0.11458178 -0.10076339 6.136396 0.5
26.137639 19.365814 0.00053110985 0.044207757 4.563161 0.5
15.946308 27.123608 0.014646908 0.044432403 5.916686 0.5
8.201355 7.6150964 -0.0031485971 0.00061685632 1.344992 0.5
4.8015591 4.9937416 0.00014027922 -0.0031098264 3.633442 0.5
16.829311 5.7947592 0.023681355 -0.030820721 2.78777 0.5
5.979662 15.726382 -0.016288204 0.0059616142 1.483056 0.5
24.863845 13.354449 0.014485586 -0.067834492 0.879468 0.5
7.7542425 16.42912 -0.0074406301 -0.0013750047 4.923104 0.5
6.0062506 21.227244 -0.018698176 0.016044785 5.350229 0.5
17.077959 27.052379 -0.010169574 0.046272575 1.508644 0.5
6.6500357 16.690511 -0.0039078556 0.012576001 4.32761 0.5
12.714946 23.628341 0.026152585 0.016077602 1.3724 0.5
6.6205088 18.765814 -0.01299072 -0.015614187 2.64206 0.5
11.043429 5.8380759 -0.022018261 -0.049251493 2.466218 0.5
5.6213089 3.4938653 -0.001970803 0.0034286995 0.69625 0.5
11.933913 12.179018 0.016200097 -0.01271162 0.502972 0.5
8.6287939 24.295184 0.019731515 -0.011698669 4.066135 0.5
21.813934 20.304521 0.012023261 0.044600645 3.026607 0.5
5.259639 19.885905 0.0085182401 -0.0032746847 6.171553 0.5
16.464163 26.056281 0.0066148364 -0.072151169 3.767955 0.5
12.875044 7.2771582 0.0040289591 0.005821245 5.349705 0.5
2.9830813 15.372931 -0.039133011 -0.0057003562 3.28374 0.5
5.0139012 6.0985842 -0.0052542224 -0.0043768817 1.964272 0.5
17.565164 23.3254 -0.0092586794 -0.012245827 1.170799 0.5
4.9867032 13.193909 -0.0029576363 0.030752716 0.802835 0.5
12.540453 4.0325764 0.033154323 -0.0076615112 5.063896 0.5
8.5466923 10.66922 -0.066344226 -0.026145492 2.243796 0.5
3.4489097 18.154966 0.028314526 -0.035715371 5.270568 0.5
1.0308723 17.46258 0.0025281283 0.01139241 5.757172 0.5
12.588029 13.300167 -0.024334476 0.0064987449 5.271397 0.5
0.82547946 11.35247 0.038271288 -0.044189099 3.151318 0.5
6.4171446 20.083919 -0.028410279 0.056490452 0.221595 0.5
16.226177 22.898682 -0.01241711 0.022261784 1.510648 0.5
19.45852 21.937151 -0.03018703 -0.0049649547 5.29405 0.5
3.7937252 12.714621 0.0004635906 0.012484259 2.737677 0.5
22.777958 24.108841 -0.0078595691 0.011672132 4.134415 0.5
7.1004439 15.472202 0.011737771 -0.024501569 1.432456 0.5
3.9225072 13.998025 0.00771126 -0.019883032 2.840655 0.5
12.134741 5.1676981 0.02354405 0.018665344 2.899005 0.5
20.460662 16.453462 -0.047352286 -0.058229128 4.137855 0.5
24.476837 22.218981 0.015363392 -0.006471296 1.992807 0.5
10.995059 21.957982 -0.018688678 0.0061383501 0.375558 0.5
11.733297 15.835231 0.024191534 0.0090534604 0.629977 0.5
5.6832508 8.1504721 -0.0032671646 -0.006532379 5.301885 0.5
18.713898 20.697198 -0.037005811 0.027941342 1.197725 0.5
20.441167 25.777225 -0.002119158 -0.00513297 2.939026 0.5
3.709338 16.618689 0.048540874 -0.0080355217 3.912909 0.5
16.601751 12.01797 -0.012269576 0.0019325171 3.115045 0.5
15.593032 8.5949763 0.0099387403 -0.0027773091 1.662001 0.5
2.5844 10.283971 -0.00017745075 0.00036535985 0.131507 0.5
