# x y vx vy theta radius
6.6983959 15.202422 1.1826676 0.4020816 1.0489162 0.5
16.964273 3.5093117 0.061613192 -0.49309191 1.764168 0.5
14.449491 4.6306282 -0.18588823 0.54769261 3.951996 0.5
8.291268 7.4518074 0.46130439 -0.24855032 4.259518 0.5
14.805521 24.674018 0.16805745 0.40025499 1.882067 0.5
15.13626 21.398667 0.10083691 0.49753663 0.92276 0.5
3.0231397 7.1696912 -0.62706143 -0.17362335 4.981497 0.5
19.174894 9.558354 -0.067320808 -0.28685709 0.663689 0.5
8.1176605 23.057698 0.20682536 -0.25954333 4.599871 0.5
18.357271 22.827186 -0.28579317 0.015127492 3.315122 0.5
2.8424532 15.599575 -0.31878641 -0.88309214 5.224588 0.5
5.4974337 24.338872 -0.029398413 0.15240843 4.739779 0.5
7.7314362 3.3979579 0.29989008 -0.16193324 0.624425 0.5
24.138349 22.756712 -0.16430945 0.00048172225 0.734434 0.5
27.045135 17.181385 -0.085065198 -0.017592505 4.989084 0.5
5.9994412 21.412406 -0.56173247 -0.11537774 2.508867 0.5
16.443357 1.4643662 -0.54065451 -0.44839326 5.939565 0.5
15.24813 26.669092 0.056729248 -0.28580085 0.028815 0.5
1.0644771 17.563182 0.13274865 -0.052098063 3.449449 0.5
11.724565 23.416333 0.31832458 0.14793892 0.592282 0.5
13.212585 10.330506 0.35313817 0.12268886 6.045768 0.5
2.0168766 16.625425 -0.15296614 0.77892285 0.890473 0.5
10.320301 16.978513 0.10553239 -0.10208803 2.353219 0.5
6.4561736 8.7829214 0.024664572 0.41741768 1.672869 0.5
18.628504 25.1141 0.19662486 -0.51823301 4.21507 0.5
17.22406 19.044485 0.36653557 0.26724719 0.4829 0.5
15.186656 7.0505822 0.14731167 0.1464013 6.274711 0.5
10.58434 22.994985 -0.48764973 -0.51085127 1.301021 0.5
14.139762 13.265812 -0.2817234 -0.02545215 3.538852 0.5
10.956876 3.7780865 0.23839959 -0.36423969 1.72413 0.5
7.4739098 6.3704509 -0.070926558 0.14438726 0.779811 0.5
13.304456 16.641516 -0.030230874 -0.49326227 1.209651 0.5
21.271365 7.5442117 -0.40955884 -0.062006678 5.377079 0.5
21.796686 12.125741 -0.094854319 -0.23675311 3.122843 0.5
16.392069 12.012864 -0.036569967 -0.084853685 4.105439 0.5
17.972724 8.0958239 0.48309267 0.027723679 2.246795 0.5
23.561651 17.914485 -0.07335408 0.049909778 3.468535 0.5
12.265685 5.0465549 -0.43042398 0.36735343 5.532293 0.5
20.893873 25.28536 -0.72824492 -0.47293878 0.531572 0.5
5.9146723 4.854802 0.27108027 0.084030908 5.261584 0.5
21.88238 22.348197 0.096216742 -0.19470999 0.040113 0.5
6.5444773 9.8784709 -0.20427553 -0.13213665 4.576591 0.5
15.194645 8.5295479 -0.0042338305 0.2793321 0.209824 0.5
11.70647 16.648772 -0.091436367 0.39491046 1.770879 0.5
23.953553 19.633941 -0.48965826 0.24509745 4.791815 0.5
8.1895369 19.377102 -0.13562833 0.011832814 2.522673 0.5
14.379795 25.949692 -0.030158482 -0.40783536 3.232151 0.5
12.764807 9.1902804 0.050557754 0.35313671 0.943125 0.5
9.4054132 22.932317 -0.30990642 0.72285396 1.031271 0.5
21.819467 5.5741942 0.20548413 0.091050263 1.523797 0.5
18.546519 18.282276 0.15764865 0.16261986 1.787492 0.5
19.153721 5.1142821 0.20373207 0.04122992 3.056837 0.5
22.924037 10.705366 0.039938904 0.26709541 3.332967 0.5
19.659262 21.966771 -0.047564934 0.02488813 3.889918 0.5
4.909637 9.198341 -0.55657653 -0.0066343115 1.775857 0.5
21.854307 24.135934 -0.16918732 0.18049532 4.33857 0.5
8.8169834 16.833767 0.53178176 -0.46565666 2.652322 0.5
6.7500851 24.772237 -0.022735768 0.36741906 1.360759 0.5
11.832755 6.7957826 -0.30837564 0.44270239 1.350476 0.5
24.693788 17.500217 0.6690131 0.078656349 3.139709 0.5
17.383141 5.7272274 -0.061303841 -0.33697363 3.877928 0.5
13.685669 19.233965 0.092842477 -0.0095174787 4.111005 0.5
2.4300188 17.997961 0.36206565 -0.28261885 4.354529 0.5
21.372348 2.7731953 -0.040439477 0.25564189 1.958136 0.5
18.649882 26.556738 -0.038277925 -0.25326993 1.935129 0.5
9.625781 1.7576574 0.42860643 0.39021652 0.983243 0.5
20.087654 20.737201 -0.13566772 -0.35127021 4.524452 0.5
12.193745 2.5145508 -0.13684133 -0.52655046 4.628506 0.5
22.566641 13.099846 0.20633631 -0.42229189 4.619789 0.5
3.7190796 16.850238 0.13926622 0.41436294 6.246698 0.5
11.911182 14.757547 -0.075257906 0.096183816 2.597917 0.5
3.7718877 8.8327412 -0.00018067271 0.27928231 5.540445 0.5
26.007183 17.523936 0.20586206 0.0053568338 1.135786 0.5
15.709329 5.4283751 0.26404097 0.388664 0.649744 0.5
21.144105 17.084665 -0.0025668253 -0.67664824 4.647872 0.5
15.913856 14.963148 0.44546182 0.2218286 3.116928 0.5
20.751031 21.794237 -0.40010424 -0.29184814 1.058365 0.5
11.03934 10.801788 0.13268224 -0.025845192 1.223223 0.5
14.791225 10.262762 -0.0023790927 0.23907677 6.185729 0.5
20.131 2.0229047 0.10468945 -0.05303104 5.03693 0.5
15.613156 18.641729 0.0023855242 0.15837855 0.158334 0.5
5.3612947 19.950016 0.10781572 0.075403717 0.09489 0.5
8.7222695 2.4250758 0.62071047 0.89743479 3.182579 0.5
1.7536345 9.682191 -0.35911461 0.28073299 5.999337 0.5
7.7562764 10.838626 0.20789539 0.58351261 0.712677 0.5
13.004997 22.179481 -0.34743502 0.26392712 1.70588 0.5
5.9664228 13.431661 0.23635347 0.43927488 5.092516 0.5
6.6002003 3.4376408 0.18906805 0.094773196 0.506989 0.5
25.671105 11.904944 0.010417217 -0.42194226 4.452103 0.5
22.325667 16.358836 0.021162894 0.12601192 3.429354 0.5
24.594471 6.3568173 0.16840623 0.51141254 5.942963 0.5
11.469696 12.205538 -0.58182367 0.048969315 2.062723 0.5
17.491049 9.2053815 -0.027960843 -0.15536475 2.598321 0.5
24.149618 5.2787387 -0.38327039 0.31586216 6.159219 0.5
15.224493 1.7864668 -0.18034996 0.12456508 1.488917 0.5
13.985319 21.413449 -0.11595457 -0.042016222 1.927238 0.5
22.937194 20.194729 0.54049969 0.52352586 3.98558 0.5
26.772919 11.292592 -0.1477332 -0.0083251578 3.515453 0.5
13.28198 5.4387466 -0.27678057 0.11717308 3.362574 0.5
14.955117 15.67388 -0.14543088 0.31466822 2.617045 0.5
17.143481 23.46798 -0.64097051 -0.39045637 4.416501 0.5
9.0175283 20.725234 0.31542342 -0.66298804 2.357123 0.5
14.496974 0.75969759 0.20270411 0.069325634 0.027213 0.5
22.203167 3.939654 0.20313312 0.054472349 3.270335 0.5
14.076815 17.412619 0.20715416 0.25134857 5.133302 0.5
21.632928 20.516112 -0.17327249 0.054843101 4.163048 0.5
6.0422325 23.007939 -0.28449454 -0.058703832 3.93618 0.5
6.5842952 16.534776 -0.015459686 -0.53596255 5.951127 0.5
18.533122 19.681664 -0.19154211 -0.025270041 4.082451 0.5
12.041547 3.6397454 0.036073833 0.44890516 1.780305 0.5
19.814829 25.081481 0.26542347 0.012882865 2.847882 0.5
26.42448 19.112307 0.30690448 0.46799859 1.767937 0.5
22.989571 23.732215 0.040057698 -0.27490499 0.00135 0.5
13.076398 6.6106492 -0.26018004 0.088281776 5.312468 0.5
8.1111602 9.3710833 -0.16730437 0.42720062 0.320289 0.5
13.14768 23.442222 -0.21752347 0.036701101 0.581132 0.5
4.9768398 12.678589 1.042033 0.18615037 3.087421 0.5
16.275475 24.471882 -0.15685541 0.063981753 3.560403 0.5
19.674227 19.497733 0.51470957 0.036159451 0.555117 0.5
16.095094 6.4767531 0.2131903 0.055905026 6.220608 0.5
24.438022 21.5745 0.23382989 0.58677632 5.652715 0.5
19.1808 15.823246 -0.18633861 -0.22218259 0.827952 0.5
9.6650663 9.3218582 -0.34736193 0.16902283 1.054048 0.5
7.126668 4.8081477 0.33854905 0.17987604 0.319962 0.5
17.39816 25.277555 -0.097428832 0.0022326173 2.464344 0.5
16.437499 22.50861 0.18103081 -0.18230853 3.780782 0.5
15.686484 11.071005 0.052117672 -0.44382586 0.745414 0.5
10.453522 6.8646036 0.27885224 0.013620375 3.348875 0.5
6.6086552 18.094731 0.0341096 -0.42666951 5.365761 0.5
25.745211 10.639777 0.054300637 -0.084315984 0.445642 0.5
18.981694 23.861855 -0.22084025 0.48157286 2.979068 0.5
13.868999 15.083347 0.21505709 -0.32511568 2.813895 0.5
9.4746505 6.1580067 -0.27748731 -0.54026555 4.039246 0.5
17.915415 2.5433645 -0.044295122 0.1119152 4.602055 0.5
17.990665 16.015499 0.20090534 0.053147197 1.676583 0.5
24.810696 18.922399 -0.14070579 -0.20568627 1.207935 0.5
18.834749 20.782946 0.22412354 0.032287041 6.164191 0.5
25.440232 21.072756 0.0021252865 0.53733429 1.491784 0.5
22.036359 17.932841 0.0076938759 0.28379362 6.269379 0.5
9.1464311 4.7993885 -0.47401947 0.082443075 0.35856 0.5
21.009365 10.02159 -0.12758853 0.24167592 0.326238 0.5
2.0208987 8.3982256 0.98584342 -0.15779259 1.608548 0.5
14.17325 20.22896 0.20334712 -0.48433608 2.616667 0.5
10.822154 5.8424055 -0.14036483 0.39596297 0.410672 0.5
12.176618 13.093976 0.67476397 -0.19230557 3.210668 0.5
15.964593 13.125976 -0.27021161 -0.10668894 0.309541 0.5
11.871842 25.43088 -0.21297606 -0.41588898 1.761874 0.5
23.098957 21.741248 0.57854191 0.22971553 4.731547 0.5
6.391607 6.1272736 -0.34569144 -0.75198151 0.313065 0.5
11.356863 19.936552 -0.3025537 0.39055301 0.087229 0.5
9.436202 24.226414 -0.2234947 0.12205783 5.713071 0.5
25.779289 19.971598 -0.23629454 0.50816899 0.34983 0.5
17.454712 17.511336 0.086198301 -0.24176377 2.015368 0.5
3.8584656 6.3269059 -0.54819808 -0.16351056 0.42176 0.5
16.974704 13.800352 -0.58813918 0.14856711 5.580866 0.5
24.161192 7.8362625 -0.79778727 0.20954781 4.066321 0.5
18.839298 3.9733187 0.65969378 -0.17402951 5.863794 0.5
25.082462 16.485286 0.13970195 0.071086859 5.355125 0.5
5.2856293 18.494106 0.65144172 0.39441236 5.404824 0.5
13.962719 8.6431895 -0.24465513 0.057894231 1.361005 0.5
22.805372 19.115214 0.13638771 -0.024182481 5.19755 0.5
19.087631 8.4705094 0.14001783 0.57769156 5.853071 0.5
23.915239 12.289205 -0.072829156 -0.45483403 2.830697 0.5
8.3223902 25.82878 -0.10436746 0.42081472 3.251414 0.5
3.3001189 13.036538 0.10428186 0.23167859 3.305262 0.5
11.466479 21.787096 0.49878214 -0.55564798 3.841898 0.5
23.486023 9.1005621 0.079963664 0.5859053 4.917041 0.5
10.991871 1.4560469 -0.27802485 -0.52385763 1.726803 0.5
12.719114 7.7490965 -0.19244159 0.34763551 2.534849 0.5
24.827628 13.474827 -0.33823461 -0.0080932381 1.985571 0.5
16.890829 16.297041 -0.44173301 0.40205224 5.636684 0.5
18.931831 7.2518825 -0.053152275 -0.16531483 0.642493 0.5
14.62255 5.8374928 0.18111094 -0.47731789 5.796573 0.5
21.757474 14.6688 -0.064406508 0.19885176 4.738871 0.5
13.562092 1.4799551 -0.16330992 -0.14414544 1.568073 0.5
7.4688734 2.3285498 -0.10637028 0.045769754 2.749741 0.5
26.268831 13.350753 -0.024849867 0.36803021 1.171823 0.5
9.5012923 7.9408425 0.82149543 -0.064949751 2.226958 0.5
12.443181 26.968932 -0.029344459 0.20740733 1.548545 0.5
24.811945 8.9272013 -0.34721725 -0.078522567 3.653333 0.5
16.520918 27.155735 0.16088505 0.054009325 4.394256 0.5
24.091199 10.236411 -0.2314173 0.12929887 0.605652 0.5
1.4743415 14.047704 0.59624475 0.47753757 3.106146 0.5
10.755242 2.5370326 0.0078318021 0.27057552 3.095002 0.5
10.4 26.165401 0.22731402 0.25582648 1.841384 0.5
10.949792 8.1390601 0.59188548 0.031485091 6.034028 0.5
9.6411455 3.749477 0.04326097 0.42287805 1.857551 0.5
15.715463 20.413273 -0.30076497 0.084775988 1.702664 0.5
11.192839 13.76268 -0.14148742 0.56639432 1.16125 0.5
7.6772896 17.049417 -0.083096016 -0.03451775 4.720586 0.5
18.201628 14.703674 -0.24237695 0.8391574 0.205718 0.5
15.991159 25.508943 -0.28257292 -0.30679045 5.820667 0.5
20.134282 3.2258057 -0.22848469 0.89848621 3.894129 0.5
5.7130585 11.544437 0.77595458 -0.080390786 3.074393 0.5
5.2595026 15.952866 -0.46394164 0.7066215 0.467747 0.5
27.129702 12.595706 0.18229143 -0.36448972 5.60533 0.5
21.1521 13.079701 -0.023651969 -0.20224333 6.227367 0.5
1.9597546 20.001349 -0.46666413 -0.33040046 5.177094 0.5
27.292159 14.019454 0.34287258 0.11888028 0.203779 0.5
2.5297572 11.73813 -0.40070558 0.47026516 6.095105 0.5
12.493631 0.85200521 -0.46205917 -0.27196403 5.150288 0.5
18.311497 10.472954 0.30915028 -0.041109897 3.059892 0.5
18.081046 12.068622 -0.32559509 0.44606802 3.692189 0.5
20.534365 11.461966 0.16820303 -0.098370096 3.246869 0.5
25.729201 7.9725968 0.080978132 -0.16400414 2.032293 0.5
17.886537 24.296448 0.021439523 0.27497806 6.136396 0.5
19.753239 12.409925 0.26667653 -0.47789607 4.563161 0.5
16.88859 4.6165646 -0.020685403 -0.17673994 5.916686 0.5
23.375818 6.9908488 -0.31414694 0.25292592 1.344992 0.5
17.588779 21.951099 0.27805765 -0.20638177 3.633442 0.5
17.503091 1.1545847 0.16851948 0.51707858 2.78777 0.5
19.071877 2.6438602 0.073955747 -0.0079995587 1.483056 0.5
12.90636 12.203152 -0.19301418 -0.44253417 0.879468 0.5
20.283782 14.805085 0.5014949 -0.039647003 4.923104 0.5
15.902572 2.8930104 0.073555208 -0.17703378 5.350229 0.5
7.0500735 11.697273 -0.31832746 0.12557512 1.508644 0.5
20.108015 18.409274 0.088298488 0.2393882 4.32761 0.5
12.069584 10.430984 0.10482011 0.25835207 1.3724 0.5
9.9529826 12.219811 0.3535134 0.6860495 2.64206 0.5
8.2026876 13.836747 -0.15761736 0.47150981 2.466218 0.5
8.6842525 12.82336 -0.45285796 0.041622126 0.69625 0.5
4.8378993 17.311737 0.59926604 -0.51798113 0.502972 0.5
5.2097749 7.2430244 0.67330464 -0.1364429 4.066135 0.5
14.829543 12.414106 -0.074477608 0.56510802 3.026607 0.5
20.797839 8.9038908 0.32502113 0.20616292 6.171553 0.5
23.071273 5.1458729 0.046560317 -0.15978549 3.767955 0.5
23.313939 15.275075 0.026484008 -0.18761543 5.349705 0.5
10.78128 15.825002 -0.2537906 0.067356914 3.28374 0.5
20.171817 16.416488 0.084634372 0.74775645 1.964272 0.5
1.6943387 10.868877 1.0462794 -0.064419344 1.170799 0.5
25.850861 9.5001513 0.2472026 0.11364948 0.802835 0.5
7.7342393 18.275318 0.4510497 0.10902932 5.063896 0.5
17.121408 7.4007389 0.41577433 0.23745206 2.243796 0.5
20.145624 7.7664602 -0.126692 0.14854123 5.270568 0.5
4.4229687 15.019041 -0.34506954 -0.46578112 5.757172 0.5
3.5489215 18.934318 -0.19287434 0.49921343 5.271397 0.5
16.308377 8.6878389 -0.19290195 0.11008601 3.151318 0.5
20.527843 6.6911342 -0.58583031 0.26311853 0.221595 0.5
21.014667 4.2762582 0.11104014 0.25867128 1.510648 0.5
7.8939799 21.44778 -0.11790623 -0.55902697 5.29405 0.5
12.641456 24.621451 -0.33628176 -0.35601769 2.737677 0.5
21.909996 9.1802755 -0.02038055 -0.44407422 4.134415 0.5
9.1409624 15.436353 0.78324094 0.46904681 1.432456 0.5
22.485391 8.1792128 0.26269776 0.22056059 2.840655 0.5
27.293238 15.325579 0.19029895 0.17076418 2.899005 0.5
4.706804 10.685817 -0.34529626 0.17604888 4.137855 0.5
15.140226 16.936909 -0.34980467 0.014700452 1.992807 0.5
9.5217939 10.903264 0.060283404 0.34303222 0.375558 0.5
23.682069 13.448811 0.0090146041 -0.39338829 0.629977 0.5
9.4138751 25.554927 -0.059602595 -0.40189179 5.301885 0.5
15.645646 0.66793094 0.046183619 0.30673174 1.197725 0.5
18.536394 17.039644 0.021552995 -0.099859418 2.939026 0.5
13.285976 3.1190416 0.13008138 0.066537204 3.912909 0.5
15.736201 4.0014989 0.20324178 0.15719538 3.115045 0.5
13.796668 11.388088 -0.17948735 0.46599722 1.662001 0.5
4.6412586 4.8087104 -0.20105521 0.3572179 0.131507 0.5
